703 0.9775745602663927 0.05217819303924287 0.03924818380210837 0.08334312101845254
923 0.8718020627378505 0.0466478008329286 0.1295548488211363 0.08080892619541977
682 0.9038903680613274 0.17727617455280423 0.05089133794672165 0.024787168373499167
2025 0.8418997040308824 0.16841638501967818 0.04945617193911041 0.027821163111827297
1547 0.7671079510651329 0.18680163494909102 0.0732120069200823 0.03699874203690503
886 0.6753687786317311 0.21942369012605828 0.03121550790866543 0.03922909997176509
1171 0.6108751971108002 0.21460665848543997 0.0964876808363588 0.07264781570031094
2189 0.5404035296203142 0.22260814526067324 0.02971667490485963 0.04070059471009326
1851 0.4713179485936749 0.21572037940507052 0.04626750494291585 0.02607665258848364
1840 0.463126105209746 0.2637406504517579 0.04626750494291585 0.02607665258848364
1546 0.38893653011460577 0.22909190564284257 0.0732120069200822 0.03699874203690508
1865 0.2557313937644898 0.09344137393163714 0.028217841901054187 0.042172089448421435
1983 0.16218964079874026 0.11291868700111216 0.04945617193911023 0.027821163111827297
1972 0.1572010518634356 0.13970870015529177 0.04626750494291585 0.02607665258848364
1209 0.08744696737675524 0.14922718429968904 0.08267453163466158 0.1544592578219206
1545 0.14105478703468802 0.2107947448795025 0.03504084486680368 0.056598610495108836
1448 0.28048204296618706 0.17461577922154384 0.1429116946765233 0.14082096302712274
1447 0.3833749382135516 0.2699444187970222 0.09610567885919252 0.06327281570031093
1876 0.3044196086697871 0.2566169371422865 0.04626750494291585 0.02607665258848364
1774 0.23913550688290117 0.3477116449783245 0.17454369665368966 0.15201606826055974
2240 0.11025843178776096 0.31624808432792395 0.12505303262324477 0.16160389988706053
543 0.16210082159791805 0.4402701422769014 0.06747134288963737 0.04913472099021767
852 0.24740431022921155 0.48908009762327787 0.10471135771838495 0.12144933674699843
1450 0.14738972277678167 0.5143901817394403 0.07206068380210837 0.08525423151356151
1449 0.051087725742531176 0.505970007963095 0.07062551779449713 0.08828822625188941
1933 0.16874345794803403 0.5832921001835267 0.04470500494291585 0.0259856473268119
1888 0.16544470300511818 0.6068661080760345 0.04776633794672147 0.02460515785015538
1899 0.1621141145641051 0.6312213659685423 0.04776633794672147 0.02460515785015538
1910 0.1580977766173836 0.6532783764918859 0.04783000494291585 0.02616765785015538
1922 0.15479902167446774 0.6768523843843937 0.04776633794672147 0.02460515785015538
1719 0.19984226623726029 0.6999489791650741 0.04951983893530465 0.029383663111827295
1775 0.16500966840470704 0.7705645870293469 0.17773236364988404 0.15376057878390342
1208 0.05950635669262074 0.6966405105939308 0.11901271338524148 0.27234397881213823
1716 0.08579040061020991 0.8593533422204317 0.03772017589344297 0.04584312101845249
1718 0.18406873311972394 0.8575262607351053 0.034595175893442943 0.04566111049510866
2156 0.2938588630812303 0.630562671357271 0.03746550790866543 0.03959312101845249
2211 0.4066480231573425 0.6551692872552259 0.02815417490485981 0.04060958944842134
2200 0.37865035714973133 0.6536823819653192 0.03121550790866543 0.03922909997176518
2222 0.3490901911421201 0.6522864819370844 0.031279174904859805 0.04079159997176518
1441 0.31864134578102477 0.7109558266471777 0.08411501482874764 0.07504477360693614
1164 0.30732450239709586 0.7591581082172087 0.05283583992388783 0.034253173635170955
1164 0.483624358632606 0.6405537794333054 0.02815417490485981 0.04060958944842134
818 0.5270387776059667 0.6271136347373295 0.04314250494291585 0.025894642065139806
502 0.5211906842220378 0.6749973978915091 0.057425180836358794 0.07037268415851479
1330 0.8875876639560829 0.749522900875281 0.07126218775644091 0.10391322625188959
1685 0.7887681619789164 0.7646312323606074 0.054271005931498986 0.03121917889684269
1695 0.800021338366651 0.7179914507905762 0.046394838935304605 0.02920165258848364
1962 0.7966270829294435 0.7439092086830841 0.04626750494291585 0.02607665258848364
918 0.6516276007239407 0.6681797085419097 0.12811968281352507 0.08384292093374804
1418 0.8831641022068155 0.6476796798144762 0.1006313527754692 0.09782982622365459
1451 0.7203550374917984 0.569090490182528 0.05672484387822045 0.05318518415851479
1164 0.6616631284042696 0.5366566927568941 0.025029174904859806 0.04042757892507787
807 0.6911742148681163 0.520129345415965 0.029780341901054184 0.04226309471009326
501 0.779438218822449 0.49628305076234136 0.08341467787060938 0.057857273606936134
864 0.8875226328528939 0.5024581850761479 0.13430601581733087 0.08264444198043534
740 0.7180643201150433 0.4149035191217232 0.09189302273741298 0.11290879465362344
499 0.8087357410655704 0.38935821657559183 0.057425180836358794 0.07037268415851469
1430 0.9031423156664189 0.42516764298277315 0.08162668479069168 0.09048776308359248
841 0.9578616491645162 0.42120120882425843 0.029589340912470875 0.03757559471009344
1036 0.7385598453239142 0.29446221650500465 0.0871418557412186 0.11107327886860804
1419 0.8460049307991777 0.27807210608048305 0.14348469764227295 0.15488346302712266
951 0.9503568497725385 0.2610827561793051 0.07802152372599594 0.1167772472985769
785 0.8983433636127028 0.19864294033781976 0.04633117193911005 0.02763915258848364
897 0.5808255997725386 0.28260550056469735 0.1342423488211363 0.08108194198043535
1384 0.4820976452101835 0.4676168083725005 0.3928029012160447 0.34398927858625933
4325 0.9513303952473645 0.0459127824876643 0.041800180836358794 0.06946263154179623
2376 0.9606616328900749 0.10382399302512542 0.06734400889724838 0.046009720990217676
3027 0.7867413132321421 0.04926383759404437 0.03979201186299815 0.058434126280124385
4303 0.9096920404947291 0.14965940876778866 0.060775673916276675 0.03783319994353027
3986 0.8437314594680899 0.14258963238884226 0.06696200692008247 0.036634720990217674
3564 0.7729878779471591 0.13813662179491137 0.052963173916276675 0.03737817363517104
2249 0.7719692060080487 0.1631366217949114 0.07152217292769354 0.033782736775233205
2889 0.8423798650955778 0.1948878797580063 0.06383700692008247 0.03645271046687397
3057 0.977090446122217 0.19795342462339138 0.026337006920082118 0.03426858418674961
3153 0.7669514421678842 0.22889812968741916 0.054398339923887915 0.03434417889684287
2989 0.6858407050194655 0.17282941118686307 0.043044345855386724 0.061741136803468065
4367 0.6408465400004376 0.16765606377534673 0.05127333992388792 0.03416216837349917
4157 0.5467782050194655 0.18092887947565767 0.04084517589344294 0.04602513154179624
2329 0.5478180760837233 0.015285917340429885 0.11141234387822045 0.03057183468085977
3811 0.4754934540308824 0.1897571188817268 0.06559050790866543 0.0412312157285458
3800 0.46329986015266195 0.2403486530825938 0.07321200692008212 0.03699874203690499
3563 0.4112545404947291 0.17869008724110852 0.054525673916276676 0.03746917889684287
2249 0.400111452053716 0.20350037144197555 0.10765067391627667 0.040563357793685736
4369 0.37336987992432535 0.15205896878290476 0.037592841901054184 0.042718121018452536
3822 0.28876672825117017 0.0860615134365283 0.03979201186299815 0.058434126280124364
3943 0.16783214574165614 0.0892081712160966 0.07021434091247096 0.039941731513561354
3932 0.15624604692051974 0.16314620015529177 0.07177684091247101 0.0400327367752332
3251 0.10194981916364117 0.06109014746798611 0.0732120069200822 0.03699874203690505
3561 0.17225836608416092 0.22924163701522957 0.03902800790866543 0.03968412628012441
4436 0.06962811460128615 0.2422337316547357 0.03902800790866538 0.03968412628012441
3833 0.24942836114124503 0.24812887393163713 0.06696200692008221 0.036634720990217674
4342 0.24375402270023194 0.2726206397166527 0.07164950692008229 0.03690773677523325
4266 0.042226014791566575 0.32176931321064933 0.03810217787060931 0.05521812101845249
4368 0.3609123477953722 0.3047667398295921 0.04958350593149907 0.030946163111827296
2955 0.2709810730807928 0.426914026590708 0.04808467292769336 0.03241765785015538
4211 0.11626173958269562 0.436704797496221 0.0399193458553869 0.06155912628012441
3625 0.08304999155986197 0.4292864106221657 0.04549818380210837 0.08370714206513999
2829 0.05223107308079281 0.43965476322476676 0.03679434585538688 0.06137711575678075
4371 0.18736346536240783 0.5471347923051363 0.03434050790866543 0.039411110495108835
4370 0.09697588730151811 0.5274586001129394 0.04078150889724856 0.044462631541796326
2400 0.05764010916407869 0.5579042342855717 0.11528021832815738 0.041200394625388624
3889 0.22383020597086767 0.5894364133941761 0.06527217292769345 0.033418715728545934
3844 0.22062695152224338 0.6106666712866838 0.06839717292769346 0.03360072625188941
3855 0.21657878007742473 0.6335049318100274 0.0716495069200822 0.03690773677523325
3866 0.21328002513450883 0.6570789397025353 0.06839717292769346 0.03360072625188941
3878 0.20848243718778736 0.6791814528567148 0.06677100593149907 0.03194722099021767
4122 0.2674263556668565 0.6671750055440205 0.03446784190105419 0.04253611049510884
2784 0.03534207304361177 0.8350127658556026 0.02927100593149905 0.02976309471009344
2645 0.004444830495166625 0.8323651789674301 0.00888966099033325 0.03526964206513981
3993 0.08091455821486415 0.9025041027437755 0.04116351087441492 0.05383763154179633
3997 0.17659447273960063 0.9070635291509566 0.0430443458553869 0.061741136803468065
4343 0.2499430839180267 0.7710735502682313 0.04103617688202617 0.050712631541796324
4363 0.3638610038799706 0.7488506687970222 0.05127333992388783 0.03416216837349921
4179 0.40121376524867713 0.6928968004094056 0.037592841901054184 0.042718121018452494
4168 0.3740291827391631 0.690583142488663 0.03290534190105419 0.04244510523343692
4190 0.32018394114212007 0.6539700792780136 0.032841674904859806 0.04088260523343692
3430 0.42592194657932747 0.6220914767459996 0.09833934091247105 0.041579826223654595
4001 0.14378326722584345 0.6985376685852607 0.0716495069200822 0.03690773677523325
3250 0.11854052810025836 0.6485677606645182 0.03322367688202617 0.05025760523343692
4436 0.12475603600892378 0.6107947448795026 0.030960839923887828 0.03297909997176518
2330 0.4011978833100044 0.9228195188393744 0.11109400889724856 0.04855786831702957
3342 0.5060949248304978 0.7203021926157198 0.07809050790866542 0.04195925782192056
3452 0.40682048361401557 0.8422142609468667 0.2607411818249421 0.08689086817585512
2308 0.4135824781768081 0.8675404846385074 0.1784725098858317 0.05715859456891899
2922 0.5693390241459257 0.6410172400413536 0.045978344866803765 0.0572356473268119
3021 0.6581203398495258 0.7192416796027146 0.06877917490485981 0.04297572625188941
2978 0.7762389870740567 0.8043307691923104 0.06852450692008212 0.03672572625188941
3900 0.7335859134617913 0.760830669149958 0.06865184091247087 0.039850726251889415
3921 0.7400415019028042 0.7362934007341065 0.07152217292769336 0.033782736775233246
3911 0.7402152568457201 0.7129014033649425 0.06696200692008211 0.036634720990217674
4316 0.8387973368837762 0.72274756924878 0.04278967787060921 0.055491136803468066
4436 0.8353566604960416 0.768932324510452 0.038837006920082115 0.03499662628012423
2700 0.9243183428152753 0.6897082851185002 0.03083350593149916 0.02985409997176518
2645 0.8192952617886361 0.68491364028135 0.043397172927693364 0.032144642065139985
4312 0.8196109381763705 0.6389108955430218 0.039983012851581276 0.06312162628012441
2644 0.92879227859455 0.5990377824876643 0.02295733893530496 0.02783657366340595
2784 0.8541742805717163 0.594031035047913 0.02783583992388792 0.03279708944842134
4372 0.7117639460850359 0.6077812638600513 0.048212006920082116 0.03554265785015538
2967 0.9136102889746734 0.5508200903660546 0.06396434091247087 0.03957771046687384
3341 0.785627210419492 0.5356717744539822 0.07008700692008211 0.036816731513561504
2911 0.7200804648681162 0.5184457480750357 0.036603344866803764 0.056689615756780755
2844 0.6842994737653647 0.4784423743551601 0.04196200692008212 0.03517863680346807
3339 0.8003847301911555 0.44128473762227927 0.06552684091247088 0.03966871572854593
2944 0.9645228260465423 0.37249069303924287 0.03810217787060921 0.05521812101845249
4352 0.927150160038931 0.37154981931936726 0.05439833992388756 0.03434417889684287
4341 0.914392833460916 0.34033761667441387 0.04046317391627667 0.036650131541796235
106 0.846036764297275 0.27729085608048304 0.08612318380210837 0.08607327886860805
109 0.2832568744871179 0.18302751869820014 0.10066584486680377 0.06042083148532651
143 0.1302817717116488 0.2839060211878618 0.04920150395433272 0.021571163111827295
14 0.1031343398867068 0.3571916027437754 0.06345500494291585 0.027077710466874017
36 0.07585159828966377 0.3190314500847046 0.024965507908665384 0.03886507892507769
87 0.4936399816740303 0.4521360215407976 0.25081171939110264 0.26401481029746476
875 0.737801228176808 0.8486568928415987 0.13599584980971963 0.08586044724210709