703 0.11756870649701387 0.015017490389061574 0.07111258700597226 0.03003498077812315
923 0.23924368474552082 0.02115462573516902 0.12776263050895836 0.04230925147033804
682 0.1672212547496527 0.12388680009085704 0.050509146276527785 0.024495388964152064
2025 0.23041158577170123 0.1244766203081021 0.049019381458888844 0.027538501809022307
1547 0.2976166163569096 0.1537270290599579 0.07267508700597229 0.03814180913596861
886 0.37770285343913174 0.1994688969932108 0.030560322188333357 0.03905585594746528
1171 0.44236476548322895 0.2038830800553261 0.09531380642076392 0.0721007293077851
2189 0.5090431192067012 0.22223693238474676 0.02903418977951393 0.04053646879233552
1851 0.5783925312507984 0.22640545398147277 0.04589438145888884 0.02737472749876275
1840 0.5710333197197913 0.2743892526019918 0.04589438145888884 0.02737472749876275
1546 0.6550452970183678 0.2520395398025501 0.07267508700597229 0.03814180913596861
1865 0.8285393080362846 0.13994789631584226 0.027508057370694415 0.042017081637205765
1983 0.914367052052361 0.17368440920614103 0.0490193814588892 0.027538501809022307
1972 0.9098425530022916 0.2004516270939654 0.04589438145888884 0.02737472749876284
1209 0.9647657891345831 0.22098213308685918 0.06130378875333342 0.1530298247398008
1545 0.9027190776035763 0.27183198213691956 0.03408536569131968 0.05640713025772479
1448 0.7783925312507984 0.21592389812486457 0.14219011284152785 0.14166295680654795
1447 0.6470866734432636 0.29225178200063395 0.09669446846486132 0.06437011646291486
1876 0.7282457544653121 0.2918998999338869 0.04589438145888884 0.02737472749876275
1774 0.7634000448341662 0.39071585821077287 0.1721321859797918 0.15415631275401323
2240 0.8994466476077079 0.3789041757144844 0.12394925911805572 0.16255531094499096
543 0.8094191000206592 0.49208360640175053 0.06667966014423606 0.048751760515449584
852 0.7095093657882287 0.5269709407524898 0.10429006933854179 0.12251016508343397
1450 0.7998973232351732 0.5659305421773992 0.0706774823325695 0.0864155348257091
1449 0.8964813825057287 0.5733535385593547 0.06918771751493083 0.08945864767057934
1933 0.7562551195879508 0.6306414953659025 0.04589438145888884 0.02737472749876275
1888 0.7526027895158328 0.6534615196761621 0.048983013867708355 0.025976001809022264
1899 0.7473515918525341 0.6779259311415513 0.04585801386770836 0.025812227498762753
1910 0.7444986955760063 0.6999237618742459 0.04589438145888884 0.02737472749876275
1922 0.7400469317082979 0.7235659797620704 0.04585801386770836 0.025812227498762753
1719 0.6881934909788535 0.7387682558813522 0.05061824905006951 0.02918288896415202
1775 0.6997109128065965 0.8138534650627491 0.17525718597979179 0.15432008706427283
1208 0.8499661391552424 0.7615019917478579 0.16555749050069474 0.2739774898232346
1716 0.7489277031754507 0.9119324389434673 0.03699216014423605 0.04719590456798457
1718 0.6541243494519784 0.8950525554063823 0.033830792553055565 0.0454696302577247
2156 0.6190817746981938 0.6573378714397557 0.03684668977951393 0.04094590456798421
2211 0.5003317746981939 0.663561295229617 0.02747168977951393 0.040454581637205854
2200 0.5283476719246523 0.6667748264372815 0.030560322188333443 0.03905585594746519
2222 0.5579078853555203 0.6706877204898161 0.03059668977951393 0.04061835594746519
1441 0.5689713655038883 0.7317513732487783 0.08292290919430556 0.07613313206674696
1164 0.564718970177291 0.7803526475590377 0.05228985182361114 0.033952276119281775
1164 0.4291295751350342 0.6384218543655855 0.02747168977951393 0.04045458163720568
818 0.392138721411562 0.6185121460886996 0.042769381458888846 0.02721095318850324
502 0.38167269367614526 0.6658784690194782 0.05628767401194459 0.07161605042954129
1330 0.017617378990346957 0.683064805517924 0.03523475798069391 0.10262038896415202
1685 0.09108340805694384 0.7130997862960472 0.055342116641250036 0.03099105042954129
1695 0.09608068579236054 0.6660200684082227 0.047529616641250015 0.030581614653892687
1962 0.09081130433347165 0.691265729873612 0.04589438145888889 0.02737472749876275
918 0.25665516309093694 0.6396578850074232 0.12838087955902786 0.08475785956551007
1418 0.04370840672576366 0.5848386674582831 0.08741681345152733 0.09890889077317447
1451 0.22168271067798564 0.5330294267305372 0.05741376291777787 0.05294793758467105
1164 0.2893248055677426 0.5099770290599579 0.02434668977951393 0.04029080732694616
807 0.2648339518442704 0.48941222354203384 0.029070557370694416 0.042098968792335614
501 0.1868550754193746 0.4537037748760864 0.0825228656913195 0.05894563206674715
864 0.07866136892236072 0.44220743215760416 0.13459451196784727 0.08352290818602892
740 0.2735569480445483 0.3828346749215149 0.09157186379145843 0.11248006784239584
499 0.19250762300642332 0.34494625056582684 0.0562876740119445 0.07161605042954129
1430 0.08825588089020801 0.3652354963819554 0.08172408510611118 0.09167624491161738
841 0.03625762300642331 0.35313496607880207 0.030523954597152802 0.03749335594746528
1036 0.2919640687698609 0.26248455337021737 0.08688436379145843 0.11223440637700666
1419 0.19125620716260397 0.23108846845365125 0.14251742116215294 0.15572545680654795
951 0.08671483073770817 0.19677210142490953 0.09480596656500011 0.11733134215265535
785 0.1659308584731249 0.1458027436684219 0.047493249050069464 0.029019114653892553
897 0.44928560628892333 0.2753077007021124 0.1345945119678472 0.08352290818602892
1384 0.48687260600458293 0.4707529975136092 0.39197582655673635 0.34670674016191894
4325 0.16213632408819442 0.01189913444159629 0.04135235182361115 0.02379826888319258
2376 0.11691408985576386 0.03913001978770374 0.10414329255305557 0.04915455223856363
3027 0.3234186629940278 0.023266002374849194 0.04037173328250008 0.04653200474969839
4303 0.17020143759531242 0.09642021935816242 0.060211454597152825 0.03904921189493058
3986 0.23724346723059017 0.09914907168758309 0.06638871941479171 0.03625176051544958
3564 0.3081008278879166 0.10557945612917938 0.052362587005972294 0.03707727611928182
2249 0.30128713022461795 0.1301257547496984 0.07260235182361115 0.03501680913596861
2889 0.22201720431281236 0.14988605608375086 0.06326371941479172 0.03608798620519007
3057 0.07888545336288184 0.13085717435568803 0.04767508700597225 0.03683161465389255
3153 0.2849523089862151 0.19496618272343103 0.053852351823611144 0.034034163274411534
2989 0.3827001311745485 0.1523891791053864 0.043605836056041805 0.06314845318850333
4367 0.4279217121965971 0.1539207016066236 0.05072735182361114 0.033870388964152065
4157 0.5154574265773956 0.1813253273417926 0.04011716014423605 0.04735967887824381
2329 0.5717834278116667 0.018088300826026065 0.11213763050895835 0.03617660165205213
3811 0.5828988465052776 0.20041948609364843 0.06493532218833345 0.040857373360319825
3800 0.5785918997919095 0.2513645104039079 0.07267508700597211 0.03814180913596861
3563 0.6492505451185068 0.19928303200063396 0.053925087005972296 0.03715916327441153
2249 0.6525385460684372 0.2256408141128096 0.10552395459715277 0.0414239393936934
4369 0.6949630886214928 0.17972080450187117 0.03691942496187508 0.04407090456798426
3822 0.7991609325613194 0.12822250226330753 0.04037173328249999 0.058297178878243816
3943 0.9157119997156595 0.14942471562857612 0.06962282218833345 0.041103034825709095
3932 0.9038464729301733 0.22339448213691954 0.06962282218833309 0.041103034825709095
3251 0.9746148742406943 0.13307269731121046 0.04298758700597212 0.03658595318850333
3561 0.867290070669722 0.2853931931273389 0.03993532218833309 0.03954717887824373
4436 0.9626201012549302 0.3131696330868592 0.03993532218833344 0.03954717887824373
3833 0.7852042692829511 0.292036018771651 0.06638871941479163 0.03625176051544958
4342 0.7830780716196525 0.31633665592678073 0.06955008700597212 0.03797803482570909
4266 0.9646170527179511 0.39499616519903485 0.035611498100139014 0.05492651741285455
4368 0.65791441745934 0.3299188783371608 0.05065461664125 0.03074538896415202
2955 0.7071123708222218 0.4623319086403141 0.047602351823611146 0.033706614653892686
4211 0.8545861296559369 0.49595887890298773 0.04044446846486096 0.06142217887824373
3625 0.8897605634515273 0.4933351679125684 0.044078614741388834 0.08346095318850325
2829 0.9167224537441314 0.5083083926977976 0.037319468464860964 0.06125840456798422
4371 0.7501148755718745 0.5927287375639864 0.03368532218833344 0.0392196302577247
4370 0.8446643093674648 0.5869933146786364 0.04004442496187508 0.04423467887824373
2400 0.8750414871791314 0.6228555715760414 0.11802395459715279 0.04207903663473136
3889 0.7001324061570827 0.6281206829505737 0.06631598423243049 0.033126760515449584
3844 0.6965346274717354 0.6485969572608331 0.06947735182361114 0.034853034825709096
3855 0.6928641136040271 0.6721982315710926 0.06955008700597212 0.03797803482570909
3866 0.6891935997363189 0.6957995058813522 0.06947735182361114 0.034853034825709096
3878 0.686340703459791 0.7177973366140468 0.06631598423243049 0.033126760515449584
4122 0.6329799673274994 0.6971849434660232 0.033758057370694414 0.042344630257724704
2784 0.8062680777004854 0.8956623077812316 0.028779616641249818 0.02959896879233561
2645 0.8553049897445824 0.9008953623946443 0.04767508700597247 0.03683161465389233
3993 0.7395884175562492 0.9444140682966811 0.038227351823611144 0.033215291723114146
3997 0.6452935568989229 0.9392119911820311 0.04338763050895835 0.05377345318850324
4343 0.6165353901051729 0.800265677862191 0.04178876291777769 0.05212906603337366
4363 0.5128661826582286 0.7620021172558843 0.05072735182361114 0.0338703889641522
4179 0.49319076871427026 0.702170093850136 0.03691942496187508 0.044070904567984216
4168 0.5212430335319092 0.7038211250578005 0.03219555737069442 0.042262743102595125
4190 0.5850879811952077 0.6762859452750455 0.03215918977951393 0.040700243102595124
3430 0.49177504549975637 0.6288963681603954 0.09774782218833344 0.04257700361804453
4001 0.7434258516361799 0.746017511874246 0.06955008700597212 0.03797803482570909
3250 0.784251526598055 0.7017418894184373 0.033939895326597205 0.05015713025772488
4436 0.7906112825819787 0.6631740343754832 0.030414851823611144 0.03280585594746519
2330 0.419331122153402 0.925304378675845 0.11039329255305556 0.04948210085908258
3342 0.38214416594072853 0.7126715818643484 0.07743532218833345 0.041512470601357876
3452 0.43988131791683954 0.8469779828142882 0.2579956443766667 0.0884294934412793
2308 0.42530967164031175 0.8695899672104559 0.1776898953265972 0.05769074852966227
2922 0.3467171186380203 0.6255743735874624 0.045022865691319504 0.056980340343633175
3021 0.23367095155992995 0.6884605551792398 0.0681330573706945 0.04414614767057934
2978 0.09093728448183964 0.7529025927184823 0.06798758700597225 0.03789614767057934
3900 0.14637032010104106 0.7180052922889409 0.06806032218833336 0.041021147670579336
3921 0.14851470155992996 0.6929234051338111 0.07260235182361115 0.03501680913596861
3911 0.15529203163204802 0.6699396065132921 0.06638871941479171 0.03625176051544958
4316 0.05630967097472166 0.6649831908640313 0.0418978656913195 0.056816566033373664
4436 0.045116944626075794 0.7100467073723749 0.038263719414791696 0.034777791723113974
2645 0.08754214038951336 0.6305738913390012 0.04287848423243057 0.03189845318850324
4312 0.10184168294256894 0.5861278505203984 0.04044446846486118 0.06142217887824373
2644 0.009215538659617838 0.5302264105608782 0.018431077319235677 0.029271420171816588
2784 0.08271112965593705 0.5364111335370851 0.027289851823611145 0.032642081637205854
4372 0.21766670469406205 0.5714744510407967 0.0476750870059723 0.03683161465389251
2967 0.0378356939604857 0.48648305461341285 0.06337282218833337 0.04077548620519007
3341 0.1680498708222218 0.4905829771600786 0.06955008700597225 0.03797803482570909
2911 0.23765385600458294 0.48381399875680453 0.0356478656913195 0.056489017412854635
2844 0.28603745782819406 0.4500664405253472 0.04138871941479163 0.03494156603337366
3339 0.1842944262930552 0.3960959927639108 0.06489895459715278 0.039294873360319824
2944 0.0443980845374303 0.3051102238807182 0.03873649810013894 0.05509029172311406
4352 0.08253386417270807 0.30935398858003926 0.053852351823611144 0.034034163274411534
4341 0.10504529701836782 0.2808638184082227 0.03986258700597225 0.03642217887824382
106 0.19127439095819426 0.23030721845365126 0.08626611474138893 0.08567190637700665
109 0.773541377090486 0.22320080959025385 0.09974673328249999 0.06140889077317437
143 0.8900904846136802 0.3450614422228278 0.04887391109416654 0.021288501809022264
14 0.8937954064414232 0.42055608717987364 0.06304551386770854 0.02671298620519007
36 0.9320227582650343 0.38734079545675965 0.024310322188333445 0.03872830732694625
87 0.48104083330315933 0.4531117961341282 0.24964154977125014 0.2658993962002413
875 0.11399227156406182 0.8016333418139711 0.13622974715020839 0.08672979534115868