703 0.0515625 0.0515625 0.0609375 0.07421875
923 0.17578125 0.0546875 0.11953125 0.05859375
682 0.12265625 0.18203125 0.0484375 0.015625
2025 0.1859375 0.17734375 0.04609375 0.01875
1547 0.2578125 0.2 0.06953125 0.02578125
886 0.34453125 0.23828125 0.025 0.034375
1171 0.41015625 0.2375 0.0875 0.05546875
2189 0.4796875 0.25 0.0234375 0.0359375
1851 0.55 0.24765625 0.04296875 0.01875
1840 0.55 0.29609375 0.04296875 0.01875
1546 0.63046875 0.26640625 0.06796875 0.02421875
1865 0.7859375 0.140625 0.02109375 0.03828125
1983 0.8765625 0.16640625 0.04609375 0.01875
1972 0.8765625 0.19296875 0.04296875 0.01875
1209 0.9453125 0.20703125 0.05859375 0.14296875
1545 0.88125 0.2640625 0.0265625 0.0515625
1448 0.74765625 0.21953125 0.1234375 0.11953125
1447 0.62890625 0.30703125 0.0890625 0.046875
1876 0.71015625 0.29921875 0.04453125 0.01875
1774 0.7609375 0.39375 0.15390625 0.12578125
2240 0.8953125 0.3703125 0.1015625 0.14375
543 0.8234375 0.48984375 0.0609375 0.03828125
852 0.7296875 0.5328125 0.0875 0.10703125
1450 0.82578125 0.5640625 0.05859375 0.07578125
1449 0.9234375 0.5625 0.05703125 0.078125
1933 0.79296875 0.63125 0.04296875 0.01875
1888 0.79296875 0.6546875 0.04609375 0.0171875
1899 0.7921875 0.67890625 0.04453125 0.0171875
1910 0.7921875 0.70078125 0.04453125 0.01875
1922 0.7921875 0.725 0.04453125 0.0171875
1719 0.74296875 0.74453125 0.04609375 0.0203125
1775 0.76640625 0.8171875 0.15703125 0.12578125
1208 0.9078125 0.753125 0.1265625 0.25078125
1716 0.83125 0.91015625 0.03046875 0.03984375
1718 0.73359375 0.9015625 0.02890625 0.03984375
2156 0.66015625 0.6703125 0.03046875 0.034375
2211 0.54296875 0.68671875 0.02109375 0.0359375
2200 0.57109375 0.6875 0.025 0.034375
2222 0.6015625 0.68828125 0.025 0.0359375
1441 0.62265625 0.74765625 0.0734375 0.0625
1164 0.62578125 0.79609375 0.0484375 0.02578125
1164 0.46796875 0.66796875 0.02109375 0.0359375
818 0.42734375 0.6515625 0.04140625 0.01875
502 0.425 0.69921875 0.04609375 0.0625
1330 0.04609375 0.75 0.05703125 0.09296875
1685 0.1421875 0.77109375 0.0515625 0.02109375
1695 0.1390625 0.72421875 0.04296875 0.02109375
1962 0.13828125 0.75 0.04453125 0.01875
918 0.2953125 0.684375 0.11953125 0.0625
1418 0.0671875 0.64921875 0.0875 0.0828125
1451 0.24296875 0.58203125 0.05 0.04296875
1164 0.30703125 0.553125 0.01796875 0.03671875
807 0.2796875 0.53515625 0.0234375 0.03671875
501 0.1953125 0.50625 0.0765625 0.04296875
864 0.0859375 0.5046875 0.125 0.06015625
740 0.2703125 0.42890625 0.0765625 0.0984375
499 0.18359375 0.3984375 0.04609375 0.06171875
1430 0.0828125 0.42734375 0.06953125 0.078125
841 0.02890625 0.4203125 0.025 0.0328125
1036 0.26953125 0.30859375 0.07109375 0.0984375
1419 0.1640625 0.2859375 0.12109375 0.1328125
951 0.05390625 0.2609375 0.07890625 0.10234375
785 0.125 0.20390625 0.04296875 0.0203125
897 0.42890625 0.30703125 0.125 0.05859375
1384 0.49765625 0.496875 0.3484375 0.28125
4325 0.09609375 0.04921875 0.03203125 0.0640625
2376 0.05859375 0.103125 0.1 0.0296875
3027 0.2609375 0.06328125 0.03203125 0.053125
4303 0.12109375 0.1546875 0.05703125 0.02734375
3986 0.18828125 0.1515625 0.0625 0.02578125
3564 0.26015625 0.1515625 0.0484375 0.02734375
2249 0.25703125 0.1765625 0.06796875 0.02109375
2889 0.18125 0.203125 0.05859375 0.02421875
3057 0.03515625 0.196875 0.04453125 0.02890625
3153 0.2515625 0.2421875 0.05 0.02578125
2989 0.3421875 0.19140625 0.03359375 0.05703125
4367 0.3875 0.1890625 0.04609375 0.02421875
4157 0.4796875 0.20859375 0.03359375 0.03984375
2329 0.5078125 0.03203125 0.10546875 0.03828125
3811 0.55 0.221875 0.0609375 0.0296875
3800 0.55390625 0.27265625 0.06796875 0.02578125
3563 0.61640625 0.21484375 0.05 0.02734375
2249 0.6234375 0.240625 0.10390625 0.02109375
4369 0.65859375 0.19140625 0.03203125 0.03671875
3822 0.75390625 0.13125 0.03203125 0.05390625
3943 0.87421875 0.1421875 0.06640625 0.02734375
3932 0.87421875 0.21640625 0.06640625 0.02734375
3251 0.9453125 0.11875 0.06953125 0.02421875
3561 0.84765625 0.28046875 0.03359375 0.0328125
4436 0.94765625 0.3 0.03359375 0.0328125
3833 0.7671875 0.29453125 0.0625 0.02421875
4342 0.76875 0.31875 0.06640625 0.02421875
4266 0.9625 0.38046875 0.02890625 0.05
4368 0.64609375 0.34296875 0.04609375 0.02109375
2955 0.71640625 0.46953125 0.04296875 0.02578125
4211 0.86953125 0.48984375 0.03203125 0.05546875
3625 0.90390625 0.484375 0.03203125 0.078125
2829 0.93359375 0.496875 0.02890625 0.05546875
4371 0.78046875 0.59453125 0.02890625 0.034375
4370 0.87421875 0.58046875 0.03359375 0.03671875
2400 0.91015625 0.61328125 0.11640625 0.0203125
3889 0.73671875 0.63359375 0.0625 0.02265625
3844 0.73671875 0.6546875 0.06640625 0.02265625
3855 0.73671875 0.678125 0.06640625 0.02421875
3866 0.73671875 0.7015625 0.06640625 0.02265625
3878 0.7375 0.7234375 0.0640625 0.0203125
4122 0.68046875 0.7078125 0.02890625 0.03671875
2784 0.8859375 0.8890625 0.025 0.02421875
2645 0.9359375 0.88984375 0.04296875 0.02890625
3993 0.82890625 0.953125 0.03203125 0.0484375
3997 0.7328125 0.9515625 0.03359375 0.05703125
4343 0.68125 0.81171875 0.03359375 0.0453125
4363 0.57109375 0.7828125 0.04609375 0.02578125
4179 0.5421875 0.725 0.03046875 0.03671875
4168 0.5703125 0.72421875 0.0265625 0.03828125
4190 0.6296875 0.69140625 0.0265625 0.0359375
3430 0.52890625 0.653125 0.09296875 0.02578125
4001 0.79921875 0.746875 0.06640625 0.02421875
3250 0.8328125 0.69921875 0.0265625 0.0453125
4436 0.8328125 0.6609375 0.0265625 0.02734375
2330 0.5046875 0.95234375 0.10546875 0.0296875
3342 0.4328125 0.7453125 0.0734375 0.02734375
3452 0.5125 0.87265625 0.25390625 0.03984375
2308 0.5015625 0.896875 0.175 0.02421875
2922 0.3828125 0.6625 0.0375 0.05
3021 0.28046875 0.734375 0.0640625 0.03125
2978 0.1484375 0.8109375 0.0640625 0.02421875
3900 0.1984375 0.77109375 0.0640625 0.02734375
3921 0.19609375 0.74609375 0.06796875 0.02265625
3911 0.19921875 0.72265625 0.0625 0.02421875
4316 0.09921875 0.7265625 0.03359375 0.05
4436 0.0953125 0.771875 0.03359375 0.02890625
2700 0.01875 0.68828125 0.0265625 0.02421875
2645 0.125 0.68984375 0.0390625 0.02421875
4312 0.13203125 0.64453125 0.03203125 0.05703125
2644 0.02890625 0.59765625 0.01796875 0.02578125
2784 0.1046875 0.59765625 0.0234375 0.02890625
4372 0.2453125 0.6203125 0.04453125 0.02890625
2967 0.05234375 0.5515625 0.05859375 0.0296875
3341 0.1828125 0.54453125 0.06640625 0.02421875
2911 0.2515625 0.53203125 0.02890625 0.0515625
2844 0.29375 0.49453125 0.0375 0.02734375
3339 0.18359375 0.45 0.0609375 0.02734375
2944 0.02890625 0.371875 0.03203125 0.05
4352 0.06796875 0.37265625 0.05 0.02578125
4341 0.0859375 0.34296875 0.0359375 0.0296875
106 0.1640625 0.28515625 0.075 0.07109375
109 0.74375 0.22734375 0.09453125 0.04453125
143 0.88046875 0.3375 0.04609375 0.0125
14 0.89609375 0.41171875 0.0609375 0.015625
36 0.92890625 0.37578125 0.01796875 0.0359375
87 0.4890625 0.48046875 0.2140625 0.22578125
875 0.1796875 0.85703125 0.1265625 0.0625