736 0.17578125 0.0546875 0.11953125 0.05859375
1803 0.1859375 0.17734375 0.04609375 0.01875
718 0.2578125 0.2 0.06953125 0.02578125
736 0.34453125 0.23828125 0.025 0.034375
1165 0.41015625 0.2375 0.0875 0.05546875
1803 0.4796875 0.25 0.0234375 0.0359375
1803 0.55 0.24765625 0.04296875 0.01875
1803 0.55 0.29609375 0.04296875 0.01875
718 0.63046875 0.26640625 0.06796875 0.02421875
1803 0.7859375 0.140625 0.02109375 0.03828125
1803 0.8765625 0.16640625 0.04609375 0.01875
1803 0.8765625 0.19296875 0.04296875 0.01875
718 0.88125 0.2640625 0.0265625 0.0515625
717 0.74765625 0.21953125 0.1234375 0.11953125
717 0.62890625 0.30703125 0.0890625 0.046875
1803 0.71015625 0.29921875 0.04453125 0.01875
2235 0.8953125 0.3703125 0.1015625 0.14375
1803 0.8234375 0.48984375 0.0609375 0.03828125
736 0.7296875 0.5328125 0.0875 0.10703125
717 0.82578125 0.5640625 0.05859375 0.07578125
717 0.9234375 0.5625 0.05703125 0.078125
1803 0.79296875 0.63125 0.04296875 0.01875
1803 0.79296875 0.6546875 0.04609375 0.0171875
1803 0.7921875 0.67890625 0.04453125 0.0171875
1803 0.7921875 0.70078125 0.04453125 0.01875
1803 0.7921875 0.725 0.04453125 0.0171875
1182 0.9078125 0.753125 0.1265625 0.25078125
1803 0.66015625 0.6703125 0.03046875 0.034375
1803 0.54296875 0.68671875 0.02109375 0.0359375
1803 0.57109375 0.6875 0.025 0.034375
1803 0.6015625 0.68828125 0.025 0.0359375
4439 0.62265625 0.74765625 0.0734375 0.0625
736 0.62578125 0.79609375 0.0484375 0.02578125
736 0.46796875 0.66796875 0.02109375 0.0359375
736 0.42734375 0.6515625 0.04140625 0.01875
1456 0.425 0.69921875 0.04609375 0.0625
1803 0.13828125 0.75 0.04453125 0.01875
736 0.2953125 0.684375 0.11953125 0.0625
717 0.0671875 0.64921875 0.0875 0.0828125
717 0.24296875 0.58203125 0.05 0.04296875
736 0.30703125 0.553125 0.01796875 0.03671875
736 0.2796875 0.53515625 0.0234375 0.03671875
1456 0.1953125 0.50625 0.0765625 0.04296875
736 0.0859375 0.5046875 0.125 0.06015625
736 0.2703125 0.42890625 0.0765625 0.0984375
1456 0.18359375 0.3984375 0.04609375 0.06171875
717 0.0828125 0.42734375 0.06953125 0.078125
736 0.02890625 0.4203125 0.025 0.0328125
736 0.26953125 0.30859375 0.07109375 0.0984375
717 0.1640625 0.2859375 0.12109375 0.1328125
736 0.05390625 0.2609375 0.07890625 0.10234375
736 0.125 0.20390625 0.04296875 0.0203125
736 0.42890625 0.30703125 0.125 0.05859375
717 0.49765625 0.496875 0.3484375 0.28125
736 0.1796875 0.85703125 0.1265625 0.0625