736 0.8276744437564728 0.9564908274078423 0.13191627153942492 0.08615283278320476
1803 0.8071266329965955 0.8347691927598262 0.051857430942249746 0.030351273445216976
718 0.7328914575022276 0.8181485325920012 0.07438799480421991 0.04138386182749905
736 0.6431787474789845 0.7870034311374641 0.03230975544788173 0.0397495842330974
1165 0.5775701729733524 0.7930273655756986 0.10011996832111639 0.0759723493799445
1803 0.5073669336170141 0.7861369029183626 0.030856516091543364 0.04119368506293455
1803 0.43690696814588936 0.7941493898461081 0.04862317029858776 0.028551975104890735
1803 0.4332081677775723 0.7459603435803743 0.04862317029858776 0.028551975104890735
718 0.3553127607205363 0.7816834334125493 0.07282549480421992 0.041265462657336015
1803 0.21050336925084062 0.9207198547785292 0.030965776735205085 0.04275618506293455
1803 0.11835407407830364 0.9019563541538294 0.05185743094224948 0.030351273445216976
1803 0.11546937469872227 0.8758199066433402 0.04862317029858776 0.028551975104890916
718 0.10470647334166946 0.80510466494171 0.03819912252816073 0.05729228174358667
717 0.24218469400857429 0.8382984410862191 0.15013067599857094 0.14659342531467204
717 0.3534114071339106 0.7414844859020602 0.09957366510280767 0.0681598493799445
1803 0.273084768766308 0.7558178278088274 0.04862317029858776 0.028551975104890735
2235 0.08144892582334398 0.699670881123531 0.13447282500983523 0.16716603444287886
1803 0.14280667892543714 0.5747310033239923 0.06890281930985206 0.05184776514684693
736 0.23273219241909046 0.5242117076829587 0.1114288089182919 0.12656434523075966
717 0.13387942917753867 0.500227910792525 0.07610331411407194 0.08814046265733602
717 0.03698173989897865 0.5101338618274991 0.0739634797979573 0.09114706348717298
1803 0.16072578846414762 0.4307917491748074 0.04862317029858776 0.028551975104890735
1803 0.15923969811907362 0.40711745083448136 0.05018567029858776 0.028670374275053766
1803 0.15780823809583053 0.3826619024941553 0.04851390965492604 0.026989475104890737
1803 0.15537700678526395 0.3612721545687477 0.04862317029858776 0.028551975104890735
1803 0.15394554676202085 0.33681660622842174 0.046951409654926037 0.026871075934727706
1182 0.06324876298945023 0.31933126307225457 0.12649752597890046 0.2792875261445091
1803 0.2898776929232936 0.3808886827878493 0.038669016091543364 0.041785680913749526
1803 0.40556267708385174 0.3550976226246686 0.029294016091543362 0.04107528589277143
1803 0.3780004057965282 0.3561506371468156 0.03230975544788164 0.0397495842330974
1803 0.3472585041873739 0.3577481033286367 0.032419016091543365 0.0413120842330974
4439 0.3206685070373655 0.2999705695104577 0.08794775025210155 0.07971265601864026
736 0.31379007634721756 0.2523259749043981 0.053856973516896466 0.036719672615379825
736 0.4824693845092048 0.3672083815477382 0.029294016091543362 0.04107528589277134
736 0.5247279403254035 0.38062060872722137 0.045498170298587756 0.028315176764564676
1456 0.5225916399570865 0.33254996163165085 0.06105746832111638 0.07301237012586884
1803 0.8042019088986214 0.2588569655803431 0.04862317029858794 0.028551975104890735
736 0.6534428022099025 0.3369675423402633 0.13213479282674853 0.08927783278320493
717 0.8839661825317332 0.35365016993930937 0.10666489926336595 0.1028900468904335
717 0.7149105439120292 0.43508665624235493 0.05985560124083733 0.055824870125868745
736 0.6528586581423168 0.46886873777615995 0.027840776735205 0.042519386722608486
736 0.681617442671192 0.4843995720092574 0.032528276735204996 0.042874584233097576
1456 0.7688060862345747 0.5067141251234683 0.0866366225281606 0.06096265601864026
736 0.8784924426711921 0.4993178674497984 0.13838479282674854 0.08975142946385706
736 0.7009141098676867 0.5903186079020288 0.09827324505632137 0.11624215186945541
1456 0.7896106231092384 0.6135328101864027 0.06105746832111621 0.07301237012586892
717 0.8880370514535979 0.5762239095663472 0.08580609604505725 0.0935383576783142
736 0.9428338120972596 0.578805380522053 0.032200494804219916 0.03818708423309758
736 0.7121415509493947 0.7105485975290666 0.09347648441265974 0.11432445435896632
717 0.8195716386965787 0.7241868902703154 0.15111402179152655 0.16065592531467204
736 0.9190253354782699 0.7395769371607488 0.07672602698730664 0.11927206348717298
736 0.8651083778008154 0.8030348633006135 0.0487324309422494 0.030114475104890914
736 0.5532528700071453 0.7252119809276827 0.13827553218308672 0.08818892946385706
717 0.4679977030627522 0.5404682827924937 0.41077251709994955 0.36217549420042994
736 0.7533820900929724 0.15447619628431114 0.14005655347041035 0.09143232863402004