736 0.2852187175305021 0.9574472411979237 0.12896406203449332 0.06041261213660043
1803 0.2738017204259862 0.8469467837725706 0.04960189371369372 0.028387079953513705
718 0.3402422036767632 0.8093814457732851 0.07347604135632882 0.03940098960843983
736 0.41916341624937575 0.7536998923028749 0.03143409057054054 0.03957595222957302
1165 0.48364329321384647 0.7413530755909129 0.09687930810555194 0.07374313861970413
1803 0.5498119487143646 0.7147798679134583 0.029944365177646405 0.04102919158591121
1803 0.6189793256788352 0.7021052692705111 0.04647689371369381 0.02816855866619026
1803 0.6105097001621065 0.6548860618451581 0.04647689371369381 0.028168558666190436
718 0.6949403581438239 0.6670093674092552 0.07347604135632882 0.03940098960843983
1803 0.8708372322128106 0.7581703269282952 0.02845463978475209 0.04248243094224939
1803 0.955773004338717 0.7138251112050689 0.04960189371369381 0.028387079953513705
1803 0.9506295860179174 0.6875357628142232 0.04647689371369381 0.028168558666190436
718 0.9418495913946009 0.6168244250670394 0.035359611248705035 0.05698197351689647
717 0.8189793256788352 0.688119906881809 0.14532111621110388 0.1440991972858944
717 0.6860533556626246 0.627657290305733 0.09807793507002245 0.06603989926336595
1803 0.7671214191448599 0.6180694868353228 0.04647689371369381 0.028168558666190436
2235 0.9360832808078496 0.5098478053888702 0.12758996071058562 0.16466306956195353
1803 0.8435254456139927 0.4073726514339274 0.06773546360606986 0.049901447033792935
736 0.7429239780789813 0.38462320230644753 0.10702059553293922 0.12428944183801285
717 0.8322925390800172 0.334481454652236 0.07260705417661058 0.08761996832111638
717 0.9285853422231704 0.31520729474520853 0.07119010339082195 0.09063570767745457
1803 0.787194054795783 0.2749314920311029 0.04647689371369364 0.02816855866619026
1803 0.7830138229927481 0.2524937633184264 0.04952911910658777 0.026824579953513793
1803 0.7771983165826073 0.22860279524941157 0.046404119106587774 0.026606058666190348
1803 0.7738357220831252 0.20689168621490417 0.04647689371369364 0.028168558666190346
1803 0.7688378529765375 0.18372733782405853 0.046404119106587774 0.026606058666190348
1182 0.8777376639775735 0.1353023124754119 0.1717466832079957 0.2706046249508238
1803 0.6495656222069598 0.2649605483515047 0.037756865177646405 0.04157549480421992
1803 0.5308156222069598 0.2732643572697966 0.028381865177646404 0.04091993094224948
1803 0.5587222983856421 0.2666101656838854 0.03143409057054054 0.03957595222957302
1803 0.5881550872607717 0.25906546345431236 0.031506865177646406 0.04113845222957302
4439 0.5977804902800903 0.1964726283050185 0.08459763192686935 0.07755655347041021
736 0.5923994774598087 0.14825364959234197 0.05301799214211709 0.03485560124083724
736 0.46028695243841816 0.30719659687823636 0.028381865177646404 0.04091993094224948
736 0.42380579693790016 0.33169385232611803 0.043351893713693815 0.02795003737886681
1456 0.4122475587247244 0.28547441618808844 0.05788958271265763 0.07257412252816069
1803 0.12114952377853634 0.29564064590917116 0.04647689371369372 0.02816855866619026
736 0.2879945754739474 0.3270823980028581 0.1302012303552929 0.08697511213660052
717 0.06999374627594634 0.40894902908099356 0.10280397642635145 0.10063342055068922
717 0.25555241066780454 0.4382984034507397 0.058578787427387445 0.05393338317182241
736 0.32364959325662773 0.45313144577328507 0.025256865177646404 0.04070140965492612
736 0.29966843775610974 0.4767546160718729 0.03001713978475227 0.04259169158591121
1456 0.22261794023730905 0.5221160285767905 0.08379711124870504 0.06036905347041035
736 0.1148247109154735 0.5468971433112811 0.13637845574818702 0.0858496547112475
736 0.3108671110393081 0.582567573497226 0.0940839478903042 0.11404035668871888
1456 0.2308007754311662 0.630491257289467 0.05788958271265772 0.0725741225281606
717 0.12620316666366055 0.6229133400929724 0.08376287799792799 0.09307229282674853
736 0.07455077543116617 0.6414173216556406 0.03136131596343472 0.038013452229573017
736 0.3320593684829062 0.7010062170606086 0.08939644789030421 0.11371257475773362
717 0.23220707174989377 0.7448269088986214 0.1459760876750565 0.15816169728589458
736 0.12859407423109315 0.7920457523457886 0.09742727171162172 0.11894637797604232
736 0.20890231244426888 0.8334577201627017 0.048112168320799585 0.02984031930985225
736 0.4888894112869771 0.6688771420507733 0.13637845574818713 0.0858496547112475
717 0.5218709234880861 0.46827085467190654 0.39958489288512417 0.3534406183407867
736 0.14172738937046753 0.18211909528875253 0.13808650496239872 0.08908391535490919