1455 0.52578125 0.446875 0.10625 0.14296875
1345 0.23671875 0.36796875 0.09765625 0.1015625
1345 0.2640625 0.621875 0.09765625 0.10078125
1345 0.33671875 0.3046875 0.04453125 0.03984375
1455 0.34609375 0.3984375 0.03359375 0.04921875
1543 0.39296875 0.33828125 0.0203125 0.01328125
1569 0.39296875 0.38203125 0.01953125 0.01328125
1568 0.39296875 0.4015625 0.0203125 0.0125
1181 0.33828125 0.46875 0.065625 0.0390625
1455 0.28125 0.53359375 0.05078125 0.05625
498 0.33828125 0.6015625 0.040625 0.06640625
498 0.37890625 0.6015625 0.040625 0.0671875
1455 0.33828125 0.50546875 0.034375 0.028125
1455 0.39296875 0.4734375 0.01796875 0.0375
1455 0.284375 0.46875 0.01875 0.02734375
1455 0.3578125 0.65390625 0.0421875 0.03125
724 0.6640625 0.4484375 0.03828125 0.084375
1219 0.609375 0.44921875 0.03125 0.0640625
1164 0.278125 0.315625 0.02109375 0.01015625
1164 0.3 0.33828125 0.01640625 0.01171875
1164 0.39296875 0.32109375 0.01640625 0.0109375
1368 0.30546875 0.30703125 0.01171875 0.04140625
564 0.3 0.3796875 0.0109375 0.02734375
1345 0.34375 0.346875 0.0265625 0.0359375
2234 0.3 0.35703125 0.01875 0.0109375
2234 0.3 0.40234375 0.01796875 0.01015625
1164 0.3015625 0.42890625 0.01640625 0.0109375
1164 0.30078125 0.44140625 0.01640625 0.0125
1164 0.31875 0.4421875 0.01640625 0.01171875
1164 0.35625 0.44140625 0.0171875 0.0109375
1164 0.375 0.44140625 0.01640625 0.01171875
564 0.39296875 0.4265625 0.009375 0.0296875
209 0.39296875 0.42421875 0.0046875 0.01484375
240 0.3 0.38046875 0.00546875 0.01484375
209 0.39296875 0.35859375 0.0046875 0.01328125
564 0.39296875 0.3609375 0.01171875 0.02890625
564 0.33828125 0.54453125 0.01171875 0.028125
211 0.3375 0.54375 0.0046875 0.01328125
1576 0.39375 0.54921875 0.02109375 0.02265625
1164 0.3140625 0.534375 0.0078125 0.02421875
1164 0.35703125 0.5375 0.01640625 0.0109375
1164 0.39375 0.528125 0.01640625 0.0109375
1164 0.39296875 0.50234375 0.0171875 0.0109375
1164 0.42578125 0.55703125 0.00703125 0.0234375
1164 0.45703125 0.61796875 0.0171875 0.0125
1164 0.4640625 0.43046875 0.01640625 0.0109375
1164 0.575 0.35859375 0.01640625 0.01484375
1164 0.484375 0.37890625 0.0078125 0.021875
2710 0.759375 0.28671875 0.01484375 0.01796875
1345 0.40546875 0.26640625 0.1546875 0.0265625
1345 0.5484375 0.2640625 0.1234375 0.028125
1345 0.68125 0.265625 0.12421875 0.028125
1345 0.7875 0.43671875 0.0375 0.36953125
1345 0.71640625 0.64921875 0.12734375 0.02265625
1345 0.4453125 0.65390625 0.12578125 0.0234375
1345 0.58125 0.6515625 0.12421875 0.021875
63 0.3375 0.5953125 0.02265625 0.0296875
63 0.38046875 0.596875 0.02265625 0.0296875
1377 0.25546875 0.46328125 0.02265625 0.053125
283 0.25625 0.4625 0.01640625 0.0125
3485 0.409375 0.621875 0.009375 0.03984375
4204 0.42421875 0.62109375 0.0078125 0.03828125
2277 0.43984375 0.628125 0.01015625 0.0265625
2291 0.45390625 0.6328125 0.009375 0.0140625
3439 0.47578125 0.63203125 0.01875 0.0140625
3698 0.48515625 0.60234375 0.03359375 0.0125
4400 0.4984375 0.628125 0.009375 0.02578125
2792 0.528125 0.62578125 0.01171875 0.0234375
2793 0.54296875 0.628125 0.01171875 0.021875
2800 0.5578125 0.6265625 0.0125 0.02265625
2801 0.57265625 0.6265625 0.01328125 0.02265625
2802 0.5875 0.62734375 0.01015625 0.021875
2803 0.60234375 0.6265625 0.01171875 0.021875
2766 0.61796875 0.63125 0.0109375 0.01328125
2804 0.63203125 0.62578125 0.01171875 0.02265625
2806 0.66171875 0.62578125 0.01171875 0.02109375
2807 0.67734375 0.62578125 0.01171875 0.021875
2794 0.6921875 0.61875 0.0109375 0.0328125
2795 0.70703125 0.6203125 0.01171875 0.03203125
2796 0.72109375 0.61875 0.0109375 0.0328125
2797 0.7359375 0.61953125 0.0109375 0.03359375
2798 0.75078125 0.61953125 0.0125 0.03359375
2799 0.765625 0.6171875 0.01171875 0.0359375
2828 0.36953125 0.30703125 0.01015625 0.0390625
3439 0.38359375 0.3 0.009375 0.02578125
2671 0.4 0.2984375 0.0125 0.02265625
2661 0.41484375 0.2984375 0.0109375 0.02421875
2655 0.4296875 0.29921875 0.01171875 0.02421875
2645 0.44375 0.2984375 0.01171875 0.02421875
2784 0.459375 0.29296875 0.0109375 0.0125
2775 0.4734375 0.2921875 0.0109375 0.01328125
2769 0.49609375 0.2921875 0.01015625 0.0125
2766 0.5109375 0.2921875 0.0109375 0.01328125
2756 0.52578125 0.2921875 0.01171875 0.0140625
2745 0.540625 0.29140625 0.01171875 0.0125
2728 0.55625 0.2921875 0.0125 0.01015625
2700 0.5703125 0.290625 0.0109375 0.01171875
2644 0.58515625 0.29140625 0.0125 0.0109375
2638 0.59921875 0.290625 0.01015625 0.0125
3749 0.56484375 0.32109375 0.0203125 0.01171875
4338 0.5859375 0.3203125 0.009375 0.0234375
4237 0.6 0.3203125 0.0078125 0.0234375
3259 0.62578125 0.3421875 0.08359375 0.0109375
3479 0.58984375 0.46640625 0.0078125 0.0265625
2588 0.62890625 0.30859375 0.0109375 0.04765625
2528 0.64375 0.3078125 0.0109375 0.04609375
2587 0.659375 0.3078125 0.01171875 0.046875
2527 0.6734375 0.3078125 0.01171875 0.046875
2586 0.68828125 0.3078125 0.01328125 0.04921875
2526 0.703125 0.30703125 0.01015625 0.04921875
2547 0.71796875 0.30703125 0.0109375 0.04765625
2544 0.7328125 0.30703125 0.01171875 0.046875
3631 0.67421875 0.38984375 0.0140625 0.0125
2311 0.55234375 0.60078125 0.05625 0.0125
2249 0.58671875 0.54453125 0.0140625 0.0125
2249 0.61953125 0.54453125 0.0140625 0.0203125
3592 0.6875 0.54296875 0.06953125 0.0265625
2827 0.603125 0.578125 0.06796875 0.01796875
2720 0.7078125 0.57421875 0.02734375 0.015625
3305 0.74609375 0.55546875 0.00859375 0.0609375
564 0.7 0.37734375 0.01171875 0.02890625
211 0.70078125 0.3765625 0.00546875 0.0125
1565 0.67421875 0.378125 0.0203125 0.01328125
4204 0.63984375 0.44765625 0.00703125 0.03203125
2756 0.765625 0.253125 0.00625 0.01171875
2715 0.76015625 0.30703125 0.0140625 0.01640625
2721 0.76015625 0.32734375 0.01484375 0.0171875
2723 0.76015625 0.346875 0.01484375 0.015625
2729 0.7609375 0.36640625 0.01484375 0.0171875
2733 0.7609375 0.38671875 0.01484375 0.01640625
2736 0.76171875 0.4078125 0.0140625 0.01640625
2738 0.76171875 0.42734375 0.0140625 0.0171875
2740 0.76171875 0.44765625 0.0140625 0.0171875
2732 0.8109375 0.365625 0.0125 0.0171875
2734 0.81015625 0.3859375 0.0140625 0.01640625
2737 0.81015625 0.40625 0.0140625 0.0140625
2739 0.8109375 0.4265625 0.01328125 0.015625
2741 0.81171875 0.446875 0.01484375 0.01640625
2746 0.76171875 0.46796875 0.01640625 0.0171875
2747 0.8109375 0.4671875 0.015625 0.01796875
2748 0.76171875 0.4890625 0.01640625 0.01640625
2749 0.8109375 0.48671875 0.01484375 0.01640625
2750 0.76171875 0.50859375 0.015625 0.0171875
2751 0.81171875 0.5078125 0.0140625 0.015625
2752 0.76171875 0.528125 0.01484375 0.01484375
2753 0.81171875 0.52734375 0.0140625 0.015625
2754 0.7625 0.54921875 0.015625 0.01640625
2755 0.8125 0.54765625 0.01484375 0.01640625
2757 0.7625 0.56953125 0.015625 0.01796875
2758 0.8125 0.56875 0.0140625 0.01796875
2759 0.7625 0.58984375 0.015625 0.015625
2760 0.8125 0.5890625 0.015625 0.015625
3439 0.81328125 0.609375 0.015625 0.01171875
158 0.2796875 0.525 0.015625 0.028125
136 0.353125 0.6546875 0.015625 0.021875
1368 0.4390625 0.5578125 0.0109375 0.0421875
1780 0.4671875 0.55625 0.00859375 0.028125
1181 0.45546875 0.55703125 0.009375 0.03046875
2520 0.38828125 0.5640625 0.03359375 0.0125
2249 0.41328125 0.35 0.01015625 0.01484375
2249 0.459375 0.34921875 0.01171875 0.01015625
2234 0.47265625 0.37265625 0.00625 0.02734375
2315 0.43671875 0.3703125 0.0625 0.0125
1780 0.3375 0.43984375 0.01953125 0.0109375
3559 0.37734375 0.3390625 0.0078125 0.0140625
4337 0.375 0.38359375 0.0125 0.015625
4236 0.375 0.40234375 0.01328125 0.0125