1455 0.4527466344688163 0.5172218069014795 0.12481344655564541 0.16310056956195354
1345 0.7284931290585399 0.6063125320078597 0.10947795157021041 0.11836722376899793
1345 0.7359265104913483 0.35084378200785976 0.10943248746358769 0.11680472376899793
1345 0.6215013314866801 0.666031375455027 0.049755959092057725 0.048699579953513705
1455 0.624229177884041 0.5722813754550269 0.04060827962517113 0.055856516091543365
1543 0.5702941841522471 0.630629107017695 0.022284176959604097 0.015592149011264312
1569 0.5754734291376822 0.5866059554085407 0.020721676959604095 0.015482888367602499
1568 0.5783627484171544 0.5676920644430481 0.022284176959604097 0.015592149011264312
1181 0.6418773306287503 0.5016575190184096 0.07006845909205772 0.050119968321116384
1455 0.7068407525737894 0.4394199629501093 0.05802310015828453 0.06487088317182241
498 0.6590002976383669 0.3686975535472848 0.04887542069139794 0.07202781930985207
498 0.6192702079049235 0.36757744996065905 0.04892088479802066 0.07359031930985208
1455 0.6468292550810719 0.4654468674092552 0.03840928213245363 0.03387225544788173
1455 0.5882665973217976 0.49527076122473945 0.02301160266556703 0.04059214901126431
1455 0.6948204742022595 0.5041926571339106 0.022738818025830908 0.031217149011264312
1455 0.6472875593168493 0.31572001901840957 0.0463581744523216 0.039106058666190345
724 0.315701275535043 0.5112117435437121 0.04942098997087019 0.09077781930985207
1219 0.37025238321517506 0.5120751210155514 0.03945495658477523 0.06980975544788173
1164 0.6810127238065482 0.6571919709958809 0.023755748746358663 0.012576409654926124
1164 0.6621861674591998 0.6343389790416527 0.017596676959604096 0.015264367080279229
1164 0.5674503289793977 0.6479804979831876 0.01755121285298138 0.013701867080279229
1368 0.6527058673800574 0.6654086625817922 0.01841503087881229 0.04338936708027905
564 0.6680784662847008 0.5926049471106675 0.01492631802583091 0.030670845792955603
1345 0.6196038623654925 0.6240623967423504 0.03082410266556703 0.04113845222957302
2234 0.6642942367386718 0.6154797183979909 0.02067621285298138 0.0139203883676025
2234 0.6710814458307296 0.5697848061451749 0.02063074874635884 0.012357888367602498
1164 0.6726355856433152 0.543167675823344 0.01755121285298138 0.01370186708027905
1164 0.6753430484962967 0.5305037848578513 0.017596676959604096 0.015264367080279052
1164 0.6574424946562306 0.5294165322599613 0.017596676959604096 0.015264367080279052
1164 0.620033422869476 0.5289137877078429 0.019113712852981378 0.013811127723940863
1164 0.60135161902941 0.5278811654317839 0.017596676959604096 0.015264367080279229
564 0.5814339241231172 0.5425281734775554 0.013409282132453626 0.03212408514929379
209 0.5813657279631832 0.5448719234775554 0.006704641066226813 0.016062042574646895
240 0.6681011983380121 0.5918236971106674 0.008267141066226813 0.01617130321830871
209 0.572447717538342 0.6102073463740333 0.006613712852981379 0.012937042574646895
564 0.573297163698276 0.6078089660522025 0.01648881802583091 0.030780106436617417
564 0.651872107746639 0.42611121580010086 0.01648881802583091 0.030780106436617417
211 0.6526306256933276 0.4268378354782699 0.006613712852981379 0.012937042574646895
1576 0.5974801244396863 0.4197790883282616 0.024119461599340218 0.025076409654926125
1164 0.6741646448936576 0.43702693646700574 0.011664925705962937 0.025764824505632156
1164 0.6322044654267709 0.43216447384587264 0.01755121285298138 0.013701867080279229
1164 0.5945453410535915 0.4402554792937542 0.01755121285298138 0.013701867080279229
1164 0.5922326832943172 0.46614598993741596 0.019113712852981378 0.013811127723940686
1164 0.5665711052393565 0.4102455512014963 0.01005696159934022 0.02409306386197052
1164 0.5434124015575751 0.34871247150008405 0.019159176959604098 0.015373627723940863
1164 0.5114624049227874 0.5357261524423336 0.01755121285298138 0.013701867080279229
1164 0.3925245368178142 0.6040769507169637 0.01768760517284953 0.01838936708027905
1164 0.48503028556417294 0.5866930727409214 0.010011497492717503 0.02253056386197052
2710 0.19959523924595432 0.6698051295655263 0.01777853338609483 0.02151436708027905
1345 0.5479357993542264 0.7023619953852975 0.15747753087881247 0.05311356436617345
1345 0.40611201220720794 0.6998047139585155 0.12618206677218957 0.049365851492938796
1345 0.27453540327343473 0.6934122383479322 0.12774456677218976 0.04947511213660043
1345 0.19230923964166574 0.5182808343929892 0.08733749326957545 0.3756662715394251
1345 0.2904298055559256 0.3079282064169469 0.13068771034569898 0.04344363342392406
1345 0.5600603439565853 0.3124636150634667 0.12760817445232178 0.04478761213660052
1345 0.42524507475625556 0.3101959107402068 0.12756271034569905 0.04322511213660052
63 0.6595996912118761 0.374892923225454 0.025909282132453627 0.03299817029858776
63 0.6167900655850554 0.3724288409261517 0.025909282132453627 0.03299817029858776
1377 0.722718153669146 0.5100384655479994 0.02815374373179367 0.0565449309422494
283 0.7219141716158348 0.5108743458698302 0.017596676959604096 0.015264367080279052
3485 0.5918271695042637 0.3461066415465703 0.015244566772189749 0.0416083457929556
4204 0.5770061515575751 0.3463633676613568 0.012028638558944316 0.03826482450563216
2277 0.5624124541439999 0.3388075937761432 0.013318353919208192 0.02899908514929388
2291 0.5485318105704906 0.33354093956909886 0.011392141066226814 0.016389824505632155
3439 0.5267022746771132 0.3335080885803632 0.02076714106622681 0.0170453883676025
3698 0.5141424387045936 0.36323379340782613 0.03639214106622681 0.018137994804219914
4400 0.5040005605704906 0.33665486791345833 0.013272889812585476 0.02743658514929388
2792 0.47433579262380193 0.3379495701430313 0.016352425705962757 0.026092606436617326
2793 0.4596057028903586 0.33508129625781774 0.01474446159934022 0.024420845792955604
2800 0.44476195289035864 0.33611927237260425 0.01474446159934022 0.024420845792955604
2801 0.42996366699698124 0.33559474848739074 0.01474446159934022 0.024420845792955604
2802 0.41596936315691535 0.3342343442803463 0.01161946159934022 0.024202324505632155
2803 0.4011483452102266 0.3344910703951328 0.01474446159934022 0.024420845792955604
2766 0.3857052016367174 0.3293336768317502 0.012909176959604095 0.01493658514929388
2804 0.3715290413701607 0.3342232726247058 0.01474446159934022 0.024420845792955604
2806 0.341932469583406 0.3331742248542787 0.01474446159934022 0.024420845792955604
2807 0.3263529336900287 0.3327043312908961 0.01474446159934022 0.024420845792955604
2794 0.3105688093168493 0.3392656877275134 0.015062710345698971 0.0353583457929556
2795 0.29659723753009465 0.3371240335204691 0.01657974623907634 0.03390510643661741
2796 0.28175348753009466 0.33816200963525556 0.01506271034569906 0.0353583457929556
2797 0.2677591836900287 0.33680160542821114 0.015108174452321599 0.036920845792955605
2798 0.2529608977966514 0.3362770815429976 0.0166706744523216 0.037030106436617416
2799 0.23809441574334006 0.33809630765778415 0.016716138558944316 0.03859260643661733
2828 0.5888479558598595 0.6628570989719234 0.015199102665566854 0.0400458457929556
3439 0.57384508148668 0.6693638250867098 0.013272889812585476 0.027436585149293792
2671 0.55743883148668 0.670511061845158 0.01474446159934022 0.024420845792955604
2661 0.5426405455933028 0.6699865379599446 0.014835389812585476 0.027545845792955603
2655 0.5286462417532368 0.6686261337529003 0.016397889812585477 0.027655106436617415
2645 0.5146064738065481 0.6688282295458559 0.016397889812585477 0.027655106436617415
2784 0.4980865635399915 0.6738817163043039 0.012909176959604095 0.014936585149293791
2775 0.4840467955933027 0.6740838120972595 0.012909176959604095 0.014936585149293791
2769 0.4614587417532368 0.6733243414303548 0.011346676959604096 0.014827324505632155
2766 0.44666045585985953 0.6727998175451413 0.012909176959604095 0.014936585149293791
2756 0.43186216996648213 0.6722752936599277 0.014517141066226813 0.016608345792955604
2745 0.4170411520197935 0.6725320197747142 0.014471676959604097 0.015045845792955603
2728 0.4022655981797275 0.6712262458895006 0.01438074874635884 0.011920845792955603
2700 0.38742184817972747 0.6722642220042871 0.012909176959604095 0.014936585149293791
2644 0.3734275443396616 0.6709038177972427 0.014426212852981379 0.013483345792955603
2638 0.35938777639297287 0.6711059135901983 0.011346676959604096 0.014827324505632155
3749 0.3976606662055585 0.6419211581423168 0.022284176959604097 0.015592149011264312
4338 0.37661238031218114 0.6418336768317502 0.013227425705962937 0.02587408514929379
4237 0.3625953444188038 0.6412545226247058 0.01161946159934022 0.024202324505632155
3259 0.3398625380714554 0.6186746822796317 0.08496603338609487 0.02621257475773362
3479 0.3917780422280905 0.49575635232611803 0.011710389812585565 0.027327324505632154
2588 0.3318765418323791 0.6519788551761095 0.017034387305303156 0.04953010643661741
2528 0.3170555238856904 0.6522355812908961 0.017034387305303156 0.04953010643661741
2587 0.30147598799231307 0.6517656877275135 0.018596887305303157 0.04963936708027923
2527 0.28824020209893575 0.6511319031986382 0.018596887305303157 0.04963936708027905
2586 0.27344191620555847 0.6506073793134247 0.018687815518548413 0.052764367080279054
2526 0.2586208982588698 0.6508641054282112 0.015517351411925784 0.0509833457929556
2547 0.24382261236549246 0.6503395815429978 0.017034387305303156 0.04953010643661741
2544 0.22902432647211518 0.6498150576577841 0.018596887305303157 0.04963936708027905
3631 0.29763558564331516 0.5693902303021604 0.016034176959604095 0.015155106436617416
2311 0.44711406307777307 0.36246325108528077 0.05835806927947225 0.022792643815484227
2249 0.4057472655059132 0.417593147498655 0.016034176959604095 0.015155106436617416
2249 0.3730484257724699 0.41598137101555144 0.016261497492717502 0.022967606436617417
3592 0.3052388001456493 0.4152654590148369 0.07287521034569897 0.03940098960843983
2827 0.39348895790492355 0.3833656129697798 0.07108538981258565 0.03147922896477802
2720 0.2890060463847256 0.383654826095116 0.03023306927947216 0.02082595222957302
3305 0.2487531194251215 0.4005034725084903 0.017398100158284534 0.06203010643661742
564 0.2708003010035791 0.58062266124441 0.01648881802583091 0.030780106436617417
211 0.26999631895026777 0.5814585415662408 0.008176212852981379 0.013046303218308708
1565 0.29651335484364505 0.5811636106239912 0.022284176959604097 0.015592149011264312
4204 0.3398290973217977 0.5126432035669553 0.010284282132453627 0.03190556386197052
2756 0.189265493006878 0.7032731934274967 0.008176212852981469 0.013046303218308708
2715 0.20174877263204918 0.6493833689218645 0.01612510517284953 0.018280106436617417
2721 0.20468355601814406 0.6289069779563718 0.017733069279472158 0.019951867080279052
2723 0.20681435735092757 0.6092664673127102 0.01768760517284953 0.01838936708027905
2729 0.20894515868371108 0.5896259566690485 0.017733069279472248 0.019951867080279052
2733 0.21187994206980595 0.5691495657035558 0.01768760517284953 0.01838936708027905
2736 0.21405620750921212 0.5479465550598941 0.01612510517284953 0.018280106436617417
2738 0.21618700884199563 0.5283060444162324 0.016170569279472156 0.019842606436617415
2740 0.21909906017477915 0.5086109034507398 0.016170569279472156 0.019842606436617415
2732 0.1590815510035791 0.5884347972662239 0.014608069279472159 0.019733345792955603
2734 0.16277485233636263 0.5686850259789005 0.016125105172849485 0.018280106436617417
2737 0.16570963572245748 0.5482086350134079 0.016079641066226814 0.016717606436617415
2739 0.16708191910855233 0.527841504691577 0.014562605172849486 0.018170845792955602
2741 0.1692354524946472 0.5074197440479152 0.01768760517284953 0.01838936708027905
2746 0.22203384356087402 0.4881345124852471 0.017733069279472158 0.01995186708027923
2747 0.17295148588074202 0.4868887227605918 0.017778533386094874 0.02151436708027905
2748 0.22421010900028016 0.4669315018415854 0.01768760517284953 0.01838936708027905
2749 0.17508228721352553 0.4672482121169301 0.01768760517284953 0.01838936708027905
2750 0.2271221603330637 0.44723636087609275 0.017733069279472158 0.01995186708027923
2751 0.17725855265293175 0.44604520147326826 0.016125105172849485 0.018280106436617417
2752 0.2300342116658472 0.42754121991060023 0.01768760517284953 0.01838936708027905
2753 0.18017060398571524 0.42635006050777574 0.01612510517284953 0.018280106436617417
2754 0.23142922710525343 0.4063928395887693 0.01768760517284953 0.018389367080279228
2755 0.18230140531849875 0.406709549864114 0.01768760517284953 0.01838936708027905
2757 0.2343640104913483 0.3859164486232768 0.017778533386094787 0.02151436708027905
2758 0.18447767075790494 0.3855065392204523 0.016216033386094876 0.021405106436617416
2759 0.2372760618241318 0.36622130765778416 0.01768760517284953 0.01838936708027905
2760 0.18741245414399982 0.36503014825495966 0.017687605172849487 0.01838936708027905
3439 0.18956598753009468 0.3446083876112979 0.01759667695960414 0.015264367080279052
158 0.7073719499873647 0.44795908262827844 0.01961381802583091 0.030998627723940863
136 0.6519750593168493 0.31539223708742437 0.01786946159934022 0.02463936708027905
1368 0.5533353193459792 0.409611766672621 0.016897994985435004 0.044842606436617416
1780 0.5252557834526018 0.41001595825853226 0.01336381802583091 0.03056158514929397
1181 0.5369745334526018 0.4091965034310693 0.013454746239076342 0.03368658514929379
2520 0.6049432834526018 0.40444366543178384 0.03639214106622681 0.018137994804219914
2249 0.55114937905854 0.6187136150634667 0.01143760517284953 0.017952324505632156
2249 0.505973271378408 0.6171946737296571 0.014380748746358663 0.011920845792955603
2234 0.4957404650310595 0.5937407482352892 0.010193353919208193 0.02878056386197052
2315 0.5307148586045688 0.5975323837529001 0.06460806927947224 0.02322968639013112
1780 0.6386924946562307 0.5307276599839021 0.02067621285298138 0.0139203883676025
3559 0.5858964520989358 0.6303177505810776 0.009784176959604096 0.014718063861970521
4337 0.5942006970843708 0.5860760776845999 0.014562605172849529 0.018170845792955602
4236 0.596308766363843 0.5672168170409382 0.014471676959604097 0.015045845792955603