1455 0.5685995166265404 0.4360932945921265 0.15492684389007838 0.12710971950581323
1345 0.6357405186716045 0.7254033257110131 0.11081313103709682 0.11129454274124875
1345 0.3828595595795467 0.6991530921072598 0.109250631037097 0.11117614357108571
1345 0.703279708167621 0.624762863053677 0.04511392319868044 0.05019017676456468
1455 0.6098563171013941 0.616182613678377 0.05265363855894432 0.04140717261537965
1543 0.6718873041692703 0.5684186972867744 0.014698997492717502 0.022940592531467276
1569 0.6280463759560251 0.5686088740513391 0.014653533386094963 0.021378092531467274
1568 0.6084696618494023 0.568526363678377 0.014698997492717502 0.022940592531467276
1181 0.5388307632613282 0.6239135259207945 0.04575042069139812 0.07206517676456467
1455 0.472385060833188 0.6814076398228861 0.06092077962517113 0.0576241684661948
498 0.40652672862159206 0.62454325579957 0.07006845909205772 0.05052206348717299
498 0.4084923939027137 0.584462707459244 0.07163095909205772 0.050640462657336016
1455 0.5028250671013941 0.624292956834544 0.0307331744523216 0.03818708423309758
1455 0.5364582695295343 0.569285225505876 0.03969899749271768 0.024834979254075584
1455 0.5372742749398107 0.6780565742611205 0.030278533386094965 0.02256208423309758
1455 0.3550862490755632 0.6057349788298684 0.0356479949854351 0.046354781743586496
724 0.5723884431904331 0.29722004874131136 0.088772994985435 0.050380353529129354
1219 0.5700734369222269 0.35220354666671894 0.06667067445232178 0.040910265146846925
1164 0.6901181301126601 0.6837001551702258 0.011573997492717503 0.022703794191141213
1164 0.6683424185133199 0.6618610439674265 0.014562605172849529 0.018253092531467275
1164 0.6891202682758931 0.5686788064149813 0.012954641066226813 0.016572193361304242
1368 0.6995014903000746 0.6563680605641661 0.041079641066226816 0.018703378424238616
564 0.6268452403000746 0.6618736219767467 0.02848871285298138 0.014631185062934548
1345 0.6615779414745735 0.6177441910629972 0.03836381802583091 0.03252908008391255
2234 0.6495469544066973 0.6617193340093829 0.013045569279472247 0.019697193361304245
2234 0.6041435261934518 0.6620279099441106 0.011483069279472246 0.019578794191141214
1164 0.5774900979802065 0.6609156958368819 0.012954641066226813 0.016572193361304242
1164 0.5649900979802065 0.6618628891981861 0.014562605172849529 0.018253092531467275
1164 0.5652485107540457 0.6438349396131047 0.014562605172849529 0.018253092531467275
1164 0.5672823721951014 0.6060981412727786 0.01300010517284953 0.018134693361304244
1164 0.5682993029156291 0.5872297421026156 0.014562605172849529 0.018253092531467275
564 0.5834241977427796 0.5688582504009853 0.03000574874635866 0.01318708423309758
209 0.5857679477427796 0.5686806516457408 0.015806856426490868 0.007433991701630305
240 0.6260639903000745 0.6619328215618282 0.015852320533113407 0.008996491701630305
209 0.6515293400626477 0.5683953864988938 0.012681856426490867 0.007197193361304244
564 0.6491855900626478 0.5685729852541384 0.030096676959604097 0.01631208423309758
564 0.46369437094146004 0.6249091860886197 0.030096676959604097 0.0163120842330974
211 0.4644983529947714 0.6256312365035381 0.012681856426490867 0.007197193361304244
1576 0.46127641310304357 0.5687183856737011 0.024119461599340218 0.025213487552445457
1164 0.47299281459411163 0.6484767406527231 0.025272784639735944 0.011269386722608488
1164 0.4709613016619879 0.6055671902378046 0.012954641066226813 0.016572193361304242
1164 0.4824156272096663 0.5686824968765004 0.012954641066226813 0.016572193361304242
1164 0.5074838233696003 0.5691318601538919 0.01300010517284953 0.018134693361304244
1164 0.4548756489172786 0.5371015327692718 0.023664820533113407 0.009588487552445457
1164 0.39523622446495693 0.5056040016503852 0.014608069279472159 0.019815592531467273
1164 0.5829180808914477 0.49764610123082226 0.012954641066226813 0.016572193361304242
1164 0.6587555036944167 0.3861981931375896 0.01768760517284953 0.018489890871793334
1164 0.6347844577719095 0.477273479030361 0.022147784639736122 0.011032588382282249
2710 0.7379248634861197 0.2008983879487863 0.02081260517284953 0.018726689212119306
1345 0.7443389656894683 0.5558818858741938 0.04204641066226813 0.15909158008391255
1345 0.7526789999334931 0.4119659425128897 0.039574628529814505 0.1277231809137495
1345 0.7558458008705651 0.27862064624715605 0.04118259263643722 0.12940408008391255
1345 0.589154742873864 0.17380585952919206 0.3721310642649073 0.09056060332863666
1345 0.3743624686589692 0.24567289459677086 0.03502352084968248 0.13205548340326043
1345 0.35879025910469303 0.5177613821492162 0.03649509263643722 0.12904888257342345
1345 0.3665763638818311 0.3817171383729936 0.03493259263643722 0.12893048340326044
63 0.4128221927282147 0.6256321591189179 0.03193196159934022 0.02580548340326061
63 0.41313442979609094 0.5825450099487549 0.03193196159934022 0.02580548340326061
1377 0.5412630929656416 0.7075072759207945 0.05541492570596294 0.02914397095570571
283 0.5420216109123303 0.706666826335713 0.014562605172849529 0.018253092531467275
3485 0.38881037971694876 0.5538522475012002 0.04098871285298147 0.015578378424238615
4204 0.39072222070403323 0.5388308987459558 0.03781824874635884 0.013779080083912732
2277 0.3839948475844951 0.5228982454266079 0.02688074874635884 0.012950285892771519
2291 0.37967942062489096 0.5091317433520154 0.014380748746358751 0.012003092531467275
3439 0.38138667313217345 0.48707914459677093 0.016216033386094876 0.021496491701630305
3698 0.4116508346523714 0.4777391107785919 0.016670674452321777 0.0371214917016303
4400 0.38621892563945587 0.46478974750120033 0.02531824874635884 0.012831886722608488
2792 0.39004260761362497 0.43474704999071123 0.025409176959604096 0.015956886722608487
2793 0.3880481986007095 0.4200216991608743 0.023846676959604095 0.015838487552445456
2800 0.3907412895877941 0.4049411508205482 0.023846676959604095 0.015838487552445456
2801 0.39109063057487853 0.39003820123546673 0.023846676959604095 0.01583848755244528
2802 0.3906587215619631 0.3751944512354667 0.02219324874635884 0.012595088382282339
2803 0.3925705625490476 0.36017310248022216 0.023846676959604095 0.01583848755244537
2766 0.3882096714828208 0.34484410040562974 0.012863712852981468 0.013447193361304243
2804 0.3940504945232167 0.3303080037249776 0.023846676959604095 0.01583848755244537
2806 0.3955304264973857 0.3004429049697331 0.023846676959604095 0.01583848755244537
2807 0.3958570354311589 0.28475870538465153 0.023846676959604095 0.01583848755244537
2794 0.4040416084715548 0.27004500994875497 0.03317621285298138 0.014986382573423463
2795 0.4028284494586393 0.25526045953383647 0.033221676959604096 0.016548882573423553
2796 0.4047630224990352 0.24102036077859196 0.03317621285298138 0.014986382573423463
2797 0.4043311134861197 0.22617661077859194 0.0347841769596041 0.016667281743586494
2798 0.40546170447320423 0.2112144616084289 0.03639214106622681 0.018348180913749523
2799 0.40815479546028877 0.19613391326810287 0.03795464106622681 0.018466580083912554
2828 0.7023249619285445 0.591950363053677 0.03942621285298138 0.015459979254075584
3439 0.7097282849689405 0.5772958672028619 0.02531824874635884 0.012831886722608488
2671 0.7116173939027137 0.5614932684476173 0.023846676959604095 0.015838487552445456
2661 0.7127479848897982 0.5465311192774542 0.02536371285298138 0.014394386722608487
2655 0.7123160758768827 0.5316873692774543 0.026971676959604098 0.016075285892771518
2645 0.7134693989172786 0.5175064701072912 0.026971676959604098 0.016075285892771518
2784 0.7200460078510519 0.5013486738415577 0.01286371285298138 0.013447193361304243
2775 0.7211993308914477 0.48716777467139466 0.01286371285298138 0.013447193361304243
2769 0.7221253333987301 0.46517437550123164 0.012818248746358663 0.011884693361304243
2766 0.7224746743858146 0.4502714259161502 0.01286371285298138 0.013447193361304243
2756 0.7236052653728992 0.4353092767459872 0.016034176959604095 0.015246491701630305
2745 0.7247358563599837 0.42034712757582415 0.014471676959604097 0.015128092531467274
2728 0.7242812152937569 0.40472212757582404 0.01130121285298138 0.013328794191141214
2700 0.7269970383341529 0.39042282923549804 0.01286371285298138 0.013447193361304155
2644 0.7265651293212374 0.37557907923549805 0.01286371285298138 0.013447193361304155
2638 0.7277184523616331 0.36139818006533503 0.01281824874635884 0.011884693361304155
3749 0.6958379665473982 0.3959158126387585 0.014698997492717502 0.022940592531467276
4338 0.697567951107992 0.37464446388351397 0.023755748746358663 0.012713487552445368
4237 0.6979400241483878 0.36052276429843244 0.023710284639736123 0.01115098755244528
3259 0.6776131522824909 0.33465900392547027 0.019642561757624754 0.08567739087179334
3479 0.5518462741483878 0.3715930867086752 0.026835284639736123 0.01138778589277134
2588 0.7111841702291796 0.3313321717669653 0.047284176959604095 0.017614475104890736
2528 0.7123374932695754 0.31715127259680226 0.047284176959604095 0.017614475104890736
2587 0.7134453522033486 0.3014078734266392 0.047329641066226814 0.019176975104890737
2527 0.7138174252437445 0.2872861738415577 0.047329641066226814 0.019176975104890737
2586 0.714166766230829 0.2723832242564762 0.05045464106622681 0.019413773445216796
2526 0.7160786072179135 0.25736187550123163 0.05036371285298138 0.016288773445216797
2547 0.7164279482049981 0.24245892591615012 0.047284176959604095 0.017614475104890736
2544 0.7167772891920826 0.2275559763310686 0.047329641066226814 0.019176975104890737
3631 0.6315815867639424 0.28647088027511647 0.014517141066226813 0.016690592531467274
2311 0.41594587806759603 0.41007801409793976 0.017261707838416386 0.057433991701630306
2249 0.47365307798845374 0.37516929521682646 0.014517141066226813 0.016690592531467274
2249 0.4750420817493775 0.34217919646158185 0.022329641066226813 0.01728258838228234
3592 0.4793371251646022 0.2745180997809298 0.03329588479802066 0.07268048340326043
2827 0.4402950087089816 0.3589056777902499 0.025483384798020658 0.07208848755244537
2720 0.44899039561857335 0.25411143401402725 0.01805131802583091 0.030989890871793248
3305 0.46901573911294037 0.21579429521682642 0.06134667695960409 0.018680067636357923
564 0.6449393931112908 0.26118653774364925 0.030096676959604097 0.0163120842330974
211 0.6464791610579795 0.26028688857348625 0.012727320533113406 0.008759693361304244
1565 0.6433230688172538 0.2863641364988938 0.014698997492717502 0.022940592531467276
4204 0.5723118868430846 0.32149799832639286 0.031477320533113404 0.010180483403260433
2756 0.772186203219563 0.19438735620519976 0.012727320533113406 0.008759693361304199
2715 0.7183254173261857 0.2000346275758241 0.017642141066226812 0.016927390871793246
2721 0.697967453219563 0.20001131678794343 0.01925010517284953 0.01860829004195628
2723 0.6783907391129403 0.1999288064149812 0.01768760517284953 0.018489890871793247
2729 0.6588140250063177 0.199846296042019 0.01925010517284953 0.01860829004195628
2733 0.638456060899695 0.1998229852541383 0.01768760517284953 0.018489890871793247
2736 0.6172941147397609 0.19907762405133914 0.017642141066226812 0.016927390871793246
2738 0.5977174006331383 0.1989951136783769 0.019204641066226814 0.017045790041956277
2740 0.5773594365265156 0.19897180289049626 0.019204641066226814 0.017045790041956277
2732 0.6612654235943919 0.1495502981166114 0.019159176959604098 0.015483290041956277
2734 0.6409301915410806 0.15030823732873078 0.017642141066226812 0.016927390871793246
2737 0.6205722274344578 0.15028492654085007 0.016079641066226814 0.016808991701630215
2739 0.6009955133278352 0.15020241616788788 0.017596676959604096 0.015364890871793246
2741 0.5806148171679011 0.1493978553800072 0.01768760517284953 0.018489890871793247
2746 0.5570242044732042 0.19972974210261557 0.01925010517284953 0.01860829004195628
2747 0.5602795851145898 0.1501557945921265 0.02081260517284953 0.018726689212119306
2748 0.5358849903665815 0.19976563089981642 0.01768760517284953 0.018489890871793247
2749 0.5407028710079671 0.15007328421916427 0.01768760517284953 0.018489890871793247
2750 0.5163082762599588 0.1996831205268542 0.01925010517284953 0.01860829004195628
2751 0.5195409248480332 0.1493279230163651 0.017642141066226812 0.016927390871793246
2752 0.4967315621533362 0.199600610153892 0.01768760517284953 0.018489890871793247
2753 0.4999869427947218 0.1500266626434029 0.017642141066226812 0.016927390871793246
2754 0.4763508659934022 0.1987960493660113 0.01768760517284953 0.018489890871793247
2755 0.4796062466347877 0.1492221018555222 0.01768760517284953 0.018489890871793247
2757 0.4560156339400908 0.19955398857813061 0.02081260517284953 0.018726689212119306
2758 0.45846703252816506 0.14925799065272305 0.02076714106622681 0.017164189212119308
2759 0.4356576698334681 0.1995306777902499 0.01768760517284953 0.018489890871793247
2760 0.43810906842154235 0.14923467986484237 0.01768760517284953 0.018489890871793247
3439 0.41772837226160836 0.1484301190769617 0.014562605172849529 0.018253092531467185
158 0.480265756993122 0.683159393972071 0.03018760517284953 0.01943708423309758
136 0.35366014139543117 0.6105408780000314 0.02393760517284953 0.01896348755244546
1368 0.45448920401098586 0.5238202827692718 0.0425966769596041 0.017259277594401646
1780 0.4567958500917776 0.4954584844289457 0.02844324874635884 0.013068685062934548
1181 0.45557433089144767 0.5072956335991087 0.03156824874635884 0.013305483403260609
2520 0.44578780542291163 0.5745898773753314 0.016670674452321777 0.0371214917016303
2249 0.6611172887298642 0.5480945418928341 0.015943248746358663 0.012121491701630304
2249 0.6636823475844951 0.5017047939674265 0.01130121285298138 0.013328794191141214
2234 0.6405941885715796 0.4885778319347905 0.028352320533113408 0.009943685062934549
2315 0.6416398630239013 0.5245153319347905 0.019006064264907252 0.06380239087179333
1780 0.5678279414745735 0.6248481412727787 0.013045569279472247 0.019697193361304245
3559 0.6707794452354972 0.5841620964569374 0.014335284639736124 0.010440592531467275
4337 0.6254442131821858 0.5868144223916651 0.017596676959604096 0.015364890871793335
4236 0.6074299990755632 0.58661351284854 0.014471676959604097 0.015128092531467274