2235 0.8837841869320494 0.19874799915295396 0.059306533498445904 0.06890118942018657
1182 0.8515110343270156 0.28617240444286074 0.15560364474715094 0.12904900512049747
1182 0.8373478728306415 0.43888788076533736 0.16185364474715094 0.12941302616718495
1182 0.8216222113342674 0.5915123518261421 0.15687504631872784 0.12289001038216937
1182 0.8059693244449994 0.742574322886947 0.1570205955329392 0.1260150103821694
2235 0.8177179995902245 0.8435298781345015 0.05937930810555194 0.07046368942018652
1182 0.4321272560003653 0.7967873258707188 0.08492296360606985 0.05013577886860787
736 0.36497614330391814 0.7920928496188293 0.03263271753501131 0.0315076052334371
1182 0.19352282837394075 0.7225707629424181 0.07086477171162171 0.11632222099021768
1182 0.2068854691921503 0.5870427866199415 0.06755998924663302 0.1457367052052021
2235 0.07339011083892945 0.7453418630553577 0.09713186517764642 0.04461382096198285
2235 0.07980708478408152 0.6916631262095372 0.10025686517764643 0.04479583148532651
2235 0.08573390715765704 0.6316888867328809 0.09564213978475229 0.046085315700310936
2235 0.09236920492412669 0.5733226498870605 0.09556936517764643 0.044522815700310935
2235 0.10821683685099612 0.5021756919804353 0.12874573821317573 0.05424642619541977
2235 0.11381617349259529 0.449232702503779 0.12874573821317573 0.05424642619541977
2235 0.11863426013419445 0.39624421039628677 0.12874573821317573 0.05424642619541977
2235 0.12341595947224067 0.3440369682887946 0.12874573821317573 0.05424642619541977
1803 0.07805210959607517 0.29204255780780314 0.011519696856846862 0.013137036831702887
1803 0.08820835959607516 0.2926340920086702 0.010029971463952726 0.014608531570031147
1803 0.09829183498896932 0.2947881262095372 0.013082196856846862 0.013228042093374803
1803 0.08183423511280381 0.244477313069475 0.013154971463952725 0.014790542093374803
1803 0.09273534780925088 0.24589559990117796 0.009957196856846862 0.013046031570031147
1803 0.10285521050569794 0.24726838410204496 0.01315497146395268 0.014790542093374803
1803 0.08632483602242662 0.1985200709619828 0.011592471463952725 0.014699536831702931
1803 0.09722594871887369 0.19993835779368574 0.010029971463952726 0.014608531570031058
1803 0.10734581141532076 0.20131114199455274 0.010029971463952726 0.014608531570031058
1803 0.09088821153915526 0.15100032885449055 0.011519696856846862 0.013137036831702975
1803 0.10097168693204941 0.1531543630553576 0.009957196856846862 0.013046031570031102
1803 0.11187279962849647 0.15457264988706054 0.009957196856846862 0.013046031570031058
1803 0.21260689206106384 0.329647515573254 0.019113873035529316 0.008904563140062206
1803 0.2121167404894873 0.3233520129424181 0.01918664764263518 0.010467063140062205
1803 0.21322547622146368 0.3163662655732541 0.022238873035529315 0.00908657366340595
1803 0.21477085959607517 0.30000551820408994 0.020676373035529317 0.008995568401734034
1803 0.21587959532805154 0.2930197708349259 0.020676373035529317 0.008995568401734034
1803 0.21695194375647495 0.2868152734657618 0.019113873035529316 0.008904563140062206
1803 0.2172794294884513 0.2797840234657618 0.01918664764263518 0.010467063140062205
1803 0.242664727254921 0.22250984976000363 0.028634422249741043 0.012575594710093263
1803 0.3151390407371563 0.2306478444277446 0.028634422249741043 0.012575594710093263
1803 0.27162448118386234 0.23986394973176878 0.011519696856846905 0.013137036831702887
1803 0.28174434388030944 0.24123673393263578 0.009957196856846906 0.013046031570031147
1803 0.3486193207209457 0.30231771807703306 0.009957196856846906 0.013046031570031147
1803 0.34721948656054585 0.3155534654461971 0.010029971463952769 0.014608531570031147
1803 0.34563771588238146 0.3326954628153612 0.009957196856846906 0.013046031570031147
1803 0.3450555190255346 0.34519546281536123 0.009957196856846906 0.013046031570031147
1803 0.32883120554329925 0.34033365756780676 0.019113873035529316 0.008904563140062206
1803 0.3321039088102869 0.3037059128294787 0.019113873035529316 0.008904563140062206
1803 0.30851224338497146 0.4402048549510883 0.02877997146395277 0.015700594710093264
1803 0.22491849338497144 0.43533607345164443 0.014790246071058633 0.01644404735504672
1803 0.44621991273922834 0.32601979956235955 0.01911387303552914 0.008904563140062206
1803 0.4465110111676518 0.31976979956235957 0.022238873035529138 0.00908657366340595
1803 0.44683849689962807 0.3127385495623595 0.019113873035529316 0.008904563140062206
1803 0.4604065372224996 0.374631604809914 0.013154971463952591 0.014790542093374803
1803 0.7221382115391553 0.18776645456991758 0.013082196856846907 0.013228042093374803
1803 0.7675020614153207 0.23976086505090902 0.009957196856846906 0.013046031570031147
1803 0.7566009487188736 0.23834257821920604 0.009957196856846906 0.013046031570031147
1803 0.7408453620772745 0.29069403349499534 0.01918664764263518 0.010467063140062205
1803 0.7397366263452982 0.2976797808641594 0.022238873035529315 0.009086573663405862
1803 0.6931356081483331 0.272247870383168 0.022311647642635178 0.01064907366340595
1803 0.6703509255595099 0.29050504671976213 0.02074914764263518 0.010558068401734034
1803 0.6407725874701686 0.28643219674799697 0.022384422249740864 0.012211573663405861
1803 0.7018855618296055 0.38712941773821463 0.02074914764263518 0.010558068401734034
1803 0.6317186110438172 0.37990918096298143 0.022311647642635178 0.01064907366340595
1803 0.6305734880082879 0.3876761783321455 0.022238873035529315 0.00908657366340595
1803 0.5962862251880063 0.4342480704678726 0.022238873035529315 0.00908657366340595
1803 0.5952138767595829 0.44045256783703673 0.022238873035529315 0.009086573663405772
1803 0.5933238910276065 0.44739281257536484 0.01911387303552914 0.008904563140062294
1803 0.5927053068672068 0.4606740625753648 0.019113873035529316 0.008904563140062294
1803 0.6062583846174657 0.4724306099304115 0.009957196856846906 0.013046031570031147
1803 0.6172322719210188 0.4722863967621144 0.013082196856846907 0.013228042093374803
718 0.21058643548430736 0.10391947347987925 0.02543664764263518 0.010831084186749607
718 0.16192845761021385 0.13947056562972376 0.011665246071058588 0.01626203683170293
718 0.15818271939703812 0.18625456036805194 0.011665246071058543 0.01626203683170293
718 0.1536557311838624 0.2329930524755442 0.011665246071058543 0.016262036831702888
718 0.1499099929706867 0.2797770472138723 0.011665246071058543 0.016262036831702974
718 0.1027353941279785 0.13210611568619351 0.03368579528527027 0.020661110495108836
718 0.09973451861124984 0.17971686305535758 0.033758569892376154 0.022223610495108837
718 0.09520753039807411 0.22645535516284981 0.03524829528527029 0.020752115756780664
718 0.08989929218489838 0.2731483446395061 0.03212329528527032 0.02057010523343692
718 0.6244477282883782 0.14917512045375517 0.013227746071058633 0.016353042093374803
718 0.6548437036812723 0.15251222305635623 0.011665246071058632 0.01626203683170293
718 0.834002510753367 0.1911483307794548 0.014790246071058633 0.01644404735504663
1182 0.7176711894132488 0.14912118352323017 0.09146406203449331 0.056749799915295364
1182 0.4976090924325674 0.19819020215084318 0.1950343258882322 0.20614212613895005
1182 0.276427605252849 0.13673894973176876 0.10672949710451585 0.11685284200867016
1182 0.6517527053384115 0.7570933072431059 0.06763276385373888 0.1472992052052021
1182 0.6664616763880794 0.5926590809206291 0.07086907981717375 0.18332771046687402
736 0.7619455742356023 0.19086833874254974 0.02877997146395277 0.015700594710093264
736 0.7424507115391552 0.18894952297165163 0.010029971463952769 0.014608531570031058
736 0.7323308488427082 0.1875767387707846 0.009884422249741042 0.011483531570031059
736 0.6917422361462611 0.18442935196731652 0.00668664764263518 0.009739021046687401
736 0.681622373449814 0.18305656776644952 0.011519696856846905 0.013137036831702975
736 0.6576583345746846 0.17617723621053588 0.028707196856846907 0.014138094710093262
736 0.6376882828792734 0.21809942570130963 0.009738873035529139 0.008358531570031146
1456 0.7613269900752024 0.20414958874254974 0.022384422249740864 0.012211573663405861
1456 0.6516801623249435 0.1867962177946844 0.025509422249741044 0.012393584186749606
736 0.22258551364885112 0.26677578925077733 0.028707196856846907 0.014138094710093262
736 0.25294510173819235 0.2708941418533784 0.028707196856846907 0.014138094710093262
736 0.29349732713108645 0.2748227786568465 0.028634422249741043 0.012575594710093263
736 0.27583894623767435 0.2502932155167843 0.020676373035529317 0.008995568401734034
736 0.2698971612914862 0.2601309471009328 0.013082196856846907 0.013228042093374803
736 0.23915442948845128 0.28105809712916774 0.020676373035529317 0.008995568401734034
736 0.3092849929706866 0.2890595839044009 0.02238442224974104 0.012211573663405861
736 0.32236718982753354 0.2772876259977757 0.028707196856846907 0.014138094710093262
1456 0.24239074545188605 0.24521160239083956 0.045132717535011226 0.03223564732681172
1456 0.31412019623767434 0.25252284442774464 0.043570217535011224 0.032144642065139985
1456 0.2219604673301235 0.38111130503579294 0.04669521753501131 0.03232665258848364
1456 0.3072793831697237 0.3993978444277446 0.06617296360606986 0.04904371572854575
1456 0.4233111056671337 0.29648421800644587 0.025509422249740864 0.012393584186749606
736 0.4989104191493691 0.3048042231975306 0.006541098428423453 0.006614021046687402
736 0.48879055645292196 0.3034314389966636 0.006541098428423453 0.006614021046687402
736 0.478670693756475 0.3020586547957965 0.006541098428423453 0.006614021046687402
736 0.468514443756475 0.30146712059492947 0.013082196856846907 0.013228042093374803
736 0.42863215240014607 0.3336124916839692 0.011083049214211726 0.003762036831702886
736 0.44718094520421703 0.3558438074548673 0.012645549214211727 0.003853042093374803
736 0.44336458643671134 0.3705055469315236 0.01806079528527036 0.019751057878390377
736 0.4249249555432993 0.3459304811606255 0.013082196856846907 0.013228042093374803
736 0.6871488196874884 0.4176058730140039 0.04320634449948209 0.024332142065139985
736 0.6446702212590649 0.42139873094886404 0.017988020678164317 0.0181885578783902
736 0.6278465942945942 0.41258517307047365 0.018133569892376043 0.021313557878390378
736 0.5867635219210188 0.4705117941595134 0.011519696856846905 0.013137036831702887
736 0.5968833846174657 0.4718845783603804 0.011519696856846905 0.013137036831702887
736 0.638180472706807 0.4766399677946843 0.028707196856846907 0.014138094710093441
736 0.5369883079006641 0.3618578600009986 0.011155823821317589 0.005324536831702975
736 0.5346980618296054 0.3773918547393268 0.018206344499482087 0.022876057878390376
736 0.3147494348651348 0.3567476128435961 0.031832196856846906 0.014320105233436919
736 0.2797387340793465 0.3515749944559795 0.02238442224974104 0.012211573663405861
736 0.2532853959900053 0.34768415500755806 0.02074914764263518 0.010558068401734034
736 0.21149815632908756 0.33663326294241813 0.019113873035529316 0.008904563140062206
736 0.21883762138289944 0.34724453925077736 0.028707196856846907 0.014138094710093262
736 0.22782732361642982 0.4065208287133163 0.028707196856846907 0.014138094710093262
736 0.22724512675958292 0.4190208287133162 0.031832196856846906 0.014320105233436919
736 0.27030376799207734 0.436412726040128 0.043133569892376225 0.022769642065139983
1803 0.23699250020939697 0.5629451339608706 0.02238442224974104 0.012211573663405773
736 0.33399389454226325 0.29676566809115046 0.019113873035529316 0.008904563140062206
736 0.3293235111676517 0.31294440493697084 0.022238873035529315 0.009086573663405862
736 0.327887289703699 0.32696140230613496 0.02074914764263518 0.010558068401734034
736 0.3285401071148758 0.3465836575678068 0.020676373035529317 0.008995568401734034
717 0.495856039703699 0.3367444679358587 0.06937073821317571 0.05078822625188959
717 0.6973714979330854 0.23175937827567578 0.10171235731976366 0.07604583148532651
717 0.6884801873463342 0.33856311512149617 0.11784677956950454 0.08789338410204497
717 0.6317870775453713 0.44571619148632513 0.04840326674922295 0.03554265785015538
1456 0.6937776552956303 0.46029390195319914 0.08081766046291676 0.062362763083592475
717 0.417833623659211 0.7168345153614926 0.14880568114108125 0.08346348933548206
717 0.27281880004278125 0.3151369655167843 0.08059933664159917 0.05767526308359248
717 0.43239704549466723 0.5555252890390159 0.22922523531769165 0.17073524715740263
1182 0.3700513267168017 0.12809126280124378 0.05399829528527027 0.02184417889684287
1182 0.8149955297789017 0.5151395676252751 0.15265411910658813 0.032265010382169376
736 0.44823833106002786 0.29950280219319547 0.01806079528527036 0.019751057878390377
1182 0.7373947988044363 0.8357181071584012 0.040736315963434674 0.03821263154179633
1182 0.5473156083577301 0.8128967152344355 0.02979881596343468 0.03757559471009344
1182 0.36850594334219017 0.14445201017040785 0.061956344499481994 0.0254242052052021