1849 0.9671447663349383 0.10534442769121258 0.01918664764263518 0.01090554909161443
1847 0.9660553012811264 0.11562822344884711 0.01918664764263518 0.01090554909161443
2031 0.9554838283694316 0.15805483950992338 0.019186647642634825 0.01090554909161443
2033 0.9544671379227253 0.16990113526755793 0.02082192224974122 0.01259559484924897
1994 0.9526328101724666 0.18102995390400972 0.02082192224974122 0.01259559484924897
2005 0.9515433451186546 0.19131374966164427 0.01918664764263518 0.01090554909161443
1954 0.9497454046719485 0.20322381829809605 0.01918664764263518 0.010905549091614475
1962 0.9487287142252423 0.2150701140557306 0.01918664764263518 0.010905549091614475
1910 0.9468943864749834 0.22619893269218241 0.01918664764263518 0.010905549091614387
1922 0.9458049214211716 0.2364827284498169 0.019186647642634825 0.010905549091614475
1884 0.9087307987999269 0.08031234784487311 0.01918664764263518 0.01090554909161443
1885 0.907568559139009 0.08903364360250765 0.019186647642634825 0.01090554909161443
1886 0.9064063194780914 0.09775493936014217 0.01918664764263518 0.01090554909161443
1817 0.8568386590151746 0.04376881208917824 0.01918664764263518 0.01090554909161442
1816 0.8558219685684685 0.05561510784681277 0.01918664764263518 0.01090554909161443
1820 0.8548052781217624 0.0674614036044473 0.02082192224974122 0.01259559484924897
1819 0.8530073376750564 0.0793714722408991 0.02082192224974122 0.01259559484924897
1822 0.8519542599247973 0.09043651799853365 0.02082192224974122 0.01259559484924897
1821 0.8508647948709855 0.10072031375616819 0.01918664764263518 0.01090554909161443
1824 0.8490304671207266 0.11184913239262 0.01918664764263518 0.01090554909161443
1823 0.8479773893704674 0.12291417815025452 0.019186647642634825 0.010905549091614387
1826 0.8469606989237615 0.13476047390788906 0.01918664764263518 0.01090554909161443
1825 0.8458712338699496 0.14504426966552358 0.01918664764263518 0.010905549091614387
1828 0.8440732934232434 0.1569543383019754 0.01918664764263518 0.01090554909161443
1827 0.8430202156729845 0.16801938405960992 0.01918664764263518 0.01090554909161443
1831 0.8412222752262783 0.17992945269606173 0.01918664764263518 0.01090554909161443
1830 0.8409504474760194 0.190930725574879 0.01918664764263518 0.01090554909161443
1839 0.8391161197257604 0.2020595442113308 0.01918664764263518 0.010905549091614475
1838 0.8372817919755015 0.21318836284778264 0.019186647642634825 0.010905549091614475
2218 0.8344671610820893 0.23694472724186894 0.020821922249740867 0.012595594849248926
2220 0.8323610055815713 0.259074818757138 0.02082192224974122 0.012595594849248926
2217 0.8341225587247244 0.24638350012068616 0.020821922249740867 0.012595594849248926
2219 0.8313079278313122 0.27013986451477257 0.02082192224974122 0.012595594849248926
2223 0.8294736000810534 0.28126868315122433 0.02082192224974122 0.012595594849248926
2221 0.8283841350272414 0.2915524789088589 0.02082192224974122 0.012595594849248926
2225 0.8266225818840883 0.3042437975453107 0.02082192224974122 0.012595594849248926
2224 0.8255695041338292 0.3153088433029453 0.020821922249740867 0.012595594849248926
2227 0.8237351763835703 0.32643766193939705 0.01918664764263518 0.010905549091614475
2226 0.8226457113297583 0.33672145769703155 0.01918664764263518 0.010905549091614475
2229 0.8216290208830521 0.3485677534546661 0.01918664764263518 0.010905549091614475
2228 0.8206123304363462 0.36041404921230064 0.019186647642634825 0.010905549091614475
2230 0.8187780026860871 0.3715428678487524 0.01918664764263518 0.010905549091614475
2232 0.8158905971855692 0.3937367322428388 0.01918664764263518 0.010905549091614475
2231 0.8148739067388631 0.40558302800047324 0.01918664764263518 0.010905549091614475
1865 0.8533349392038518 0.37264311118079263 0.01918664764263518 0.010905549091614475
1818 0.8522090868464869 0.38214565693842717 0.019186647642634825 0.010905549091614475
2200 0.8467424908992628 0.41631336284778264 0.01918664764263518 0.010905549091614475
2024 0.845653025845451 0.4265971586054171 0.019186647642634825 0.010905549091614475
1876 0.9280631114535929 0.3775221876931522 0.019186647642634825 0.010905549091614475
1829 0.9277912837033337 0.3885234605719695 0.01918664764263518 0.010905549091614475
2211 0.9231059377561097 0.4226273936025077 0.01918664764263518 0.010905549091614475
2080 0.9220528600058507 0.4336924393601421 0.01918664764263518 0.010905549091614475
1856 0.9808307005763913 0.46653701920648166 0.01918664764263518 0.010905549091614475
1858 0.9477271021479681 0.46296548011680694 0.02082192224974122 0.012595594849248926
1861 0.9146962783266502 0.4609564410271322 0.02082192224974122 0.012595594849248926
1859 0.8808478172017796 0.4582299248162746 0.02082192224974122 0.012595594849248926
1808 0.75139360359571 0.4233124040634893 0.020821922249740867 0.012595594849248926
1809 0.7477613353987449 0.44635129133639284 0.020821922249740867 0.012595594849248926
3810 0.9901220399085868 0.1062373769326082 0.019755920182826257 0.016358323637421623
3807 0.9888142510334573 0.11730242269024274 0.022371497933085394 0.016613415152690703
3993 0.9814470148871962 0.15985658450895354 0.027144696856846905 0.014668277879787084
3997 0.9812115744404902 0.17163910738777083 0.03034247146395259 0.01648586939505616
3954 0.980194883993784 0.18348540314540535 0.03034247146395259 0.01648586939505616
3965 0.9791054189399719 0.1937691989030399 0.03034247146395259 0.01648586939505616
3911 0.9772710911897132 0.20489801753949172 0.03034247146395259 0.01648586939505616
3921 0.976254400743007 0.2167443132971262 0.03034247146395259 0.01648586939505616
3866 0.9743836856891951 0.22709188193357804 0.03034247146395259 0.01648586939505616
3878 0.973366995242489 0.2389381776912126 0.03034247146395259 0.01648586939505616
3840 0.9401263480141389 0.0808864326921824 0.03659247146395259 0.01699605242559432
3841 0.9382556329603269 0.0912340013286342 0.03659247146395259 0.01699605242559432
3842 0.9371661679065149 0.10151779708626874 0.03659247146395259 0.01699605242559432
3777 0.8875621201400452 0.0467504198153048 0.03659247146395259 0.01699605242559432
3776 0.8833840423897861 0.05807055708820841 0.03659247146395259 0.01699605242559432
3780 0.8823309646395272 0.06913560284584294 0.03034247146395259 0.01648586939505616
3779 0.8813506614963739 0.08176314860347747 0.03346747146395259 0.01674096091032524
3782 0.880224809139009 0.09126569436111201 0.03346747146395259 0.01674096091032524
3781 0.8799529813887503 0.10226696723992927 0.03346747146395259 0.01674096091032524
3784 0.8788635163349383 0.11255076299756381 0.03346747146395259 0.01674096091032524
3783 0.8778832131917852 0.12517830875519836 0.03346747146395259 0.01674096091032524
3786 0.8767937481379733 0.1354621045128329 0.03346747146395259 0.01674096091032524
3785 0.8749958076912672 0.1473721731492847 0.03346747146395259 0.01674096091032524
3788 0.8739427299410082 0.15843721890691922 0.03346747146395259 0.01674096091032524
3787 0.872889652190749 0.16950226466455376 0.03502997146395259 0.016868506667959783
3791 0.870346849047596 0.1822573561798228 0.03346747146395259 0.01674096091032524
3790 0.868476133993784 0.19260492481627461 0.036665246071058276 0.018558552425594323
3799 0.869766806243525 0.20347865193745734 0.03822774607105863 0.01868609818322886
3798 0.8664063657968188 0.2155162663315437 0.03659247146395259 0.01699605242559432
4186 0.8620292349034069 0.23940017648326456 0.03034247146395259 0.01648586939505616
4185 0.8609033825460418 0.2489027222408991 0.03034247146395259 0.01648586939505616
4188 0.8598503047957831 0.2599677679985336 0.03034247146395259 0.01648586939505616
4187 0.8580523643490767 0.2718778366349855 0.03034247146395259 0.01648586939505616
4191 0.856218036598818 0.28300665527143726 0.028779971463952593 0.016358323637421623
4189 0.8560189834556649 0.2955704281502545 0.03034247146395259 0.01648586939505616
4193 0.8549295184018529 0.3058542239078891 0.03034247146395259 0.01648586939505616
4192 0.850715053348041 0.3163931111807926 0.027144696856846905 0.014668277879787084
4195 0.8512244755977818 0.32733061118079265 0.03034247146395259 0.01648586939505616
4194 0.8510254224546288 0.3398943840596099 0.03034247146395259 0.01648586939505616
4197 0.8499723447043699 0.3509594298172445 0.03034247146395259 0.01648586939505616
4196 0.8481016296505579 0.36130699845369624 0.028779971463952593 0.016358323637421714
4198 0.8137822876322751 0.38214552800047336 0.03034247146395259 0.01648586939505616
4200 0.812294716292157 0.41755686951574245 0.03034247146395259 0.01648586939505616
4199 0.811241638541898 0.42862191527337695 0.03034247146395259 0.016485869395056342
3822 0.8487030971855691 0.3910582713325136 0.027144696856846905 0.014668277879787084
3778 0.848467656738863 0.4028407942113308 0.025582196856846907 0.014540732122152632
4168 0.8445271734880861 0.43609970436305173 0.020894696856846907 0.014158094849248926
3985 0.8434377084342742 0.44638350012068617 0.020894696856846907 0.014158094849248926
3818 0.8503062925946739 0.459154567090148 0.03822774607105863 0.01868609818322895
3517 0.8174039013621796 0.47674055087929057 0.014863020678164317 0.01833541181871077
3819 0.9157857433804623 0.4506726452694975 0.03822774607105863 0.01868609818322895
3833 0.9563700479713575 0.3791326140557306 0.027144696856846905 0.014668277879787084
3789 0.9552805829175455 0.3894164098133651 0.027144696856846905 0.014668277879787084
4179 0.9467253742738745 0.4246204572379896 0.020894696856846907 0.014158094849248926
4046 0.9449274338271684 0.43653052587444136 0.020894696856846907 0.014158094849248926
3816 0.9911591359582548 0.44520415314540535 0.017681728083490354 0.031218049091614474
3817 0.9782129687733564 0.44400831496411614 0.018570217535011223 0.031090503333980023
1248 0.912662897433238 0.4846490325424012 0.16922518899896416 0.05739739606689511
1348 0.9643367133966729 0.5165050682980961 0.03397689371369381 0.02767846091032524
3269 0.9611218221641785 0.5316676826921825 0.016207196856846906 0.013775457576345218
3976 0.8295272198068137 0.5518202992123007 0.03034247146395259 0.01648586939505616
3932 0.8292553920565545 0.5628215720911178 0.03034247146395259 0.01648586939505616
3889 0.8173418970189534 0.6437845296674632 0.027144696856846905 0.014668277879787084
3844 0.8170336819651414 0.6540045525462805 0.03034247146395259 0.01648586939505616
3986 0.9322006095915659 0.5842185978448731 0.03034247146395259 0.016485869395056342
3943 0.9311111445377541 0.5945023936025076 0.03034247146395259 0.01648586939505616
3900 0.9255717739834243 0.6271075995118631 0.03034247146395259 0.01648586939505616
3855 0.9245186962331651 0.6381726452694976 0.028779971463952593 0.016358323637421533
2888 0.9037353153397529 0.663395785876381 0.03822774607105828 0.01868609818322877
3456 0.8839878955712113 0.6940239036044473 0.020132717535011578 0.031218049091614474
1386 0.9256852439996347 0.6968939410271322 0.05665241439185813 0.04665160151720862
2016 0.8290563389134015 0.5753853449699352 0.019186647642634825 0.010905549091614475
1972 0.8279304865560366 0.5848878907275697 0.01918664764263518 0.010905549091614475
1933 0.8232815279123656 0.6197730737581079 0.019186647642634825 0.010905549091614475
1888 0.8221920628585536 0.6300568695157424 0.01918664764263518 0.010905549091614475
2025 0.9030760357702483 0.581890694361112 0.01918664764263518 0.010905549091614475
1983 0.9019501834128836 0.5913932401187465 0.01918664764263518 0.010905549091614475
1944 0.8973012247692124 0.6262784231492847 0.01918664764263518 0.010905549091614475
1899 0.8961753724118475 0.6357809689069193 0.01918664764263518 0.010905549091614475
1792 0.8647220111631426 0.5834530654231582 0.07671666542531526 0.14323955909355418
1840 0.8848826155874221 0.7637464722408991 0.019186647642634825 0.010905549091614475
1851 0.883829537837163 0.7748115179985338 0.01918664764263518 0.010905549091614475
2222 0.881250347390457 0.7867853595138027 0.02082192224974122 0.012595594849248926
1807 0.880160882336645 0.7970691552714373 0.01918664764263518 0.010905549091614475
2156 0.8792169664970448 0.8104779510290718 0.01918664764263518 0.01090554909161412
2189 0.8773098641396799 0.8200442696655236 0.01918664764263518 0.010905549091614475
1806 0.8762931736929739 0.8318905654231582 0.01918664764263518 0.010905549091614475
1921 0.8752400959427149 0.8429556111807927 0.01918664764263518 0.010905549091614475
3800 0.9131895521051867 0.7653568986034774 0.03034247146395259 0.01648586939505616
3811 0.9113552243549276 0.7764857172399293 0.03034247146395259 0.01648586939505616
4190 0.9071771466046687 0.7878058545128329 0.020967471463952593 0.015720594849248926
3767 0.9092854561579624 0.7993970587551983 0.03034247146395259 0.016485869395056342
4122 0.9043625157112565 0.8115622189069193 0.020894696856846907 0.014158094849248926
4157 0.9024918006574445 0.8219097875433711 0.020894696856846907 0.014158094849248926
3766 0.8999489975142915 0.83466487905864 0.017696922249740864 0.012340503333980023
3877 0.8996771697640324 0.8456661519374574 0.020894696856846907 0.014158094849248926
3835 0.8834721269599616 0.8681629052714372 0.0168621683207995 0.027837957576345218
3826 0.8701544896564085 0.8684657942113307 0.018570217535011223 0.031090503333980023
3880 0.8166656166208792 0.864989849970905 0.018497442927905183 0.029528003333980025
3881 0.8049104793173264 0.8651651931531639 0.018570217535011223 0.031090503333980023
3891 0.8330932913518196 0.9146231881521942 0.0168621683207995 0.027837957576345218
3890 0.8188852421376079 0.912646099970905 0.018570217535011223 0.031090503333980023
3883 0.8028342489620336 0.7869126473955295 0.018570217535011223 0.031090503333979846
3882 0.779142037837163 0.7833570837600475 0.018570217535011223 0.031090503333979846
2887 0.8269674158350909 0.8672858025462805 0.01700771753501158 0.030962957576345217
3827 0.8485877047102205 0.8600314119393971 0.03346747146395259 0.01674096091032524
1878 0.8475902849416789 0.889128980575849 0.011738020678164318 0.018080320303441512
1869 0.8357259857274671 0.8869605737581079 0.011665246071058632 0.01651782030344151
1870 0.8436283769599615 0.8714153220911178 0.01762414764263518 0.010778003333980024
1935 0.804713580226949 0.9114502617896157 0.011738020678164674 0.018080320303441512
1934 0.7937396929233962 0.9115618320930576 0.011738020678164495 0.018080320303441866
788 0.7819481683162903 0.9109559252753165 0.01359161910658777 0.024457866061076316
2892 0.7661776191020786 0.9091063828516621 0.018570217535011223 0.031090503333980023
783 0.7939729793173264 0.8660580134566057 0.008321922249741043 0.011575228788172609
1683 0.7829627047102206 0.8653883337600476 0.011738020678164495 0.018080320303441512
1684 0.7711347927995618 0.8640011769423065 0.011738020678164495 0.018080320303441866
1415 0.7856317863894209 0.8385069693659611 0.04080909057054054 0.0406886439408634
4449 0.7891442382086666 0.9307582422447785 0.039863020678164315 0.0203761439408634
1927 0.8001287799792802 0.8130127617896157 0.011738020678164674 0.018080320303441512
1926 0.7788167061579626 0.8100471295176821 0.011738020678164318 0.018080320303441866
3478 0.762429726836127 0.828637632851662 0.016643844499482086 0.023150457576345217
1792 0.8396985481762453 0.7870403220911178 0.07671666542531526 0.14323955909355418
1792 0.9119628066578098 0.0486797105719695 0.02845463978475209 0.04279327787978711
1792 0.9108990744404901 0.17737866648132491 0.07664389081820958 0.1416770590935541
1792 0.8005030758882322 0.13071057375810785 0.08812935442427942 0.1877548336393613
1792 0.7744993097581817 0.34692537618370217 0.09492731803034929 0.23344997091226488
1792 0.8881829741500399 0.3799933545128329 0.07664389081820958 0.1416770590935541
1792 0.7018044026050339 0.03211331921617997 0.030162688998963995 0.04604582363742164
4415 0.7239277673683956 0.22087293027628646 0.09045383374611511 0.17082242515463034
2978 0.7019864549196175 0.32225995815607356 0.030342471463952768 0.01648586939505616
875 0.7002612890800173 0.3357325267925253 0.03034247146395259 0.01648586939505616
864 0.6956123304363462 0.37061770982306347 0.030342471463952768 0.01648586939505616
2967 0.6960853653825343 0.38077395982306345 0.027144696856846905 0.014668277879787084
3021 0.7183948589723934 0.35464202345854545 0.016716619106587772 0.024712957576345396
3011 0.6737009431327932 0.3716221004299469 0.016716619106587772 0.024712957576345396
3000 0.6626542812221345 0.3701711707333887 0.015081344499482086 0.023022911818710766
2989 0.6516440066150286 0.3695014910368305 0.01515411910658777 0.024585411818710767
3047 0.6405973447043698 0.3680505613402722 0.01515411910658777 0.024585411818710858
3036 0.6288058200972639 0.3674446545225313 0.016716619106587772 0.024712957576345396
918 0.7042231970617345 0.35344618527725624 0.011665246071058632 0.016517820303441778
908 0.6923952851510758 0.35205902845951526 0.011665246071058632 0.016517820303441778
897 0.68060376054397 0.35145312164177434 0.011665246071058632 0.016517820303441687
886 0.6695934859368642 0.350783441945216 0.011665246071058632 0.016517820303441687
940 0.6585468240262053 0.3493325122486578 0.008321922249741043 0.011575228788172697
929 0.6475365494190994 0.34866283255209957 0.011446922249741042 0.011830320303441689
3768 0.744835388541898 0.43404260997284466 0.03822774607105863 0.01868609818322877
3769 0.7396406203449329 0.45720904300338283 0.03346747146395259 0.01674096091032524
2502 0.7263444077723203 0.5084845005797283 0.024567660462916762 0.05959814060688338
3297 0.7396685072342011 0.6093454989127383 0.038450377997927984 0.0903060066679597
2521 0.7033735963569996 0.7056304386112362 0.017226041356328815 0.0356504575763454
4405 0.6623461819651414 0.6666315825520994 0.014717471463952591 0.015210411818710768
2884 0.7428085856036326 0.845139477700911 0.036592471463952767 0.016996052425594144
2877 0.7467169896564085 0.8785419090644592 0.03666524607105863 0.018558552425594142
2883 0.6779819522290211 0.8339626037639267 0.03666524607105863 0.018558552425594142
3874 0.6734785427995618 0.8719727867944649 0.03666524607105863 0.018558552425594142
780 0.7447884625681034 0.8371356590644592 0.014426373035529317 0.008960411818710767
773 0.7517854793173264 0.8695017489127382 0.014426373035529317 0.008960411818710767
1336 0.7040607628157723 0.9392719860358607 0.10065497146395277 0.022225428488610532
2885 0.7280333021051867 0.7804710708831699 0.01849744292790554 0.029528003333979848
2876 0.7012888655874219 0.778733098762957 0.01849744292790554 0.029528003333979848
2882 0.6768881790696574 0.7768038080062923 0.01849744292790536 0.029528003333979848
2875 0.6996407824604794 0.8612107589146778 0.018570217535011223 0.031090503333980023
3875 0.6535962282838691 0.7818419943708104 0.018570217535011223 0.031090503333979846
3872 0.6402422036767632 0.7813636333107039 0.018570217535011223 0.031090503333980023
3867 0.6268154044625515 0.7793227722505975 0.018570217535011223 0.031090503333980023
3871 0.6134249925518928 0.778063161190491 0.018570217535011223 0.031090503333980023
3865 0.6000345806412339 0.7768035501303846 0.018570217535011223 0.031090503333980023
3868 0.6309828277457499 0.8856365451294147 0.0168621683207995 0.027837957576345218
3884 0.644666492137608 0.9268674519471556 0.018642992142117266 0.032653003333980024
3885 0.6115992810127374 0.9240771628574809 0.018642992142117086 0.032653003333980024
3869 0.6184464404421968 0.8858756611904909 0.018570217535011223 0.031090503333980023
3873 0.6058372785315381 0.8845522772515672 0.018570217535011223 0.031090503333980023
3870 0.5916656166208792 0.8833564390702779 0.018570217535011223 0.031090503333980023
1919 0.6430782593011157 0.8085798375530693 0.011738020678164318 0.018080320303441866
1916 0.6320679846940098 0.8079101578565112 0.011738020678164495 0.018080320303441512
1911 0.621057710086904 0.8072404781599529 0.011738020678164495 0.018080320303441866
1915 0.6100474354797981 0.8065707984633945 0.011738020678164495 0.018080320303441866
1909 0.5989643862655865 0.8043386187668364 0.011665246071058632 0.01651782030344151
1912 0.6259121840320561 0.860955409523501 0.011738020678164318 0.018080320303441866
1913 0.6149019094249502 0.8602857298269427 0.011738020678164318 0.018080320303441512
1917 0.6038916348178442 0.8596160501303846 0.011738020678164318 0.018080320303441512
1914 0.5920637229071856 0.8582288933126435 0.011738020678164495 0.018080320303441512
781 0.7252186712117744 0.8042274352772563 0.008321922249740866 0.011575228788172609
772 0.696875347390457 0.801835758914678 0.008321922249741043 0.011575228788172609
771 0.6901930078533736 0.8604135334604852 0.008321922249740866 0.011575228788172609
778 0.6746728616584805 0.7965901495215615 0.014426373035529317 0.008960411818710767
779 0.6691163744787622 0.8456653783097341 0.014426373035529317 0.008960411818710767
1928 0.6296771929233962 0.9249541366446838 0.011738020678164495 0.018080320303441866
1929 0.5958287317985258 0.9222276204338262 0.011738020678164318 0.018080320303441866
3474 0.6513102903183624 0.833787131643714 0.01827911910658777 0.024840503333980024
1409 0.6183522411041507 0.8333405925540391 0.05174659057054054 0.04158146424430527
1918 0.6712974586391619 0.8588190825520995 0.01918664764263518 0.010905549091614475
782 0.6780223002476691 0.04346527845951527 0.009884422249741042 0.011702774545807215
767 0.6399615281217625 0.08499894527919591 0.030269696856846905 0.014923369395056164
755 0.6389812249786094 0.09762649103683045 0.011228598428423452 0.007142820303441733
754 0.6386002353176916 0.10628401391564772 0.011228598428423452 0.007142820303441733
753 0.6366567456567738 0.11506908255209954 0.011228598428423452 0.007142820303441733
751 0.635494505995856 0.12379037830973405 0.011228598428423452 0.007142820303441777
750 0.6343322663349382 0.13251167406736858 0.011228598428423452 0.007142820303441777
749 0.6324251639775734 0.1420779927038204 0.012791098428423454 0.007270366061076316
748 0.6328254243166557 0.1506717427038204 0.012791098428423454 0.007270366061076316
747 0.6316995719592907 0.16017428846145493 0.012791098428423454 0.007270366061076316
2886 0.6750985074435981 0.0648778928536016 0.01849744292790536 0.02952800333397989
2871 0.673028739246633 0.08778923436887068 0.036592471463952767 0.01699605242559432
2859 0.6695955241928211 0.098264348762957 0.03659247146395259 0.0169960524255943
2858 0.6669435591390092 0.10867569027822607 0.03346747146395277 0.01674096091032524
2857 0.6673438194780914 0.11726944027822608 0.03659247146395259 0.01699605242559432
2855 0.6677804671207266 0.12664444027822608 0.03659247146395259 0.01699605242559432
2854 0.6658369774598087 0.1354295089146779 0.036592471463952767 0.01699605242559432
2853 0.6654559877988909 0.14408703179349516 0.03659247146395259 0.01699605242559432
2852 0.6635124981379732 0.15287210042994698 0.03659247146395259 0.01699605242559432
2851 0.6623502584770554 0.1615933961875815 0.036592471463952767 0.01699605242559432
2848 0.5817701925136207 0.13209695694812554 0.018570217535011223 0.03109050333397989
3949 0.6407020827126577 0.016711330885109576 0.018570217535011223 0.03109050333397989
3947 0.6367252121583278 0.04918899103683046 0.018570217535011223 0.03109050333397989
3864 0.6180137535146567 0.08522208588607942 0.018570217535011223 0.03109050333397989
1989 0.6260038819268694 0.021048015582637664 0.011665246071058632 0.016517820303441743
1987 0.6230437018192456 0.041679379976724 0.011665246071058632 0.016517820303441743
1908 0.6168343972283503 0.1104134045225312 0.011592471463952592 0.014955320303441776
963 0.5971640601724665 0.21004661376586647 0.030342471463952768 0.01648586939505616
992 0.5969286197257604 0.2218291366446838 0.017696922249740864 0.012340503333979846
981 0.5950942919755013 0.23295795528113555 0.01918664764263518 0.010905549091614475
1028 0.5939684396181366 0.2424605010387701 0.014426373035529317 0.008960411818710767
1021 0.5935874499572188 0.2511180239175874 0.014426373035529138 0.008960411818710767
1014 0.592425210296301 0.25983931967522195 0.014426373035529317 0.008960411818710767
3069 0.569601986351149 0.20759116452447088 0.027144696856846905 0.014668277879787084
3100 0.5701114086008899 0.2185286645244709 0.030342471463952768 0.01648586939505616
3089 0.5682406935470781 0.2288762331609227 0.03034247146395259 0.01648586939505616
3145 0.567151228493266 0.23916002891855723 0.030342471463952768 0.01648586939505616
3135 0.5668794007430071 0.2501613017973745 0.027144696856846905 0.014668277879787084
3127 0.5650086856891952 0.26050887043382626 0.030342471463952768 0.01648586939505616
1871 0.631757383993784 0.21192810709790671 0.01784247146395277 0.015465503333979846
1874 0.6391161197257604 0.21838540118855132 0.01784247146395259 0.015465503333979846
1082 0.6261645095105127 0.2602220858860794 0.021113020678164496 0.018845594849248925
1090 0.6147004706353831 0.2666474290683384 0.02111302067816432 0.018845594849248925
1080 0.6383370237785364 0.25217046982500313 0.03085189371369381 0.027423369395056164
1079 0.6581401015287953 0.23957487497575417 0.06177656203449331 0.05640923879011232
3828 0.6552847752262784 0.19510739785457143 0.03568494292790554 0.03093100666795978
3831 0.6635703101724666 0.20462591906639876 0.03568494292790554 0.03093100666795978
3204 0.6779431792790543 0.22697928012650523 0.029143844499482086 0.024170823637421714
3205 0.6595955936709125 0.27082487497575414 0.029143844499482086 0.024170823637421714
3207 0.6457150301886772 0.27587903679446496 0.029071069892376046 0.022608323637421622
3215 0.6336152905277593 0.2854931528555413 0.029216619106587773 0.025733323637421625
3216 0.6033713265074047 0.3938316824023183 0.029289393713693813 0.027295823637421623
3217 0.6132193614535927 0.4032226578565111 0.029289393713693813 0.027295823637421713
3218 0.6222497590962279 0.4118961561895212 0.02609161910658777 0.02547823212215263
3214 0.6343687694353102 0.4195333130072621 0.029143844499482086 0.024170823637421533
3213 0.6410190297743924 0.42761687997672393 0.029143844499482086 0.024170823637421533
3212 0.640458257648486 0.4660894486131758 0.029143844499482086 0.024170823637421533
3946 0.6680545647205804 0.43560485209693683 0.03583049214211727 0.034056006667959694
3823 0.6312116902373092 0.4864497460378002 0.035757717535011224 0.03249350666795969
3824 0.6205652886657326 0.4935925663412421 0.03255994292790554 0.030675915152690792
1986 0.651121775845451 0.44247660543091677 0.017915246071058634 0.017028003333979847
1866 0.6099895076484859 0.4685765908870493 0.017915246071058634 0.017028003333979847
1671 0.6024317187733563 0.47468306967522195 0.017915246071058634 0.017028003333980024
1087 0.6297925853987449 0.45598099603780023 0.03902826674922295 0.03587359818322895
1088 0.617528025845451 0.44521883922005934 0.029216619106587773 0.025733323637421535
1089 0.60764360359571 0.43504661376586656 0.03241439371369381 0.027550915152690793
1093 0.5986132059530748 0.4263731154328564 0.01784247146395277 0.015465503333980024
1092 0.5903640583104396 0.4176358442210292 0.02111302067816432 0.018845594849248925
1091 0.5829325479713574 0.4096160501303846 0.02111302067816432 0.018845594849248925
1781 0.6221385589296122 0.6620714993717802 0.08078342721213971 0.09687474212409217
3239 0.585053781841307 0.6235350289185572 0.016716619106587772 0.02471295757634522
3240 0.5808971288219883 0.6858277348279126 0.016716619106587772 0.02471295757634522
3857 0.5668346288219883 0.6869756466466235 0.0168621683207995 0.027837957576345395
3952 0.5490285446615886 0.6750973999806034 0.018570217535011223 0.031090503333980023
1629 0.5830204009478948 0.6472276204338263 0.011738020678164318 0.018080320303441866
1630 0.5814771716260593 0.6646064390702782 0.011738020678164495 0.018080320303441866
1901 0.5697220343225063 0.6647817822525371 0.011738020678164495 0.01808032030344169
1710 0.5503898374656595 0.6538123313441515 0.01918664764263518 0.010905549091614475
3856 0.5842447607488579 0.7577027348279126 0.017007717535011225 0.030962957576345217
1900 0.5709271234453048 0.7580056237678061 0.011738020678164318 0.018080320303441866
2940 0.5498162568199163 0.7761975143746896 0.018570217535011223 0.031090503333979846
837 0.5361347464808341 0.7686879033145833 0.008321922249741043 0.011575228788172609
1792 0.5719520827126577 0.024929141959763527 0.08350601282028158 0.049858283919527055
3950 0.5246211643918581 0.007534347869118938 0.018570217535011223 0.015068695738237875
1990 0.5203531954091047 0.0257511042229688 0.011665246071058632 0.016517820303441743
3948 0.5550749518192456 0.04722762043382629 0.03979024607105863 0.01881364394086339
1988 0.5234974660872693 0.042747285586517005 0.01918664764263518 0.01090554909161443
1904 0.5424486732831983 0.06237425937371984 0.020821922249740867 0.012595594849248947
1905 0.5420676836222805 0.07103178225253712 0.020821922249741043 0.012595594849248947
745 0.5409418312649157 0.08053432801017164 0.020821922249741043 0.01259559484924897
746 0.5397795916039978 0.08925562376780619 0.012791098428423454 0.007270366061076272
3860 0.5140325748547749 0.058420083011141474 0.03659247146395259 0.01699605242559432
3861 0.5129067224974101 0.06792262876877601 0.03659247146395259 0.01699605242559432
2849 0.511853644747151 0.07898767452641056 0.036592471463952767 0.01699605242559432
2850 0.5107641796933391 0.08927147028404508 0.03659247146395259 0.0169960524255943
3862 0.5150364567816442 0.1304864016475933 0.03659247146395259 0.01699605242559432
1906 0.5451606044242794 0.1374380322525371 0.01918664764263518 0.01090554909161443
3863 0.5449444346557378 0.16647182801017163 0.018570217535011223 0.03109050333397989
1907 0.5574080473521849 0.16467021194909537 0.011665246071058632 0.016517820303441733
3079 0.4200364799410082 0.19548926149975174 0.03034247146395259 0.01648586939505616
3120 0.4197646521907491 0.206490534378569 0.030342471463952768 0.01648586939505616
3111 0.4187479617440431 0.21833683013620356 0.03034247146395259 0.01648586939505616
3168 0.41687724669023113 0.22868439877265537 0.030342471463952768 0.01648586939505616
3157 0.41348041893997217 0.2399407631667417 0.027144696856846905 0.014668277879787084
3154 0.4147347038861602 0.2500332402879244 0.030342471463952768 0.01648586939505616
972 0.4491610537623257 0.19781716498351284 0.030342471463952768 0.01648586939505616
1009 0.4473631133156196 0.20972723361996462 0.01918664764263518 0.010905549091614475
1001 0.44549239826180764 0.22007480225641646 0.01918664764263518 0.010905549091614475
1043 0.44514779590444287 0.22951357513523368 0.014426373035529317 0.008960411818710767
1040 0.443204306243525 0.23829864377168555 0.014426373035529138 0.008960411818710767
1037 0.44204206658260725 0.24701993952932008 0.014426373035529317 0.008960411818710767
3211 0.5569093953663236 0.322339190737268 0.029289393713693813 0.027295823637421623
3027 0.5740990494190996 0.3546574831609227 0.029289393713693813 0.027295823637421623
3220 0.5331979135632887 0.3015323542229688 0.029143844499482086 0.024170823637421714
3222 0.4977869524384181 0.2989333837697458 0.029143844499482086 0.024170823637421714
3224 0.4672646985094767 0.31710929892243656 0.029143844499482086 0.024170823637421714
3225 0.4593259199734295 0.3318733005894265 0.029143844499482086 0.024170823637421623
3209 0.5472818382942289 0.35135701104070977 0.029143844499482086 0.024170823637421623
3219 0.5307129224546288 0.36604126437468965 0.029143844499482086 0.024170823637421623
3228 0.5046234574008169 0.37836579225447675 0.029143844499482086 0.024170823637421714
3223 0.48781694706173456 0.3711112727096394 0.026018844499482087 0.023915732122152634
3203 0.46145350020488785 0.36071577771060925 0.029143844499482086 0.024170823637421623
3202 0.4697925390800172 0.35454552604361933 0.02765411910658777 0.025605777879787083
2889 0.5131593953663236 0.325910471951035 0.027144696856846905 0.014668277879787084
923 0.5561110287409351 0.3388729864949026 0.014571922249741043 0.012085411818710767
1086 0.5446277191876412 0.32804705679834434 0.014571922249740864 0.012085411818710767
1095 0.5274573358130297 0.312980037253507 0.014571922249741043 0.012085411818710767
1099 0.48056521918764117 0.3332764328613603 0.014571922249740864 0.012085411818710767
1100 0.4794757541338292 0.3435602286189948 0.014571922249741043 0.012085411818710767
1084 0.5309654795267233 0.3377887186170551 0.014571922249741043 0.012085411818710767
785 0.5153040922231704 0.3382829261934005 0.015988873035529316 0.009087957576345396
1094 0.5163593240262053 0.36093917619340055 0.014571922249741043 0.012085411818710767
1103 0.5037137748119936 0.35883454225447675 0.014571922249741043 0.012085411818710767
1098 0.49214057402620537 0.36291613543673573 0.014571922249741043 0.012085411818710767
1077 0.499897416044488 0.34424588376974585 0.014571922249741043 0.012085411818710767
1078 0.49301171525869963 0.3479448396791013 0.013009422249740865 0.011957866061076317
744 0.5701969917278324 0.13617855013038455 0.008321922249740866 0.011575228788172697
2942 0.5661281916850511 0.43608282634318174 0.03659247146395259 0.01699605242559432
3956 0.5693452369703215 0.4546415077067299 0.01849744292790536 0.029528003333979848
3957 0.5544650996667685 0.45507194240425797 0.018570217535011223 0.031090503333979846
3184 0.534370923488086 0.46141753725350687 0.028779971463952593 0.016358323637421533
3186 0.5325002084342743 0.47176510588995874 0.028779971463952593 0.016358323637421714
2922 0.5321556060769093 0.48120387876877596 0.02877997146395277 0.016358323637421533
3183 0.5376436267550737 0.49800874149587243 0.016716619106587772 0.02471295757634522
2933 0.5242896021479678 0.497530380435766 0.016716619106587772 0.02471295757634522
3178 0.5240734323794263 0.5265641761934005 0.016716619106587772 0.02471295757634522
2911 0.45466846091547347 0.51811368952932 0.016643844499482086 0.023150457576345217
3182 0.45886365529112094 0.49032352937759915 0.016643844499482086 0.023150457576345394
2956 0.5150365725784634 0.41672679058748685 0.03034247146395259 0.01648586939505616
3189 0.5139834948282044 0.42779183634512136 0.027144696856846905 0.014668277879787084
3190 0.4882557487571457 0.4142075684672739 0.024019696856846906 0.014413186364518004
3191 0.4872390583104396 0.42605386422490843 0.028779971463952593 0.016358323637421533
2943 0.4682685804363461 0.38917561755888835 0.036592471463952767 0.01699605242559432
3959 0.47152201302516944 0.4085155489224365 0.018570217535011223 0.031090503333979846
3958 0.4596577138109577 0.4063471421046955 0.018570217535011223 0.031090503333980023
2941 0.4341675622393811 0.41470164710566537 0.03822774607105863 0.01868609818322895
3185 0.45878872663123926 0.45503973361996464 0.03034247146395259 0.01648586939505616
3187 0.4569180115774273 0.46538730225641645 0.030342471463952768 0.01648586939505616
2944 0.4557921592200625 0.474889848014051 0.027144696856846905 0.014668277879787084
3955 0.43564232505966266 0.4632029199844826 0.018570217535011223 0.031090503333980023
3953 0.4230695504525568 0.46266078604555894 0.018570217535011223 0.031090503333979846
839 0.5362223678637336 0.43381869573823784 0.01762414764263518 0.010778003333980024
1059 0.5060275996667685 0.4590258608909286 0.020821922249741043 0.012595594849248926
1061 0.5048289727022978 0.4669659066485631 0.020821922249740867 0.012595594849248926
818 0.5044843703449329 0.47640467952738036 0.020821922249741043 0.012595594849248926
841 0.48246382113072117 0.47506532013426384 0.020821922249740867 0.012595594849248926
1062 0.4835896734880861 0.4655627743766294 0.020821922249741043 0.012595594849248926
1060 0.48397066314900383 0.4569052514978121 0.020821922249741043 0.012595594849248926
840 0.4638379456139926 0.4287483005894265 0.020821922249740867 0.012595594849248926
838 0.43311448448912204 0.42576669286329993 0.020821922249740867 0.012595594849248926
1996 0.5400387266312393 0.44840735422296873 0.011665246071058632 0.016517820303441864
1997 0.5282108147205804 0.4470201974052278 0.011665246071058632 0.016517820303441687
1999 0.4676179170779452 0.44255570907415737 0.011665246071058632 0.016517820303441864
1998 0.45738889247083947 0.4418222564987818 0.011665246071058632 0.016517820303441864
1995 0.43693084325662773 0.44035535134803083 0.011738020678164495 0.01808032030344169
1993 0.42588418134596895 0.43890442165147264 0.011738020678164495 0.018080320303441866
1058 0.5069201656302033 0.49502713376974583 0.01515411910658777 0.024585411818710767
830 0.4911860037195444 0.49395884134609125 0.01515411910658777 0.024585411818710767
1057 0.47459781720177985 0.49139182180125385 0.01515411910658777 0.024585411818710767
1053 0.4981466331652145 0.5255436811943703 0.037756865177646405 0.04199605242559432
807 0.47118387282613233 0.5191182090741574 0.023184942927905537 0.029910640606883376
853 0.5083156916850512 0.44080201937565955 0.012791098428423454 0.007270366061076316
1064 0.5071534520241333 0.4495233151332941 0.012791098428423454 0.007270366061076316
1065 0.4862587551672865 0.438681409982543 0.012791098428423454 0.007270366061076316
1066 0.48506012820281585 0.44662145574017753 0.012791098428423454 0.007270366061076316
2925 0.4128448339510028 0.5293699249854524 0.036592471463952767 0.01699605242559432
2924 0.40913979114693183 0.5508463122583561 0.03346747146395277 0.01674096091032524
3365 0.4086303688971909 0.5399088122583562 0.02877997146395277 0.016358323637421533
821 0.38144928473679107 0.5287958401381433 0.01762414764263518 0.010778003333980024
820 0.37916119271850846 0.5470196816534123 0.01762414764263518 0.010778003333979847
528 0.38032343237942623 0.5382983858957777 0.023946922249741043 0.012850686364518004
3903 0.40347414205655474 0.5975777910465288 0.03822774607105863 0.01868609818322895
3907 0.40160342700274276 0.6079253596829807 0.03822774607105863 0.01868609818322895
3901 0.40125882464537793 0.6173641325617979 0.03659247146395259 0.01699605242559432
3898 0.3993153349844601 0.6261492011982497 0.036592471463952767 0.01699605242559432
3917 0.3982258699306482 0.6364329969558842 0.036592471463952767 0.01699605242559432
3915 0.39710001757328334 0.6459355427135187 0.03659247146395268 0.01699605242559432
3910 0.3959377779123655 0.6546568384711533 0.036592471463952767 0.01699605242559432
3908 0.39488470016210653 0.6657218842287878 0.03659247146395268 0.01699605242559432
3894 0.33695873014589595 0.6006547357459965 0.036592471463952767 0.01699605242559432
1687 0.37122456823523714 0.5955049790780368 0.01918664764263518 0.010905549091614475
1950 0.3700623285743193 0.6042262748356713 0.01918664764263518 0.010905549091614475
1945 0.36893647621695447 0.6137288205933059 0.01918664764263518 0.010905549091614475
1942 0.3677742365560367 0.6224501163509404 0.01918664764263518 0.010905549091614475
1959 0.3660854580199894 0.6367039349873922 0.01918664764263518 0.010905549091614475
1957 0.3648868310555187 0.6446439807450266 0.01918664764263518 0.010905549091614475
1953 0.3637245913946009 0.6533652765026613 0.01918664764263518 0.010905549091614475
1951 0.36259873903723605 0.6628678222602957 0.01918664764263518 0.010905549091614475
3847 0.526325252890975 0.7937994736180249 0.018570217535011223 0.031090503333979846
3845 0.5002892917661044 0.7904352286189947 0.018570217535011223 0.031090503333980023
3846 0.4806852671589986 0.7904670505894266 0.0168621683207995 0.027837957576345395
3843 0.4531595806412339 0.7887928513480309 0.018570217535011223 0.031090503333979846
3238 0.5135705417661045 0.7893510896791013 0.016716619106587772 0.024712957576345396
3237 0.46640444333768105 0.7869274624081373 0.016716619106587772 0.024712957576345396
2939 0.4340628242310931 0.7660408775608281 0.018570217535011223 0.031090503333979846
1792 0.5631852439996348 0.7264845567983442 0.05272689371369381 0.029209010001939716
1792 0.4309163995001528 0.7153234004396453 0.05265411910658777 0.02764651000193972
1792 0.4933457789458228 0.7423803658918985 0.13761131596343468 0.04703398091420467
1891 0.5250880845701753 0.767236973618025 0.011665246071058632 0.016517820303441687
1890 0.48022934883819896 0.7638407777106092 0.011665246071058632 0.016517820303441687
1887 0.4581724123204344 0.7617201683174928 0.011665246071058632 0.016517820303441864
847 0.5132965599630694 0.766631066800284 0.008321922249741043 0.011575228788172609
1112 0.4692190742310931 0.7631710980140509 0.008321922249740866 0.011575228788172609
836 0.4471621377133285 0.7610504886209345 0.008321922249740866 0.011575228788172609
3854 0.413078236141752 0.7701064952888943 0.018570217535011223 0.031090503333979846
3962 0.3930932218737283 0.7787958401381433 0.018570217535011223 0.031090503333980023
3937 0.3732387942473038 0.8408015036238439 0.018642992142117086 0.032653003333980024
2932 0.40188817906965735 0.7992518613499706 0.036592471463952767 0.01699605242559432
3939 0.4023248267122925 0.8086268613499705 0.03822774607105863 0.01868609818322895
3941 0.392763582088976 0.7380432943805086 0.03659247146395268 0.01699605242559432
3944 0.3908564797316111 0.7476096130169605 0.036592471463952767 0.01699605242559432
2937 0.3890221519813521 0.7587384316534123 0.03659247146395268 0.01699605242559432
1792 0.32632956099652677 0.8775679221105147 0.05850601282028158 0.05302914727484307
3929 0.300507615587422 0.8114485855962152 0.018642992142117086 0.032653003333980024
2935 0.30786204321384647 0.7504632881715908 0.033540246071058634 0.018303460910325243
3460 0.32223491232043433 0.7728166492316972 0.01849744292790545 0.029528003333979848
1898 0.4158200924280582 0.7447876308948078 0.011738020678164318 0.018080320303441866
1984 0.3593517686067406 0.7446917781696512 0.01918664764263518 0.010905549091614475
1981 0.3620401209641055 0.7350616866543821 0.01918664764263518 0.010905549091614475
834 0.3582259162493758 0.7541943239272857 0.01918664764263518 0.010905549091614475
832 0.3361689797316111 0.7520737145341692 0.01918664764263518 0.010905549091614475
2002 0.374998193337681 0.7943888892297576 0.011665246071058632 0.016517820303441864
1588 0.36862191480163375 0.8090253451391132 0.01918664764263518 0.01090554909161412
1979 0.36745967514071587 0.8177466408967475 0.019259422249741042 0.012468049091614475
1977 0.3602293719975628 0.8308843696849202 0.011738020678164495 0.018080320303441512
1392 0.345073098838199 0.7748734857459965 0.03099744292790536 0.030548369395056164
1969 0.32338218940873953 0.8142866721105145 0.033360463606069854 0.04786341515269079
2891 0.258761071335609 0.8917099125676169 0.01849744292790545 0.029528003333980025
787 0.24061038481784439 0.8892704387804141 0.024820217535011225 0.03160068636451783
1932 0.21933469830007973 0.8870860565084803 0.011665246071058543 0.016517820303441864
3888 0.203564149085868 0.8852365140848256 0.018642992142117176 0.032653003333980024
1399 0.43804796360606985 0.016917142189284504 0.05672518899896399 0.03383428437856901
3466 0.39896619292790547 0.004042428174500351 0.01827911910658777 0.008084856349000701
741 0.43396193114108117 0.039861143771685516 0.012791098428423454 0.007270366061076283
2845 0.4584353922659517 0.04335293452835022 0.027144696856846905 0.014668277879787106
2870 0.41306938833701023 0.06274053437856901 0.036592471463952767 0.01699605242559432
2869 0.4128703351938571 0.07530430725738628 0.03346747146395277 0.01674096091032524
2868 0.4133797574435981 0.08624180725738628 0.036592471463952767 0.01699605242559432
2866 0.41065501778268027 0.09509064877265534 0.03346747146395259 0.01674096091032524
2865 0.4094927781217625 0.10381194453028988 0.03346747146395277 0.01674096091032524
2864 0.4091117884608447 0.11246946740910715 0.03346747146395277 0.01674096091032524
2863 0.4079495487999269 0.12119076316674168 0.03346747146395259 0.01674096091032524
2862 0.4067873091390092 0.12991205892437624 0.03346747146395277 0.01674096091032524
2861 0.4056250694780914 0.13863335468201074 0.03346747146395259 0.01674096091032524
2860 0.4044628298171736 0.1473546504396453 0.03346747146395277 0.01674096091032524
766 0.4422303494618808 0.0658496878623301 0.01762414764263518 0.01077800333397989
765 0.44043240901517466 0.0777597564987819 0.01762414764263518 0.01077800333397989
764 0.4393793312649157 0.08882480225641645 0.012791098428423454 0.007270366061076272
762 0.43821709160399785 0.09754609801405098 0.014426373035529138 0.008960411818710812
761 0.4370548519430801 0.10626739377168551 0.014426373035529317 0.008960411818710856
760 0.43589261228216236 0.11498868952932004 0.014426373035529317 0.008960411818710856
759 0.4347303726212445 0.12370998528695458 0.014426373035529317 0.008960411818710812
758 0.43356813296032676 0.13243128104458912 0.014426373035529317 0.008960411818710812
757 0.4332235306029618 0.1418700539234064 0.014426373035529138 0.008960411818710812
756 0.43209767824559703 0.15137259968104094 0.014426373035529317 0.008960411818710856
3198 0.39938583974197106 0.30775001650072153 0.01671661910658786 0.024712957576345396
3200 0.3891568151348652 0.30701656392534604 0.01515411910658786 0.024585411818710767
3201 0.3772925159206535 0.30484815710760504 0.015008569892376134 0.021460411818710855
3194 0.36628224131354764 0.3041784774110468 0.01515411910658786 0.024585411818710767
3195 0.3552719667064418 0.3035087977144886 0.01515411910658786 0.024585411818710767
3196 0.3442616920993359 0.3028391180179303 0.01515411910658786 0.024585411818710858
3193 0.32343976984959494 0.2935597128671793 0.030342471463952768 0.01648586939505616
3192 0.31675743031251163 0.35213748741298645 0.02877997146395277 0.016358323637421623
3197 0.30432805086684156 0.3209990577164282 0.01671661910658786 0.024712957576345396
1068 0.3231679420993359 0.30456098574599655 0.02877997146395277 0.016358323637421623
1067 0.3185189834556648 0.33944616877653466 0.02877997146395277 0.016358323637421714
1073 0.3815091350272414 0.328030565592336 0.008321922249741043 0.011575228788172697
1075 0.3720613604201355 0.3272333401381432 0.008321922249741043 0.011575228788172609
1076 0.36105108581302964 0.32656366044158497 0.008321922249741043 0.011575228788172697
1069 0.3491867865988179 0.32439525362384397 0.011665246071058632 0.016517820303441687
1070 0.33739526199171205 0.32378934680610294 0.010102746071058632 0.016390274545807236
1071 0.3271298500810532 0.3222746442307275 0.011592471463952769 0.014955320303441776
1072 0.31611957547394737 0.3216049645341692 0.011665246071058632 0.016517820303441687
1083 0.41234606616832253 0.40079851483373163 0.021040246071058633 0.017283094849248927
1102 0.40177243920385186 0.4095038351371734 0.02118579528527036 0.020408094849248926
1081 0.3911260376322752 0.4166466554406151 0.029289393713693813 0.027295823637421536
1101 0.37664616066780454 0.42567084013814316 0.04059076674922295 0.0360011439408634
842 0.34223477336425157 0.427695596806103 0.011665246071058632 0.016517820303441864
2000 0.32702715032872226 0.4210947815036311 0.01918664764263518 0.010905549091614475
2001 0.32508366066780453 0.4298798501400828 0.01918664764263518 0.010905549091614475
2945 0.3426179170779453 0.45275936968492025 0.018570217535011223 0.031090503333979846
3960 0.31867099482820427 0.4437350560494383 0.03979024607105863 0.0188136439408634
3961 0.3176543043814982 0.4555813518070728 0.03979024607105863 0.0188136439408634
3208 0.3942852708830522 0.3834515181677115 0.029143844499481996 0.024170823637421623
3227 0.38360248200792274 0.38981308847115326 0.029143844499481996 0.024170823637421714
3206 0.3729196931327932 0.396174658774595 0.029143844499481996 0.024170823637421623
3825 0.34364957009726393 0.3907217552908339 0.035757717535011314 0.03249350666795978
3834 0.33543680975818174 0.3827657340790066 0.035757717535011224 0.03249350666795978
1672 0.3593666153825342 0.4082600705933059 0.017915246071058634 0.017028003333980024
1674 0.35275274234700493 0.40095775362384395 0.01955052067816441 0.018718049091614473
4450 0.2729818132728384 0.5235339974149262 0.07024403349844599 0.07110946757828493
3761 0.23342916170126182 0.5330364142346069 0.014863020678164496 0.01833541181871077
3905 0.22592703080784968 0.5571754159015967 0.03979024607105863 0.0188136439408634
3902 0.31173825227180235 0.5642866721105145 0.03502997146395277 0.016868506667959693
1686 0.2818324284504848 0.5620225415055706 0.01918664764263518 0.010905549091614475
1949 0.2566141046291673 0.5593757736277233 0.024019696856846906 0.014413186364518004
1938 0.3328170396991898 0.6127561230189003 0.01918664764263518 0.010905549091614475
1936 0.3243153349844601 0.6322713975647074 0.011665246071058632 0.016517820303441687
3892 0.3108885357702484 0.6302305365046009 0.018570217535011313 0.031090503333979846
3918 0.229582877788531 0.6188303930227794 0.018570217535011223 0.031090503333979846
1960 0.21228621587787222 0.6178896463567594 0.011665246071058632 0.016517820303441864
809 0.20202080396721347 0.6163749437813838 0.011738020678164407 0.018080320303441866
2913 0.18479691666366055 0.6169966971153638 0.016862168320799585 0.027837957576345395
1580 0.3628125231593638 0.027631952865239607 0.011738020678164407 0.018080320303441755
2867 0.3778018223735755 0.029545268167711518 0.016643844499481995 0.023150457576345353
2856 0.3758968740689866 0.07283288256179785 0.016571069892376132 0.02158795757634535
3232 0.3709033130679506 0.11715683847115325 0.014863020678164496 0.018335411818710855
2927 0.34587123386994956 0.18585891210857491 0.018570217535011313 0.03109050333397989
823 0.3269756846557378 0.1842644612001893 0.02318494292790545 0.029910640606883466
1792 0.2980073145156926 0.06958748643455946 0.07984166542531543 0.13917497286911892
1792 0.2750900070293133 0.24888481271739807 0.08671240363849116 0.1907522878817268
2900 0.35050738399378406 0.23488634347212312 0.01671661910658786 0.024712957576345396
3839 0.32772270140496085 0.21714073407900658 0.036592471463952767 0.01699605242559432
3838 0.3237822181541838 0.25039964423072747 0.036592471463952767 0.01699605242559432
1883 0.3212008736547018 0.22865218998836195 0.01918664764263518 0.010905549091614475
1882 0.320075021297337 0.2381547357459965 0.01918664764263518 0.010905549091614475
796 0.3355908593866782 0.2345355281696512 0.008321922249741043 0.011575228788172609
1578 0.3586002121583278 0.07189213589577774 0.011738020678164495 0.018080320303441734
1628 0.3528981757643977 0.11784236468395042 0.011738020678164495 0.018080320303441776
1855 0.3476412874273874 0.02181238756276769 0.01918664764263518 0.010905549091614425
1854 0.3465154350700226 0.03131493332040223 0.01918664764263518 0.01090554909161443
3815 0.35681508023145836 0.004616319614878817 0.03822774607105863 0.009232639229757634
3814 0.35568922787409346 0.009392135895777745 0.03822774607105863 0.018686098183228844
3813 0.3491331668730575 0.053843637562767686 0.03346747146395268 0.01674096091032524
3812 0.34601032092583345 0.08782002483567129 0.036592471463952767 0.0169960524255943
3809 0.3443215423897862 0.10207384347212309 0.03659247146395268 0.01699605242559432
3808 0.3403082845319033 0.13377025362384395 0.036592471463952767 0.01699605242559432
1853 0.34186647642635143 0.06620011635094036 0.01918664764263518 0.01090554909161443
1852 0.3407042367654337 0.0749214121085749 0.01918664764263518 0.01090554909161443
1849 0.3361644400324213 0.11215034513911304 0.01918664764263518 0.01090554909161443
1848 0.3350022003715035 0.12087164089674758 0.01918664764263518 0.01090554909161443
2505 0.1094050409420441 0.17692954863257246 0.025693512820281584 0.050350686364518005
2261 0.08920385690547883 0.21465268923945596 0.03598034946188071 0.10411341515269071
2301 0.10363022994100812 0.2213172774207451 0.01871576674922304 0.034215503333979845
2688 0.09830918320799575 0.2586099833301006 0.018424668320799586 0.027965503333979846
1810 0.26947774607105857 0.0009730199192903979 0.011665246071058632 0.0019460398385807958
1832 0.25764983416039977 0.00027944151041990465 0.011665246071058543 0.0005588830208398093
2010 0.2405351087675056 0.000359125374453019 0.01918664764263518 0.000718250748906038
1811 0.26673588978475227 0.01900599408094626 0.011665246071058632 0.016517820303441743
1833 0.25490797787409347 0.017618837263205272 0.011738020678164495 0.018080320303441744
2009 0.23895549214211717 0.011863044839550628 0.020821922249741043 0.012595594849248961
1845 0.23782963978475227 0.021365590597185163 0.020821922249741043 0.01259559484924896
1085 0.22187715405277592 0.015609798173530514 0.011738020678164407 0.018080320303441744
1812 0.26399403349844597 0.0443248584750326 0.011665246071058632 0.016517820303441743
1834 0.25142125889134015 0.04378272453610888 0.011738020678164495 0.018080320303441744
2008 0.2354323858558109 0.03724568211245423 0.020821922249741043 0.01259559484924896
1844 0.23427014619489306 0.04596697787008877 0.020821922249741043 0.01259559484924896
1074 0.21835404776646966 0.04099243544643412 0.011738020678164407 0.018080320303441744
1063 0.21568496608726923 0.06787379984052047 0.011738020678164407 0.018080320303441734
1843 0.23198205417661044 0.06419081938535784 0.020821922249741043 0.01259559484924897
2007 0.23160106451569265 0.07284834226417511 0.020821922249741043 0.01259559484924897
1835 0.24789815260503384 0.06916536180901249 0.011738020678164495 0.018080320303441734
1813 0.2605437018192456 0.0712699957479362 0.011665246071058632 0.016517820303441733
1814 0.2578382328364922 0.09737011014202254 0.011665246071058543 0.016517820303441733
1836 0.24448420822938638 0.09689174908191608 0.011738020678164407 0.018080320303441734
1842 0.22931297249740998 0.09107218377944418 0.020821922249741043 0.01259559484924897
2006 0.22736948283649222 0.09985725241589598 0.020821922249741043 0.01259559484924897
1036 0.21063574710451585 0.0941652328710586 0.011738020678164495 0.018080320303441734
1815 0.25420596463952716 0.12040899741492614 0.011738020678164407 0.018080320303441776
1837 0.24159680272886835 0.11908561347600241 0.011738020678164495 0.018080320303441776
1841 0.22608096463952715 0.12270482105234778 0.020821922249741043 0.01259559484924897
2004 0.2256807043004449 0.11411107105234779 0.020821922249741043 0.01259559484924897
951 0.20856597890755077 0.11707657438632765 0.011738020678164495 0.018080320303441776
3772 0.20556294933804625 0.03576280150751041 0.018570217535011223 0.03109050333397989
3773 0.2008048287837163 0.06830423453804854 0.018570217535011313 0.03109050333397989
3774 0.19410321856846857 0.10963073620503849 0.018570217535011313 0.03109050333397989
3794 0.19302656203449328 0.036001917568586686 0.018570217535011268 0.03109050333397989
3795 0.1889769168730575 0.06691707772030756 0.018570217535011313 0.03109050333397989
3796 0.18149405665780982 0.10830735226611476 0.018570217535011313 0.03109050333397989
3968 0.16687928494618806 0.004225372269994107 0.043133569892376135 0.008450744539988213
3804 0.16422731989237613 0.00855413370940274 0.038300520678164404 0.01710826741880548
3199 0.13808219685684686 0.006098748936984051 0.019696069892376135 0.012197497873968103
4077 0.14080909057054058 0.026148427570526357 0.03034247146395268 0.01648586939505616
4001 0.13971962551672865 0.03643222332816089 0.030342471463952726 0.016485869395056175
4066 0.1328360787837163 0.07385247499515084 0.030342471463952726 0.01648586939505616
4010 0.13174661372990437 0.08413627075278537 0.030342471463952726 0.01648586939505616
3803 0.13568709698068138 0.05087736060106449 0.03659247146395268 0.01699605242559432
3967 0.13381638192686945 0.0612249292375163 0.03346747146395272 0.01674096091032524
3188 0.11150473428423431 0.05363556984439979 0.014790246071058544 0.016772911818710812
3802 0.15445852171162172 0.10031938014590187 0.035029971463952723 0.016868506667959783
3966 0.15582196856846858 0.1127556072670846 0.03979024607105859 0.0188136439408634
3153 0.13113018362228052 0.1045763165104199 0.014863020678164408 0.01833541181871081
3775 0.25700563296032675 0.1468439516572916 0.018570217535011313 0.03109050333397989
3797 0.24439647104966794 0.1455205677183679 0.018570217535011313 0.03109050333397989
3964 0.2203767741928211 0.13493375408288594 0.03979024607105854 0.0188136439408634
3801 0.2194692456567738 0.14912379984052046 0.036665246071058546 0.018558552425594323
3057 0.1947410734070328 0.14016325908385577 0.014863020678164408 0.01833541181871081
2111 0.16795378742738745 0.036480149690739254 0.01918664764263518 0.01090554909161442
2036 0.16682793507002258 0.045982695448373787 0.019186647642635134 0.01090554909161443
2100 0.16468539226595164 0.06733153696364287 0.020821922249741 0.01259559484924897
2045 0.16217897642635143 0.08086787847891193 0.020821922249741 0.01259559484924897
2117 0.15429800992479745 0.1473856987823537 0.019186647642635134 0.01090554909161443
2061 0.15179159408519724 0.16092204029762275 0.019186647642635134 0.010905549091614387
2090 0.14387424028009033 0.2266586106010645 0.019186647642635134 0.010905549091614475
2081 0.14136782444049012 0.24019495211633357 0.01918664764263518 0.010905549091614475
2041 0.1445335198495949 0.3081637021163336 0.019186647642635134 0.010905549091614475
4083 0.1507021290313853 0.1712058360552573 0.030342471463952726 0.01648586939505616
4027 0.1503939139775734 0.18142585893407454 0.03034247146395268 0.01648586939505616
4056 0.16905617679785495 0.22852412847891196 0.02714469685684686 0.014668277879787084
4047 0.1689662855653606 0.24343165135772918 0.030342471463952726 0.01648586939505616
4006 0.1471490975998539 0.2969711106010645 0.030342471463952726 0.01648586939505616
4018 0.13792395491961748 0.36830397666214076 0.030342471463952726 0.01648586939505616
4032 0.12948006223938108 0.4395730698443998 0.03034247146395268 0.01648586939505616
4038 0.12021853225559172 0.510124685905476 0.03034247146395268 0.01648586939505616
2052 0.13530837716935848 0.3794965681774099 0.01918664764263518 0.010905549091614475
2066 0.12682809718556914 0.4499844113596689 0.01918664764263518 0.010905549091614475
2072 0.11838420450533274 0.5212535045419279 0.019186647642635134 0.010905549091614475
1792 0.14104680086684157 0.3343275893892372 0.11402826674922299 0.041995794549686494
1792 0.13182165818660513 0.4056604554503135 0.11402826674922299 0.041995794549686494
1792 0.12181526550636872 0.47705709439020705 0.11402826674922299 0.041995794549686494
1390 0.22855530128112633 0.17582982105234776 0.04215326674922295 0.03612868969849794
3459 0.1995035020669146 0.17506441756858668 0.018570217535011313 0.03109050333397989
822 0.21934512117350247 0.19697136847697225 0.012791098428423454 0.007270366061076272
2926 0.20412038151258471 0.20684057605331763 0.036592471463952767 0.01699605242559432
530 0.23845899420903177 0.20325331938535784 0.011738020678164495 0.018080320303441776
3367 0.23762424028009033 0.2190058651429924 0.03034247146395268 0.01648586939505616
2928 0.22652407444049008 0.23324370832525138 0.03822774607105863 0.01868609818322886
3366 0.18862596815418384 0.2614323522661148 0.03034247146395268 0.01648586939505616
2929 0.18615593961813653 0.27574994378138384 0.03822774607105859 0.01868609818322877
2931 0.18670174917143048 0.28746869378138384 0.03822774607105859 0.01868609818322877
2930 0.18415894602827734 0.3002237852966529 0.03822774607105859 0.01868609818322886
824 0.22330918320799578 0.24840632271933774 0.03688356989237622 0.02324605242559432
825 0.22082203804655998 0.2791939371134241 0.036883569892376136 0.02324605242559432
529 0.22169317927905433 0.26422264135578954 0.03681079528527027 0.021683552425594322
828 0.2198053475998539 0.2910402328710586 0.01918664764263518 0.010905549091614475
827 0.21789824524248907 0.30060655150751037 0.01918664764263518 0.010905549091614475
3942 0.2651606970617347 0.3892865431725607 0.03979024607105863 0.0188136439408634
3945 0.2625087320079227 0.39969788468782974 0.036592471463952767 0.01699605242559432
2938 0.2622369042576637 0.410699157566647 0.03666524607105863 0.018558552425594323
2936 0.2067852708830522 0.3987570090838558 0.018570217535011313 0.031090503333979846
3461 0.2454882059530748 0.4551984566582615 0.01849744292790545 0.029528003333979848
1982 0.23136789391858148 0.40459254984052045 0.01918664764263518 0.010905549091614475
1985 0.22942440425766372 0.41337761847697224 0.01918664764263518 0.010905549091614475
835 0.2290798019002988 0.4228163913557895 0.020821922249741043 0.012595594849248926
835 0.2070228653825342 0.420695781962673 0.020821922249741043 0.012595594849248926
4160 0.14604263171747248 0.6099653181774098 0.03034247146395268 0.01648586939505616
4111 0.14498955396721347 0.6210303639350444 0.03034247146395268 0.016485869395056342
4159 0.08870101261088459 0.5911194654522531 0.02714469685684686 0.014668277879787084
4137 0.08683029755707268 0.6014670340887049 0.030342471463952726 0.01648586939505616
4153 0.053763086432202165 0.5986767449990301 0.030342471463952726 0.01648586939505616
4158 0.05407130148601409 0.5884567221202129 0.030342471463952726 0.01648586939505616
2955 0.12158628721799045 0.5900035045419278 0.02089469685684686 0.014158094849248926
3753 0.13460001757328333 0.6673632299961206 0.014717471463952725 0.015210411818710768
3755 0.09776995160984861 0.6342955095428977 0.014863020678164451 0.01833541181871077
3756 0.06544760318142517 0.6306601975744057 0.014863020678164428 0.01833541181871077
4181 0.1529668738595896 0.640768908025689 0.016643844499481995 0.023150457576345394
4182 0.147247720840271 0.7031891596926789 0.01671661910658786 0.02471295757634522
4183 0.13933036703516405 0.7689257299961206 0.01671661910658786 0.024712957576345396
4184 0.1343560767122925 0.8305009587842933 0.01671661910658786 0.02471295757634522
3757 0.1197092258026697 0.7854275748453696 0.014790246071058544 0.016772911818710767
3758 0.08320664557121134 0.7593911043921466 0.014863020678164428 0.01833541181871077
3759 0.05159277253568205 0.7541295195448374 0.014863020678164428 0.01833541181871077
2844 0.1279904526433059 0.7275035045419279 0.017769696856846862 0.013903003333979846
4103 0.10573230892961219 0.7042253722699942 0.030342471463952726 0.01648586939505616
4156 0.10460645657224732 0.7137279180276287 0.03034247146395268 0.01648586939505616
4155 0.07299258353671804 0.7084663331803194 0.030342471463952726 0.01648586939505616
4128 0.07337357319763584 0.6998088103015021 0.02714469685684686 0.014668277879787084
4152 0.04421261207276533 0.696699656817741 0.024092471463952714 0.015975686364518005
4154 0.043868009715400474 0.7061384296965583 0.022529971463952712 0.015848140606883377
4177 0.043523407358035615 0.7155772025753755 0.020967471463952725 0.015720594849248926
4173 0.04325157960777662 0.7265784754541927 0.019404971463952713 0.015593049091614474
4169 0.07085004073264711 0.7298151746955884 0.030342471463952726 0.01648586939505616
4178 0.07275714309001198 0.7202488560591366 0.030342471463952726 0.01648586939505616
4164 0.1322434590534467 0.7514671630266588 0.030342471463952726 0.01648586939505616
4180 0.1332965368037057 0.7404021172690243 0.030342471463952726 0.01648586939505616
1792 0.2163509394087396 0.8230235565084802 0.09924232878371626 0.09215529121570647
2934 0.18336931141081156 0.7378831530247192 0.036665246071058546 0.018558552425594142
3940 0.18309748366055256 0.7488844259035364 0.039863020678164406 0.0203761439408634
3938 0.18200801860674062 0.7591682216611709 0.03822774607105854 0.01868609818322877
3963 0.22819381389201093 0.7742193946897695 0.03822774607105863 0.01868609818322895
3935 0.15952089660466864 0.848836499540958 0.03822774607105859 0.01868609818322895
3936 0.10379958953257407 0.8816169196946186 0.020205492142117178 0.03278054909161447
3762 0.17160567369297386 0.8894137021163335 0.016425520678164406 0.018462957576345217
4163 0.12356197187372828 0.8007974833301006 0.030415246071058544 0.018048369395055986
4176 0.12254528142702222 0.812643779087735 0.030415246071058544 0.01804836939505634
852 0.12060598407483732 0.6026310502995624 0.020821922249741 0.012595594849248926
740 0.10448017803620005 0.7278541909064459 0.020821922249741 0.012595594849248926
1590 0.17147077894582283 0.7686547919646127 0.01918664764263518 0.010905549091614475
2213 0.13883159925248373 0.6403543198443998 0.011738020678164407 0.018080320303441866
2214 0.13154994623316513 0.7029021172690243 0.011738020678164452 0.01808032030344169
2215 0.12352343051739942 0.7662949375724659 0.011738020678164407 0.018080320303441866
2216 0.1162417774980808 0.8288427349970906 0.011738020678164407 0.018080320303441512
1976 0.11815318796099752 0.8867190078759076 0.011738020678164407 0.018080320303441512
2192 0.11671900475300175 0.620201187572466 0.019186647642635134 0.010905549091614475
2145 0.11555676509208394 0.6289224833301006 0.01918664764263518 0.010905549091614475
2170 0.08330719127076638 0.6268496713616085 0.019186647642635134 0.010905549091614475
2191 0.08443304362813124 0.617347125603974 0.019186647642635134 0.010905549091614475
2190 0.05054819519970781 0.6138393593931164 0.019186647642635134 0.010905549091614475
2185 0.04942234284234296 0.623341905150751 0.019186647642635134 0.010905549091614475
4440 0.11292407071643647 0.6565850977241869 0.03099744292790545 0.030548369395056164
4443 0.07982047228801303 0.6530135586345122 0.03099744292790545 0.030548369395056164
4444 0.046826035770248395 0.6517857695448374 0.030997442927905426 0.030548369395056164
4445 0.0975795146777992 0.7817444654522532 0.03099744292790545 0.030548369395056164
4447 0.0645123035529287 0.7789541763625784 0.03099744292790545 0.030548369395056164
4448 0.040783705124505264 0.7746173627270964 0.010684942927905427 0.028890274545807237
4167 0.05788346794478685 0.8218431780295683 0.03339469685684686 0.015178460910325242
4175 0.05828372828386906 0.8304369280295683 0.03993579528527029 0.021938643940863402
2137 0.10943735173368312 0.6827489849970905 0.019186647642635134 0.010905549091614475
2188 0.10909274937631826 0.6921877578759078 0.019186647642635134 0.010905549091614475
2187 0.07524428825144776 0.6894612416650503 0.019186647642635134 0.010905549091614475
2161 0.07640652791236555 0.6807399459074157 0.019186647642635134 0.010905549091614475
2183 0.04330292948394211 0.677168406817741 0.019186647642635158 0.010905549091614475
2186 0.042177077126577256 0.6866709525753756 0.019186647642635134 0.010905549091614475
2212 0.1021556987143645 0.7452967824217149 0.01918664764263518 0.010905549091614475
2196 0.10024859635699963 0.7548631010581668 0.020821922249741 0.012595594849248926
2210 0.0683436248930469 0.7433515162108575 0.020821922249741 0.012595594849248926
2201 0.0679262479285762 0.7512277890896748 0.020821922249741 0.012595594849248926
2209 0.039927526464623476 0.739397339848279 0.011446922249740999 0.011830320303441865
2205 0.039582924107258624 0.7488361127270964 0.009884422249740999 0.011702774545807237
2195 0.09412918299859878 0.8086896027251568 0.020821922249741 0.012595594849248926
2208 0.09296694333768099 0.8174108984827912 0.020821922249741 0.012595594849248926
2199 0.061624898052410705 0.8011480407566648 0.019186647642635134 0.01090554909161412
2207 0.06049904569504585 0.8106505865142992 0.019186647642635134 0.010905549091614475
4451 0.14631457526455044 0.8852044342384862 0.042153266749223 0.03612868969849785
1975 0.15392586806862135 0.8634091825714961 0.020821922249741 0.012595594849248926
1792 0.11497026012968523 0.5489798918148315 0.11402826674922299 0.041995794549686494
1393 0.22224975909622793 0.44454787014396224 0.03263271753501131 0.03223841515269079
2003 0.19828799007069334 0.7719552640848256 0.020821922249741 0.012595594849248926
1980 0.17034492658845798 0.7781573377222472 0.019186647642635134 0.010905549091614475
1978 0.16921907423109311 0.7876598834798818 0.019186647642635134 0.010905549091614475
3246 0.9733305500405265 0.30268181329712623 0.053338899918946935 0.07241687606301594
1793 0.4789280221213973 0.8706009607411473 0.21995293507002261 0.07710386031120038
4435 0.5996213959854961 0.5658820255845773 0.03568494292790554 0.03093100666795969
339 0.32334580210518665 0.8135054221105145 0.014863020678164496 0.01833541181871077
146 0.2705652886657325 0.5221628160513779 0.04662244292790545 0.031823826971401556
625 0.36062101612554126 0.7045929366543822 0.02431079528527036 0.020663186364518006