2235 0.8109375 0.04590018849028583 0.0703125 0.06495536660488851
1182 0.725 0.08640119211848289 0.134375 0.1640674784004536
1182 0.5734375 0.11513137124457591 0.134375 0.1703174784004536
1182 0.421875 0.14464280037066893 0.1296875 0.167028787293461
1182 0.271875 0.17488091579443107 0.13125 0.1655208509957919
2235 0.1703125 0.1721775564459367 0.071875 0.06500993030721935
1182 0.23515625 0.5519444127992063 0.053125 0.08779266587924912
736 0.24296875 0.618077844287552 0.0328125 0.035520837748947896
1182 0.3203125 0.7825644410221745 0.1171875 0.07909227767481433
1182 0.4546875 0.756778212621721 0.1453125 0.08007442431676956
2235 0.303125 0.904258391747814 0.0484375 0.10012897477225664
2235 0.35625 0.8930282258685649 0.0484375 0.10325397477225665
2235 0.415625 0.8815798051799923 0.0484375 0.09856647477225663
2235 0.47421875 0.8693774163425854 0.0484375 0.09856647477225663
2235 0.54375 0.8474180815888621 0.0609375 0.1318154843909035
2235 0.59609375 0.8362151975607783 0.0609375 0.1318154843909035
2235 0.6484375 0.8273560635326949 0.0609375 0.1318154843909035
2235 0.7015625 0.8169071476534457 0.0609375 0.1318154843909035
1803 0.7546875 0.8580207317741966 0.0140625 0.01299107332097762
1803 0.75390625 0.847891763625362 0.015625 0.011483137023308387
1803 0.7515625 0.8378173591788585 0.0140625 0.01455357332097762
1803 0.8015625 0.850133820704271 0.015625 0.014608137023308387
1803 0.8 0.8392508844066018 0.0140625 0.01142857332097762
1803 0.7984375 0.8291491981089326 0.015625 0.014608137023308387
1803 0.84765625 0.8407116914855106 0.015625 0.013045637023308387
1803 0.8453125 0.8298560370390071 0.015625 0.011483137023308387
1803 0.84375 0.8205356007413378 0.015625 0.011483137023308387
1803 0.89453125 0.8320435304155851 0.0140625 0.01299107332097762
1803 0.8921875 0.8219691259690812 0.0140625 0.01142857332097762
1803 0.890625 0.8110861896714121 0.0140625 0.01142857332097762
1803 0.7109375 0.7275172654394606 0.009375 0.01907738221398514
1803 0.7171875 0.7272990106301371 0.0109375 0.020694445916316084
1803 0.72421875 0.7254909739696483 0.009375 0.02220238221398514
1803 0.740625 0.7225743050951744 0.009375 0.02063988221398514
1803 0.746875 0.720012300285851 0.009375 0.02063988221398514
1803 0.753125 0.7190127954765275 0.009375 0.01907738221398514
1803 0.76015625 0.7179860088160387 0.0109375 0.020694445916316084
1803 0.81640625 0.6871154655321279 0.0140625 0.03017857332097762
1803 0.80546875 0.6156224114484438 0.0140625 0.03017857332097762
1803 0.79765625 0.6596452299600981 0.0140625 0.01299107332097762
1803 0.79609375 0.649543543662429 0.0140625 0.01142857332097762
1803 0.73203125 0.5884994054579942 0.0140625 0.01142857332097762
1803 0.71875 0.5920881969278062 0.015625 0.011483137023308564
1803 0.7015625 0.5950321476534457 0.0140625 0.01142857332097762
1803 0.6890625 0.5970311572720925 0.0140625 0.01142857332097762
1803 0.69453125 0.6124651843139346 0.009375 0.01907738221398514
1803 0.73125 0.6057141873091595 0.009375 0.019077382213984962
1803 0.59609375 0.6416839475607785 0.0171875 0.03028770072563951
1803 0.60546875 0.7249503153467934 0.0171875 0.014662700725639511
1803 0.70390625 0.4933878020999495 0.009375 0.01907738221398514
1803 0.71015625 0.493169547290626 0.009375 0.02220238221398514
1803 0.7171875 0.4921427606301371 0.009375 0.019077382213984962
1803 0.6546875 0.4841690587233714 0.015625 0.014608137023308565
1803 0.82890625 0.206210205913481 0.0140625 0.014553573320977708
1803 0.775 0.16590515364389552 0.0140625 0.011428573320977709
1803 0.7765625 0.17678808994156464 0.0140625 0.011428573320977709
1803 0.725 0.1973386921184829 0.0109375 0.020694445916315994
1803 0.71796875 0.19914672877897174 0.009375 0.02220238221398514
1803 0.74609375 0.24269583213701634 0.0109375 0.023819445916315997
1803 0.72890625 0.26751478286265573 0.0109375 0.022256945916315996
1803 0.734375 0.29623005990449774 0.0125 0.02387400961864685
1803 0.63046875 0.24517104610949966 0.0109375 0.022256945916315996
1803 0.6421875 0.31429306834201826 0.0109375 0.023819445916315997
1803 0.634375 0.3161283868536725 0.009375 0.02220238221398514
1803 0.5890625 0.35442948422126735 0.009375 0.02220238221398514
1803 0.5828125 0.3569914890305908 0.009375 0.02220238221398514
1803 0.57578125 0.35879952569107965 0.009375 0.01907738221398514
1803 0.5625 0.3608258171608919 0.009375 0.01907738221398514
1803 0.55 0.3479810767795387 0.0140625 0.011428573320977709
1803 0.55 0.33782482677953873 0.0140625 0.014553573320977708
718 0.9359375 0.7079413423038174 0.0125 0.02856150961864685
718 0.903125 0.7598684300527653 0.0171875 0.01153770072563951
718 0.85625 0.767755341122691 0.0171875 0.01153770072563951
718 0.81015625 0.7771774703414513 0.0171875 0.01153770072563951
718 0.7640625 0.7850370995602114 0.0171875 0.01153770072563951
718 0.91328125 0.8181075159876148 0.021875 0.03357639183263217
718 0.865625 0.825240458908706 0.021875 0.03357639183263217
718 0.81953125 0.8346625881274662 0.021875 0.03513889183263217
718 0.7734375 0.8440847173462263 0.021875 0.03201389183263217
718 0.871875 0.3000222040993824 0.0171875 0.013100200725639333
718 0.8671875 0.269717145206375 0.0171875 0.011537700725639333
718 0.8203125 0.09557280627630069 0.0171875 0.01466270072563942
1182 0.8671875 0.207217145206375 0.059375 0.09582342068857255
1182 0.82890625 0.43042895591348096 0.2109375 0.21049109981466554
1182 0.90078125 0.6458877756062616 0.1203125 0.11826390507947586
1182 0.26484375 0.32981395245491996 0.146875 0.08012898801910051
1182 0.428125 0.2998932955613455 0.1828125 0.08607145317271012
736 0.8234375 0.166557428871639 0.0171875 0.03028770072563942
736 0.8265625 0.18597955146697726 0.015625 0.013045637023308566
736 0.828125 0.19608123776464642 0.0125 0.011374009618646852
736 0.83359375 0.23573401480648842 0.0109375 0.009756945916315995
736 0.83515625 0.24583570110415756 0.0140625 0.012991073320977709
736 0.84296875 0.26978163259250326 0.015625 0.030233137023308564
736 0.80234375 0.29385653885310553 0.009375 0.011264882213985139
1456 0.81015625 0.16858372034145125 0.0125 0.02387400961864685
1456 0.8328125 0.27638629665765385 0.0125 0.026999009618646853
736 0.7734375 0.7112722173462264 0.015625 0.030233137023308564
736 0.76796875 0.6817756903043843 0.015625 0.030233137023308564
736 0.7625 0.6413416632625424 0.0140625 0.03017857332097762
736 0.78671875 0.656120925876414 0.009375 0.02063988221398514
736 0.778125 0.6634522762392339 0.0140625 0.01455357332097762
736 0.75859375 0.6961655725183695 0.009375 0.02063988221398514
736 0.74765625 0.6270162684346855 0.0125 0.02387400961864685
736 0.7578125 0.613380354369535 0.015625 0.030233137023308564
1456 0.79375 0.6902503892159253 0.034375 0.04651290145127884
1456 0.78359375 0.6195113032810757 0.034375 0.04495040145127884
1456 0.659375 0.7222866176163788 0.034375 0.048075401451278844
1456 0.6375 0.6394567594490108 0.0515625 0.07055060217691818
1456 0.734375 0.5141988099044978 0.0125 0.026999009618646853
736 0.721875 0.43963531952314466 0.0078125 0.008085318511654194
736 0.72421875 0.4497097239696483 0.0078125 0.008085318511654194
736 0.7265625 0.459002878416152 0.0078125 0.008085318511654194
736 0.72734375 0.46913184656498663 0.0140625 0.01455357332097762
736 0.696875 0.5123833387604384 0.0046875 0.011101191106992658
736 0.67421875 0.49520576244423575 0.0046875 0.012663691106992659
736 0.659375 0.5004116176163789 0.01875 0.01940476442797028
736 0.68515625 0.5174800665279197 0.0140625 0.01455357332097762
736 0.60078125 0.26261400645378596 0.0265625 0.04467758293962456
736 0.6 0.30482878830495136 0.0171875 0.01778770072563942
736 0.60859375 0.32171618794213164 0.0203125 0.019459328130301136
736 0.553125 0.36818444937487704 0.0140625 0.012991073320977709
736 0.5515625 0.3580827630772079 0.0140625 0.012991073320977709
736 0.5453125 0.3161135178865313 0.015625 0.030233137023308564
736 0.6640625 0.40649792650938626 0.00625 0.011155754809323426
736 0.6484375 0.4101685635326948 0.021875 0.01951389183263199
736 0.67890625 0.6286358213372432 0.015625 0.033358137023308566
736 0.6859375 0.6627652846767542 0.0125 0.02387400961864685
736 0.69140625 0.6883555617185962 0.0109375 0.022256945916316086
736 0.70390625 0.7285440520999494 0.009375 0.01907738221398514
736 0.69375 0.7226487161651 0.015625 0.030233137023308564
736 0.63359375 0.719280668704838 0.015625 0.030233137023308564
736 0.62109375 0.7204984283234849 0.015625 0.033358137023308386
736 0.60234375 0.6797469427514551 0.025 0.044623019237293705
1803 0.47734375 0.7239557889379236 0.0125 0.02387400961864685
736 0.73828125 0.6031249006486706 0.009375 0.01907738221398514
736 0.72265625 0.6099205376719792 0.009375 0.02220238221398514
736 0.70859375 0.6119741109929568 0.0109375 0.022256945916316086
736 0.68828125 0.6126834391232581 0.009375 0.02063988221398514
717 0.690625 0.4454140935697617 0.053125 0.07373016587924912
717 0.7859375 0.23505445772757955 0.0796875 0.1074702488188736
717 0.6796875 0.2536085394860777 0.0921875 0.12509425843752045
717 0.57578125 0.3197370256910796 0.0375 0.051309528855940555
1456 0.55859375 0.260180976416719 0.065625 0.08510417549789598
717 0.315625 0.5585093821291671 0.0890625 0.15467263103285872
717 0.72265625 0.6653892876719791 0.0609375 0.08337798439090331
717 0.47578125 0.5294791026402544 0.178125 0.24059526206571746
1182 0.9046875 0.5512201163504346 0.0234375 0.05550595553496294
1182 0.49765625 0.14434021080762244 0.0390625 0.1529265925582714
736 0.73046875 0.4893352191603249 0.01875 0.01940476442797028
1182 0.18203125 0.2514558286784553 0.0390625 0.043551592558271415
1182 0.2140625 0.43783727278067275 0.0375 0.03255952885594056
1182 0.88828125 0.5549180352249085 0.028125 0.06348214664195542