1803 0.9911468772614931 0.8554659521652592 0.017706245477013736 0.010139003954332537
1803 0.989883420036306 0.8452460351690647 0.019132001977166267 0.010139003954332537
1803 0.9756962446371545 0.8033304491995097 0.019132001977166625 0.010139003954332893
1803 0.9736562421656967 0.7915480322033153 0.020758168973360823 0.011765170950527093
1803 0.970866823192336 0.7805150317090237 0.020758168973360823 0.011765170950527093
1803 0.9688904877170724 0.7702951147128293 0.020758168973360823 0.011765170950527093
1803 0.9660692352456145 0.7584808642185377 0.019132001977166267 0.010139003954332714
1803 0.9640292327741566 0.7466984472223432 0.019132001977166625 0.010139003954332714
1803 0.9612398138007958 0.7356654467280517 0.019132001977166267 0.010139003954332714
1803 0.9592634783255323 0.7254455297318574 0.019132001977166267 0.010139003954332714
1803 0.936038178439263 0.8828296068041638 0.019132001977166625 0.010139003954332537
1803 0.9341255099601937 0.8741721898079696 0.019132001977166625 0.010139003954332537
1803 0.9322128414811246 0.865514772811775 0.019132001977166625 0.010139003954332537
1803 0.8876935203403171 0.9214172629259434 0.019132001977166625 0.010139003954332537
1803 0.8856535178688592 0.909634845929749 0.019132001977166267 0.010139003954332537
1803 0.8836135153974013 0.8978524289335545 0.020758168973360823 0.011765170950527093
1803 0.8807922629259434 0.8860381784392629 0.020758168973360823 0.011765170950527093
1803 0.8787840939525825 0.8750370114430686 0.020758168973360823 0.011765170950527093
1803 0.8768077584773192 0.8648170944468742 0.019132001977166625 0.010139003954332537
1803 0.8740183395039584 0.8537840939525825 0.019132001977166267 0.010139003954332537
1803 0.8720101705305975 0.8427829269563883 0.019132001977166625 0.010139003954332537
1803 0.8699701680591396 0.8310005099601938 0.019132001977166625 0.010139003954332537
1803 0.8679938325838762 0.8207805929639995 0.019132001977166625 0.010139003954332537
1803 0.8651725801124183 0.8089663424697079 0.019132001977166625 0.010139003954332537
1803 0.8631644111390575 0.7979651754735134 0.019132001977166267 0.010139003954332714
1803 0.8603431586675996 0.7861509249792219 0.019132001977166267 0.010139003954332714
1803 0.8591162396942387 0.7751815914811246 0.019132001977166267 0.010139003954332714
1803 0.8563268207208781 0.7641485909868331 0.019132001977166267 0.010139003954332714
1803 0.8535374017475172 0.7531155904925415 0.019132001977166267 0.010139003954332537
1803 0.8486761468046014 0.7295189230020556 0.020758168973360823 0.011765170950527093
1803 0.84465980885788 0.7075165890096667 0.020758168973360823 0.011765170950527093
1803 0.847512894827435 0.7201120895039583 0.020758168973360823 0.011765170950527093
1803 0.8426516398845191 0.6965154220134724 0.020758168973360823 0.011765170950527093
1803 0.8398622209111585 0.6854824215191808 0.020758168973360823 0.011765170950527093
1803 0.8378858854358949 0.6752625045229863 0.020758168973360823 0.011765170950527093
1803 0.8350327994663399 0.6626670040286948 0.020758168973360823 0.011765170950527093
1803 0.833024630492979 0.6516658370325004 0.020758168973360823 0.011765170950527093
1803 0.8302352115196182 0.6406328365382088 0.019132001977166625 0.010139003954332714
1803 0.8282588760443549 0.6304129195420145 0.019132001977166625 0.010139003954332714
1803 0.8262188735728968 0.61863050254582 0.019132001977166267 0.010139003954332537
1803 0.8241788711014388 0.6068480855496257 0.019132001977166267 0.010139003954332714
1803 0.8213894521280782 0.5958150850553341 0.019132001977166625 0.010139003954332714
1803 0.8165918641813565 0.5737809175648481 0.019132001977166625 0.010139003954332714
1803 0.8145518617098986 0.5619985005686537 0.019132001977166625 0.010139003954332537
1803 0.8556052846375921 0.5933095089716106 0.019132001977166267 0.010139003954332714
1803 0.8536607826604257 0.5838708419754163 0.019132001977166625 0.010139003954332714
1803 0.8452606922422465 0.5499905904925415 0.019132001977166625 0.010139003954332537
1803 0.8432843567669828 0.5397706734963471 0.019132001977166625 0.010139003954332537
1803 0.9293783656642315 0.5853961912908442 0.019132001977166625 0.010139003954332537
1803 0.9281514466908707 0.5744268577927472 0.019132001977166267 0.010139003954332537
1803 0.9205326062726913 0.5405784398079695 0.019132001977166267 0.010139003954332714
1803 0.9185244372993306 0.5295772728117751 0.019132001977166625 0.010139003954332714
1803 0.9740276793906653 0.49440111817287036 0.019132001977166625 0.010139003954332714
1803 0.9414698473754427 0.4993141112527882 0.020758168973360823 0.011765170950527093
1803 0.9088483483640258 0.502664604332706 0.020758168973360823 0.011765170950527093
1803 0.8754774328507062 0.5067645139145266 0.020758168973360823 0.011765170950527093
1803 0.7499800257403436 0.5468881537246836 0.020758168973360823 0.011765170950527093
1803 0.7443693542955249 0.5240409027361005 0.020758168973360823 0.011765170950527093
717 0.953304002508639 0.44519961421853776 0.03383117193911005 0.026337006920082118
717 0.8992346319386726 0.26672710433270597 0.05640650889724839 0.044415844866803764
1803 0.8138621591247102 0.39194066855343124 0.019132001977166625 0.010139003954332714
1803 0.8119176571475437 0.38250200155723685 0.019132001977166267 0.010139003954332714
1803 0.804266983231267 0.3478723335724593 0.019132001977166267 0.010139003954332714
1803 0.8022906477560034 0.3376524165762649 0.019132001977166267 0.010139003954332714
1803 0.8867903231551549 0.38243301737456764 0.019132001977166267 0.010139003954332714
1803 0.8848458211779885 0.37299435037837325 0.019132001977166625 0.010139003954332714
1803 0.8771951472617119 0.3383646823935957 0.019132001977166625 0.010139003954332714
1803 0.8752506452845455 0.3289260153974013 0.019132001977166267 0.010139003954332714
1803 0.8529061185927999 0.20166317843926299 0.019132001977166267 0.010139003954332714
1803 0.8508979496194392 0.1906620114430686 0.019132001977166625 0.010139003954332714
1803 0.8472954471479813 0.1788159274506798 0.019132001977166625 0.010139003954332714
1803 0.8453191116727176 0.1685960104544854 0.019132001977166625 0.010139003954332714
1803 0.8432154422050655 0.15525109345829105 0.019132001977166625 0.010139003954332714
1803 0.840489690227899 0.14578059296399942 0.019132001977166267 0.010139003954332714
1803 0.8384496877564411 0.13399817596780506 0.019132001977166267 0.010139003954332714
1803 0.8364415187830805 0.12299700897161067 0.019132001977166625 0.010139003954332714
1803 0.8049713428896373 0.07803733604391723 0.011637836958138336 0.017633168973360737
1803 0.7933799268820261 0.08068483357245929 0.01157416996194378 0.016070668973360736
1803 0.8025785133458729 0.09587875205152845 0.01756950197716627 0.010075336958138292
1803 0.7604573389353046 0.057504660150474264 0.011637836958138336 0.017633168973360737
1803 0.7495516724334019 0.057840241177113526 0.011637836958138336 0.017633168973360737
736 0.7378965894295962 0.058925238705655594 0.01345500494291585 0.023946835969555137
736 0.7537417653230392 0.10324824167140512 0.008258168973360824 0.01125583498097198
717 0.7478565212545383 0.13108674018853034 0.04059050790866543 0.03909167490485976
4439 0.7433189184790692 0.038867406690433155 0.039762836958138335 0.018779174904859787
1803 0.7644683596955513 0.15594216015047427 0.011637836958138336 0.017633168973360737
1803 0.7435656106841344 0.15977015570185 0.011637836958138336 0.017633168973360737
736 0.7068295450177156 0.6363843938388518 0.03026050296574958 0.015272172927693362
736 0.6991788711014388 0.6017547258540743 0.03026050296574958 0.015272172927693362
736 0.70922237456148 0.6185429778312408 0.011574169961943959 0.016070668973360826
736 0.6975991250557716 0.6204092253597826 0.011574169961943959 0.016070668973360826
736 0.6859440420519659 0.6214942228883247 0.01157416996194378 0.016070668973360826
736 0.6750702090481603 0.6226110539149641 0.01157416996194378 0.016070668973360826
736 0.664228209542452 0.6245091349416032 0.008258168973360824 0.011255834980972068
736 0.6533543765386464 0.6256259659682426 0.011383168973360825 0.011383168973360825
736 0.7074225222431215 0.1341188982874762 0.014380834980972068 0.008385502965749492
736 0.7115542653230392 0.10152923277415656 0.01438083498097189 0.008385502965749492
1182 0.6580671679847775 0.03305380539783882 0.10050933596955502 0.016574687756441053
1803 0.6089186966536897 0.16676296053103512 0.011637836958138336 0.017633168973360737
1803 0.5980448636498841 0.16787979155767435 0.011637836958138336 0.017633168973360737
1803 0.5871710306460785 0.16899662258431364 0.011637836958138336 0.017633168973360737
1803 0.5762971976422728 0.1701134536109529 0.011637836958138336 0.017633168973360737
1803 0.5654870316346615 0.17279278463759215 0.01157416996194378 0.016070668973360736
1803 0.587318269277372 0.11518587307860521 0.011637836958138336 0.017633168973360737
1803 0.5764444362735663 0.11630270410524449 0.011637836958138336 0.017633168973360737
1803 0.5655706032697607 0.11741953513188375 0.011637836958138336 0.017633168973360737
1803 0.5539473537640524 0.1192857826604258 0.011637836958138336 0.017633168973360737
736 0.690854446159398 0.16776172783124066 0.008258168973360824 0.01125583498097198
736 0.6629204471479812 0.17130322189974162 0.008258168973360824 0.01125583498097198
736 0.6511897682887888 0.11310871992257528 0.008258168973360824 0.01125583498097198
736 0.641331948630856 0.17744313395302014 0.014380834980972068 0.008385502965749535
736 0.6315457717488299 0.12868729897204817 0.01438083498097189 0.008385502965749492
1803 0.5854891724334019 0.05115520657670242 0.011637836958138336 0.017633168973360737
1803 0.5521182569200822 0.055255116158523 0.011637836958138336 0.017633168973360737
717 0.5822142752088709 0.14305620509382763 0.05152800790866543 0.03953734387822054
1803 0.6325671022811775 0.11546971596824256 0.019132001977166267 0.010139003954332714
736 0.7101733568041639 0.9290029753597828 0.009820668973360824 0.011319501977166625
736 0.6687697653974013 0.8890982169568258 0.030196835969555025 0.013709672927693362
736 0.6666979294278461 0.8765345499606314 0.011192167984777512 0.006695668973360824
736 0.6655665109487771 0.8679089664625341 0.011192167984777512 0.006695668973360824
736 0.6628725924697079 0.8592197159682426 0.011192167984777512 0.006695668973360824
736 0.6609599239906387 0.8505622989720483 0.011192167984777512 0.006695668973360824
736 0.6590472555115696 0.8419048819758537 0.011192167984777512 0.006695668973360824
736 0.6563215035344032 0.8324343814815622 0.012754667984777512 0.006759335969555025
736 0.655971335055334 0.8238406314815622 0.012754667984777512 0.006759335969555025
736 0.6540268330781677 0.8144019644853678 0.012754667984777512 0.006759335969555025
1803 0.6604744457394686 0.9534962979834649 0.01157416996194378 0.016070668973360826
1803 0.6557405247889415 0.933024630492979 0.01157416996194378 0.016070668973360826
1803 0.6435960104544854 0.8646738785158128 0.01151050296574958 0.014508168973360824
736 0.615398073192336 0.7660307900747997 0.03026050296574958 0.015272172927693362
736 0.6141393207208781 0.7542802065767024 0.017633168973360824 0.011637836958138336
736 0.6113499017475172 0.7432472060824108 0.019132001977166267 0.010139003954332714
736 0.609405399770351 0.7338085390862165 0.014380834980972068 0.00838550296574958
736 0.6082739812912819 0.7251829555881193 0.014380834980972068 0.00838550296574958
736 0.6063613128122126 0.7165255385919249 0.014380834980972068 0.00838550296574958
1803 0.6495820722037527 0.7627439639910762 0.017760502965749582 0.014762836958138337
1803 0.6563268207208781 0.755999215473951 0.017760502965749582 0.014762836958138337
736 0.6398277288198239 0.7147693790101043 0.021012836958138336 0.01801517095052709
736 0.6278861443331435 0.7088231265386463 0.021012836958138336 0.01801517095052709
736 0.6526142303026986 0.7223099649796595 0.030706171939110228 0.026209672927693363
736 0.6733723992760593 0.7340751359301865 0.06147601087441501 0.0539818458553869
1803 0.6487531067669828 0.5318441324701453 0.01782416996194396 0.016325336958138335
1803 0.6056424353221642 0.5074688735728967 0.017824169961943782 0.016325336958138335
736 0.6264006042955248 0.5192340445234238 0.038837006920082115 0.03434050790866543
736 0.6151593567669829 0.530475292051966 0.02908000494291585 0.02458350593149916
736 0.6062300257403436 0.5410307900747997 0.032268671939110226 0.026273339923887917
736 0.5980182777175098 0.5500556215957305 0.017760502965749582 0.014762836958138337
736 0.5905877796946764 0.5591122866147585 0.021012836958138336 0.01801517095052709
736 0.5839066981737455 0.5674195351318837 0.021012836958138336 0.01801517095052709
1803 0.548592644790254 0.3132758631927735 0.011637836958138336 0.017633168973360824
1803 0.5416794585166878 0.2201797792003847 0.011637836958138336 0.017633168973360737
736 0.5062048735357157 0.2109347717860109 0.008258168973360824 0.01125583498097198
1803 0.5551648632299545 0.9531050257403436 0.011574169961943959 0.016070668973360826
1803 0.5568082762718163 0.9360130262346352 0.019132001977166267 0.010139003954332537
1803 0.5739175218231919 0.9156514466908707 0.020758168973360823 0.011765170950527093
1803 0.5727861033441227 0.9070258631927735 0.020758168973360823 0.011765170950527093
736 0.5708416013669565 0.897587196196579 0.020758168973360823 0.011765170950527093
736 0.5689289328878873 0.8889297792003849 0.012754667984777512 0.006759335969555025
1803 0.5700802560058611 0.8406196131927736 0.019132001977166267 0.010139003954332537
1803 0.5798717500743621 0.8129402821661342 0.01157416996194378 0.016070668973360826
736 0.46950991163334904 0.7842648424325269 0.03026050296574958 0.015272172927693362
736 0.466688659161891 0.7724505919382352 0.019132001977166267 0.010139003954332714
736 0.46393107368662745 0.7621988414439437 0.019132001977166267 0.010139003954332714
736 0.4627678217094612 0.7527920079458464 0.01438083498097189 0.00838550296574958
736 0.46007390323039205 0.7441027574515549 0.01438083498097189 0.00838550296574958
736 0.45816123475132287 0.7354453404553605 0.014380834980972068 0.00838550296574958
736 0.5634297134967847 0.6391207801889679 0.014508168973360824 0.01151050296574958
736 0.5529697159682426 0.6503938612156072 0.014508168973360824 0.01151050296574958
736 0.5372319694282837 0.6661316077555661 0.014508168973360824 0.01151050296574958
736 0.4889072159682426 0.6477835143716371 0.014508168973360824 0.01151050296574958
736 0.48693088049297906 0.6375635973754428 0.014508168973360824 0.01151050296574958
736 0.5385570474891734 0.6412271082498575 0.014508168973360824 0.01151050296574958
736 0.5229638809872706 0.6413716882879137 0.01594333498097189 0.008449169961943958
736 0.522040709542452 0.6187154382879136 0.014508168973360824 0.01151050296574958
736 0.5096680435348407 0.6213311023183585 0.014508168973360824 0.01151050296574958
736 0.49782195954245195 0.6177285998469007 0.014508168973360824 0.01151050296574958
736 0.5071478799986874 0.6360475183259698 0.014508168973360824 0.01151050296574958
736 0.49998929600629866 0.632636016843095 0.012945668973360825 0.011446835969555025
736 0.5950484225077639 0.8408570351318836 0.008258168973360824 0.011255834980971713
736 0.5354227772232184 0.5451651917479549 0.01756950197716627 0.010075336958138337
736 0.5032496057783996 0.521235601824067 0.020758168973360823 0.011765170950527093
736 0.5013687707974277 0.5133594348278725 0.020758168973360823 0.011765170950527093
736 0.5002055188202613 0.5039526013297754 0.020758168973360823 0.011765170950527093
736 0.47845785281265024 0.5061862633830538 0.020758168973360823 0.011765170950527093
736 0.4804023547898165 0.5156249303792483 0.020758168973360823 0.011765170950527093
736 0.4815337732688857 0.5242505138773454 0.020758168973360823 0.011765170950527093
736 0.463993446196579 0.5531740099230128 0.020758168973360823 0.011765170950527093
736 0.43374753068325944 0.5574012534972221 0.020758168973360823 0.011765170950527093
1803 0.5379429407593717 0.5304487757403435 0.011574169961943959 0.016070668973360826
1803 0.5263196912536632 0.5323150232688857 0.01157416996194378 0.016070668973360826
1803 0.46654544323082964 0.5392388439154014 0.01157416996194378 0.016070668973360826
1803 0.456452860227024 0.5403875084401379 0.01157416996194378 0.016070668973360826
1803 0.43626769421941275 0.542684837489611 0.011637836958138336 0.017633168973360824
1803 0.42542569471370434 0.5445829185162502 0.011637836958138336 0.017633168973360824
736 0.5010040148659287 0.4852662683259698 0.015017504942915849 0.02401050296574958
736 0.48547451536022024 0.48697334836402584 0.015017504942915849 0.02401050296574958
736 0.4692274328507063 0.4902110949039848 0.015017504942915849 0.02401050296574958
736 0.4896380919382352 0.45516493285070625 0.03752917490485981 0.04052684091247087
736 0.4634257604173044 0.4626763439154016 0.023021005931498983 0.029016337946721472
736 0.5071067762346352 0.5393316858164557 0.012754667984777512 0.006759335969555203
736 0.5051941077555661 0.5306742688202613 0.012754667984777512 0.006759335969555025
736 0.4853909437251211 0.5423465978697342 0.012754667984777512 0.006759335969555025
736 0.48351010874414924 0.5344704308735398 0.012754667984777512 0.006759335969555025
736 0.3734865099230128 0.456671741634224 0.017569501977166356 0.010075336958138337
736 0.3696293394667773 0.43857565764183526 0.017569501977166356 0.010075336958138337
1456 0.37154200794584646 0.44723307463802964 0.023883168973360826 0.01189250494291585
1803 0.3556185776037792 0.38184815517037735 0.019132001977166357 0.010139003954332714
1803 0.35367407562661285 0.37240948817418296 0.019132001977166357 0.010139003954332714
1803 0.3517614071475437 0.3637520711779886 0.019132001977166267 0.010139003954332714
1803 0.34884465418179417 0.34959407068369697 0.019132001977166357 0.010139003954332714
1803 0.3469638192008222 0.34171790368750254 0.019132001977166357 0.010139003954332714
1803 0.3450511507217531 0.33306048669130817 0.019132001977166357 0.010139003954332714
1803 0.34310664874458674 0.32362181969511383 0.019132001977166357 0.010139003954332714
1803 0.4953628740300074 0.21283285281265013 0.01157416996194378 0.016070668973360736
1803 0.45111812551288216 0.21804959342111002 0.01157416996194378 0.016070668973360826
1803 0.429402293003368 0.2210645054743885 0.01157416996194378 0.016070668973360736
736 0.48370779102620176 0.2139178503411922 0.008258168973360824 0.01125583498097198
736 0.44024429250907654 0.21916642444774928 0.008258168973360824 0.01125583498097189
736 0.4185284599995624 0.22218133650102775 0.008258168973360824 0.01125583498097198
1803 0.3888237139538952 0.23968983007523711 0.011637836958138336 0.017633168973360737
1803 0.33276471494247833 0.24208531821223903 0.019132001977166357 0.010139003954332714
1803 0.3362717169196447 0.2515876522046278 0.019132001977166357 0.010139003954332714
736 0.330820212965312 0.23264665121604464 0.019132001977166357 0.010139003954332714
736 0.30910438045579797 0.23566156326932317 0.019132001977166357 0.010139003954332714
1803 0.3439767875661606 0.19184523767989137 0.011574169961943959 0.016070668973360736
1803 0.33445986612134193 0.1688388192008222 0.019195668973360735 0.011701503954332716
1803 0.32613803015178683 0.15602048421985026 0.011637836958138336 0.017633168973360737
717 0.3159618755128821 0.2125423982502951 0.030833505931498983 0.02933467292769345
1803 0.29099636760421677 0.17408739330737927 0.03309634288963732 0.04658583992388783
736 0.20228935326976066 0.10261695851668773 0.023021005931499073 0.029016337946721472
1803 0.18135477076024667 0.10566370406806344 0.011574169961943914 0.016070668973360736
717 0.4748380346747732 0.9724505919382352 0.05647017589344294 0.045978344866803765
736 0.4681596117470798 0.9425402574515548 0.012754667984777512 0.006759335969555025
736 0.47410852281177507 0.9162642589344296 0.01756950197716627 0.010075336958138337
736 0.47128727034031714 0.9044500084401381 0.01756950197716627 0.010075336958138337
736 0.4692791013669565 0.8934488414439435 0.012754667984777512 0.006759335969555025
736 0.4673664328878873 0.8847914244477492 0.014380834980972068 0.00838550296574958
736 0.46545376440881814 0.8761340074515548 0.014380834980972068 0.00838550296574958
736 0.46354109592974896 0.8674765904553604 0.01438083498097189 0.00838550296574958
736 0.4616284274506798 0.858819173459166 0.014380834980972068 0.00838550296574958
736 0.45971575897161066 0.8501617564629717 0.014380834980972068 0.00838550296574958
736 0.4585525069944444 0.8407549229648744 0.014380834980972068 0.008385502965749225
736 0.45660800501727794 0.8313162559686802 0.014380834980972068 0.008385502965749225
736 0.335125641367394 0.6828548982502951 0.02869800296574958 0.015208505931499161
736 0.3274749674511173 0.6482252302655176 0.02869800296574958 0.015208505931498983
736 0.3910108854358949 0.6570537436113904 0.008258168973360736 0.011255834980972068
736 0.3816995524320893 0.6582342416342242 0.008258168973360736 0.011255834980972068
736 0.3708257194282837 0.6593510726608633 0.008258168973360824 0.011255834980972068
736 0.35923430342067253 0.6619985701894053 0.011574169961943959 0.016070668973360826
736 0.3475792204168669 0.6630835677179474 0.01001166996194396 0.016007001977166268
736 0.33751847091115844 0.6650134822426839 0.011510502965749491 0.014508168973360824
736 0.3266446379073528 0.666130313269323 0.011574169961943959 0.016070668973360826
736 0.41529861961856407 0.5831679160447922 0.02094916996194378 0.016452670950527094
736 0.40404278463759213 0.5749097470714315 0.021076503954332713 0.019577670950527093
736 0.3928506166528146 0.5682140780980708 0.029143671939110317 0.026146005931499162
736 0.37768853167184263 0.559796741634224 0.04039950692008221 0.03440417490485981
736 0.34334536516993985 0.5591773177179474 0.011574169961943959 0.016070668973360826
1803 0.3288199501509118 0.5663849812541008 0.019132001977166357 0.010139003954332537
1803 0.3261260316718426 0.5576957307598092 0.019132001977166357 0.010139003954332714
717 0.2662470128887623 0.46634121889681107 0.06986151384016441 0.0683626808363588
1803 0.24687758897248574 0.43123404844057556 0.023946835969555203 0.01345500494291585
1803 0.31789574311709884 0.3748513972617119 0.019132001977166357 0.010139003954332714
1803 0.30775673916276614 0.3557193952845456 0.011574169961943959 0.016070668973360736
1803 0.197774244105682 0.37463653855474377 0.01157416996194387 0.016070668973360736
736 0.18771349459997358 0.3765664530794802 0.011637836958138336 0.017633168973360737
736 0.3493711665762649 0.8027681502274614 0.023021005931498983 0.02901633794672165
1803 0.33977599068282194 0.7586998152464896 0.019132001977166357 0.010139003954332714
1803 0.3378314887056556 0.7492611482502951 0.019132001977166357 0.010139003954332714
736 0.3535519891999472 0.7522415682122391 0.008258168973360736 0.011255834980972068
1803 0.38402203368619003 0.9640704061589606 0.019132001977166357 0.010139003954332537
1803 0.3820775317090237 0.954631739162766 0.019132001977166267 0.010139003954332537
1803 0.3744268577927471 0.9200020711779885 0.019132001977166357 0.010139003954332537
1803 0.3725141893136779 0.9113446541817943 0.019132001977166357 0.010139003954332537
1803 0.3647680149031097 0.8743712361970164 0.019132001977166357 0.010139003954332537
1803 0.36285534642404055 0.8657138192008222 0.019132001977166267 0.010139003954332537
1803 0.30886020760246663 0.9936451944293776 0.011574169961943959 0.012709611141244892
1803 0.2972369580967582 0.9945783181936484 0.011574169961943959 0.010843363612703171
1803 0.281898459579633 0.998851982718385 0.020758168973360736 0.0022960345632299095
1803 0.2799857911005638 0.9949291339158393 0.019132001977166357 0.010139003954332537
736 0.26461545908534145 0.9962535647336075 0.011574169961943959 0.007492870532784935
1803 0.3039352856633564 0.9701665558549493 0.011574169961943959 0.016070668973360826
1803 0.292312036157648 0.9720328033834914 0.011637836958138336 0.017633168973360824
1803 0.27697353764052274 0.9784273834215474 0.020758168973360736 0.011765170950527093
1803 0.27502903566335635 0.968988716425353 0.020758168973360736 0.011765170950527093
736 0.25969053714623114 0.9753832964634093 0.011637836958138336 0.017633168973360824
1803 0.2990103637242461 0.9450073883644634 0.011574169961943959 0.016070668973360826
1803 0.28657403072044046 0.9460605523949083 0.011637836958138336 0.017633168973360824
1803 0.27126736570141247 0.9532363824329643 0.020758168973360736 0.011765170950527093
1803 0.2693546972223433 0.9445789654367699 0.020758168973360823 0.011765170950527093
736 0.25398436520712087 0.950192295474826 0.011637836958138336 0.017633168973360824
736 0.24899577627181618 0.9234706279843401 0.011637836958138336 0.017633168973360824
1803 0.2654975267661078 0.9264828814443812 0.020758168973360736 0.011765170950527093
1803 0.26436610828703866 0.9178572979462839 0.020758168973360736 0.011765170950527093
1803 0.28086785878133025 0.9208695514063251 0.011637836958138336 0.017633168973360824
1803 0.29324052478894147 0.9182538873758801 0.011574169961943959 0.016070668973360826
1803 0.288283769351734 0.8923134698853943 0.011574169961943959 0.016070668973360826
1803 0.27506618634792834 0.8933348004177418 0.011637836958138336 0.017633168973360824
1803 0.26050893783080314 0.8997612139538951 0.020758168973360736 0.011765170950527093
1803 0.257815019351734 0.8910719634596036 0.020758168973360736 0.011765170950527093
736 0.2416952708346088 0.8974347099995625 0.011637836958138336 0.017633168973360824
1803 0.2826730979069153 0.869466218896811 0.011637836958138336 0.017633168973360824
1803 0.27026859840120687 0.8713006329272559 0.011637836958138336 0.017633168973360824
1803 0.25454809790691535 0.868320212965312 0.020758168973360736 0.011765170950527093
1803 0.2548982663859845 0.876913962965312 0.020758168973360823 0.011765170950527093
736 0.23764709938979012 0.8746511260071739 0.011637836958138336 0.017633168973360824
1803 0.20433453368619 0.9567487015966055 0.019132001977166357 0.010139003954332537
1803 0.20239003170902364 0.947310034600411 0.019132001977166357 0.010139003954332537
1803 0.19840552726039937 0.9260889506080223 0.020758168973360736 0.011765170950527093
1803 0.19473935779274706 0.9126803666156336 0.020758168973360736 0.011765170950527093
1803 0.1811278439525826 0.846609697642273 0.019132001977166357 0.010139003954332537
1803 0.17746167448493028 0.8332011136498838 0.019132001977166357 0.010139003954332537
1803 0.16388199414286303 0.7679116946765233 0.019132001977166357 0.010139003954332714
1803 0.16021582467521073 0.7545031106841344 0.019132001977166357 0.010139003954332537
1803 0.15744631034075468 0.6865343606841344 0.019132001977166357 0.010139003954332537
1803 0.14208129551200707 0.6157125247145794 0.019132001977166357 0.010139003954332714
1803 0.12752936418135666 0.5457037722431214 0.019132001977166357 0.010139003954332714
1803 0.11294559935260903 0.4749137697716635 0.019132001977166357 0.010139003954332714
717 0.25238342003630604 0.8151952129653119 0.0419620069200823 0.03446784190105419
736 0.24139949908577893 0.7944688774900485 0.012754667984777512 0.006759335969555025
1456 0.25983116410480694 0.7874203814443812 0.011637836958138336 0.017633168973360824
736 0.240860988211364 0.7429700444862428 0.036765170950527094 0.021776840912470875
736 0.23571323178557338 0.7123421269957568 0.036765170950527094 0.021776840912471052
1456 0.2378805682494201 0.7272495439919513 0.03670150395433271 0.02021434091247105
736 0.23367322931411544 0.7005597099995625 0.019132001977166267 0.010139003954332714
736 0.2309474773369491 0.691089209505271 0.019132001977166357 0.010139003954332537
1803 0.23527553859192488 0.5867518779843401 0.019132001977166267 0.010139003954332537
1803 0.2325816201128557 0.5780626274900484 0.019132001977166357 0.010139003954332714
736 0.23141836813568933 0.5686557939919512 0.020758168973360736 0.011765170950527093
736 0.20970253562617533 0.5716707060452297 0.020758168973360736 0.011765170950527093
736 0.10807241555050069 0.3936001027754691 0.020758168973360736 0.011765170950527093
736 0.08116772285114375 0.26927126482874764 0.020758168973360736 0.011765170950527093
1803 0.1228869906456409 0.3552061062355102 0.011637836958138336 0.017633168973360737
1803 0.11021589429596243 0.2930735207602467 0.011637836958138336 0.017633168973360737
1803 0.09673171444818676 0.23012785178688594 0.011637836958138314 0.017633168973360737
1803 0.08406061809850832 0.16799526631162237 0.011637836958138293 0.017633168973360737
1803 0.08092368923931581 0.1101509328135252 0.011637836958138293 0.017633168973360737
1803 0.10268457859236238 0.3762216017868859 0.019132001977166357 0.010139003954332714
1803 0.1007719101132932 0.36756418479069153 0.019132001977166357 0.010139003954332714
1803 0.06893166110187639 0.3709465113687065 0.019132001977166357 0.010139003954332714
1803 0.07087616307904274 0.38038517836490093 0.019132001977166357 0.010139003954332714
1803 0.03753708106382031 0.3852663379467215 0.019132001977166357 0.010139003954332714
1803 0.03559257908665396 0.3758276709505271 0.019132001977166347 0.010139003954332714
717 0.09575148767989136 0.3400612673002056 0.030833505931499028 0.02933467292769345
717 0.06319365566466893 0.34497426038012335 0.03083350593149905 0.029334672927693362
717 0.030540323155154914 0.3475435034600411 0.03083350593149905 0.02933467292769345
717 0.06962804498053443 0.2157642628515813 0.030833505931499028 0.02933467292769345
717 0.03703837946721481 0.21989600593149908 0.03083350593149905 0.029334672927693362
717 0.013791880455797984 0.22362850098858317 0.010521005931499045 0.02850700197716636
1803 0.0900134822426839 0.3140890163116224 0.019132001977166357 0.010139003954332714
1803 0.08885023026551755 0.3046821828135252 0.019132001977166357 0.010139003954332714
1803 0.05547931475219793 0.30878209239534576 0.019132001977166357 0.010139003954332714
1803 0.05739198323126708 0.31743950939154014 0.019132001977166357 0.010139003954332714
1803 0.024834151216044646 0.3223525024714579 0.019132001977166347 0.010139003954332714
1803 0.022889649238878297 0.3129138354752635 0.01913200197716635 0.010139003954332714
1803 0.07734238589300543 0.2519564308363588 0.019132001977166357 0.010139003954332714
1803 0.07461663391583909 0.24248593034206722 0.020758168973360736 0.011765170950527093
1803 0.04393963688158862 0.2552750904181794 0.020758168973360736 0.011765170950527093
1803 0.04284005190061666 0.2474307569200822 0.020758168973360736 0.011765170950527093
1803 0.016069304866366183 0.26037908448668035 0.011383168973360742 0.011383168973360735
1803 0.014906052889199833 0.25097225098858317 0.00982066897336074 0.011319501977166357
1803 0.06385820604522978 0.1890107618629981 0.020758168973360736 0.011765170950527093
1803 0.061945537566160634 0.1803533448668037 0.020758168973360736 0.011765170950527093
1803 0.03224079152049333 0.19786183844101307 0.019132001977166347 0.01013900395433267
1803 0.03029628954332698 0.18842317144481865 0.019132001977166357 0.010139003954332714
4439 0.10901685574121862 0.11051568874502422 0.04196200692008221 0.03446784190105419
1803 0.11847011018984291 0.1319596072240934 0.020758168973360736 0.011765170950527093
717 0.22274636368706507 0.5472437090109793 0.03245967292769345 0.030960839923887918
1803 0.17047296197672884 0.2214332841061195 0.020758168973360736 0.011765170950527093
1803 0.14218879448624286 0.2163810281746205 0.019132001977166357 0.010139003954332714
1803 0.1402442925090765 0.2069423611784261 0.019132001977166357 0.010139003954332714