1803 0.9869138821403224 0.9463112666199613 0.019296804147036894 0.007670790041956366
1803 0.9852440754013874 0.9360958170348799 0.01929680414703725 0.007670790041956366
1803 0.9752347968905077 0.8926534703542279 0.01929680414703725 0.007670790041956366
1803 0.9742095391148133 0.8809347203542279 0.01943350518379603 0.009233290041956365
1803 0.9731842813391189 0.8692159703542279 0.01943350518379603 0.009233290041956365
1803 0.9722957246001837 0.8590597203542278 0.019296804147036894 0.007670790041956366
1803 0.9697079668244892 0.8472225711840649 0.01929680414703725 0.007670790041956366
1803 0.9686827090487948 0.8355038211840649 0.01929680414703725 0.007670790041956366
1803 0.96772580179148 0.8245663211840648 0.019296804147036894 0.007670790041956366
1803 0.9667688945341653 0.8136288211840649 0.019296804147036894 0.007670790041956366
1803 0.9278218461365725 0.9627874489836035 0.01929680414703725 0.007670790041956366
1803 0.9270699904343964 0.9541936989836035 0.01929680414703725 0.007670790041956366
1803 0.9263181347322206 0.9455999489836036 0.01929680414703725 0.007670790041956366
1803 0.8760734184268962 0.9922372280278978 0.01929680414703725 0.007670790041956366
1803 0.8742669106512018 0.9804592784428163 0.01929680414703725 0.007670790041956366
1803 0.873954552357128 0.9680184780278978 0.01943350518379603 0.009233290041956365
1803 0.872216395099813 0.9570217784428163 0.01943350518379603 0.009233290041956365
1803 0.8712594878424984 0.9460842784428163 0.01943350518379603 0.009233290041956365
1803 0.8695213305851835 0.9350875788577347 0.019296804147036894 0.007670790041956366
1803 0.8685644233278687 0.9241500788577348 0.019296804147036894 0.007670790041956366
1803 0.8676075160705541 0.9132125788577348 0.01929680414703725 0.007670790041956366
1803 0.8665822582948597 0.9014938288577348 0.01929680414703725 0.007670790041956366
1803 0.8649124515559243 0.8912783792726533 0.01929680414703725 0.007670790041956366
1803 0.8638871937802299 0.8795596292726533 0.01929680414703725 0.007670790041956366
1803 0.8628619360045355 0.8678408792726533 0.01929680414703725 0.007670790041956366
1803 0.8610554282288412 0.8560629296875717 0.01943350518379603 0.009233290041956365
1803 0.8600985209715262 0.8451254296875718 0.01929680414703725 0.007670790041956366
1803 0.8591416137142115 0.8341879296875717 0.01929680414703725 0.007670790041956366
1803 0.8573351059385171 0.8224099801024902 0.01929680414703725 0.007670790041956366
1803 0.8545033403871283 0.7989132805174085 0.01943350518379603 0.009233290041956365
1803 0.8525895258724987 0.7770382805174085 0.019433505183796385 0.009233290041956365
1803 0.8544643841665728 0.7895974801024901 0.01943350518379603 0.009233290041956365
1803 0.8516326186151838 0.7661007805174085 0.019433505183796385 0.009233290041956365
1803 0.8498261108394894 0.7543228309323272 0.019433505183796385 0.009233290041956365
1803 0.8489375541005544 0.7441665809323272 0.01943350518379603 0.009233290041956365
1803 0.8470626958064802 0.7316073813472457 0.019433505183796385 0.009233290041956365
1803 0.8461057885491655 0.7206698813472456 0.01943350518379603 0.009233290041956365
1803 0.8443676312918506 0.7096731817621642 0.01929680414703725 0.007670790041956366
1803 0.8434107240345359 0.6987356817621642 0.01929680414703725 0.007670790041956366
1803 0.8423854662588415 0.6870169317621642 0.01929680414703725 0.007670790041956366
1803 0.8413602084831471 0.6752981817621642 0.01929680414703725 0.007670790041956366
1803 0.8396220512258321 0.6643014821770826 0.01929680414703725 0.007670790041956366
1803 0.836858636192823 0.6415860325920011 0.01929680414703725 0.007670790041956366
1803 0.8358333784171286 0.6298672825920011 0.01929680414703725 0.007670790041956366
1803 0.8740654017442118 0.6676875139206692 0.019296804147036894 0.007670790041956366
1803 0.8732451955236563 0.6583125139206691 0.01929680414703725 0.007670790041956366
1803 0.8678940227149525 0.6237599151654246 0.01929680414703725 0.007670790041956366
1803 0.8670054659760176 0.6136036651654246 0.01929680414703725 0.007670790041956366
1803 0.9489970512258321 0.6725894240884942 0.01929680414703725 0.007670790041956366
1803 0.9488213939685174 0.6617111236735758 0.019433505183796385 0.009233290041956365
1803 0.9442514711598136 0.6272177245034127 0.01929680414703725 0.007670790041956366
1803 0.943294563902499 0.6162802245034127 0.019296804147036894 0.007670790041956366
1803 0.9968085963244672 0.5921099413099338 0.006382807351065623 0.007670790041956366
1803 0.9698085457592119 0.5911268591514286 0.019433505183796385 0.009233290041956365
1803 0.9369960457592119 0.5886404765780051 0.019433505183796385 0.009233290041956365
1803 0.9026893962775915 0.5868169448344187 0.01943350518379603 0.009233290041956365
1803 0.7722691644208786 0.6040967653705616 0.019433505183796385 0.009233290041956365
1803 0.7694373988694897 0.5806000657854801 0.019433505183796385 0.009233290041956365
717 0.9852952521444209 0.5403814979486296 0.02940949571115823 0.02256208423309758
717 0.9485221402453234 0.3566926595663472 0.05314412384546259 0.0397262734452168
1803 0.8508255169655085 0.46414811682509854 0.019296804147036894 0.007670790041956366
1803 0.850005310744953 0.4547731168250985 0.019296804147036894 0.007670790041956366
1803 0.8453670374178696 0.4194984676549355 0.01929680414703725 0.007670790041956366
1803 0.8444784806789345 0.4093422176549355 0.019296804147036894 0.007670790041956366
1803 0.9256204654103696 0.4674875269929236 0.019296804147036894 0.007670790041956366
1803 0.9248002591898141 0.45811252699292365 0.019296804147036894 0.007670790041956366
1803 0.9201619858627307 0.4228378778227606 0.01929680414703725 0.007670790041956366
1803 0.9193417796421752 0.4134628778227606 0.01929680414703725 0.007670790041956366
1803 0.908200645146296 0.28611912782276067 0.01929680414703725 0.007670790041956277
1803 0.9071753873706015 0.27440037782276067 0.01929680414703725 0.007670790041956277
1803 0.9045876295949071 0.2625632286525976 0.01929680414703725 0.007670790041956277
1803 0.9036990728559718 0.25240697865259765 0.019296804147036894 0.007670790041956277
1803 0.9025371140435183 0.23912572865259762 0.01929680414703725 0.007670790041956277
1803 0.901648557304583 0.22896947865259762 0.01929680414703725 0.007670790041956277
1803 0.8998420495288887 0.2171915290675161 0.01929680414703725 0.007670790041956277
1803 0.8988851422715737 0.2062540290675161 0.01929680414703725 0.007670790041956277
1803 0.8713466111687961 0.15760304151507074 0.010742010367592768 0.016335395020978184
1803 0.8596962116871758 0.15749629773884805 0.01060530933083328 0.014772895020978182
1803 0.867381572573148 0.17437614441950017 0.01773430414703725 0.007552390871793246
1803 0.8285343945806481 0.12952466309083213 0.010742010367592768 0.016335395020978184
1803 0.8175285440622684 0.12791461889969097 0.010742010367592415 0.016335395020978184
736 0.8058097940622684 0.12702662512346827 0.011288814514629663 0.022585395020978137
736 0.8175866241282869 0.17293112097428337 0.007070206220555519 0.009848596680652123
717 0.8089730417531943 0.19866482678314223 0.037245721771944316 0.035417281743586534
4439 0.8143550259189813 0.10051166931460945 0.03697231969842605 0.03229228174358649
1803 0.8237969593781017 0.22617452014444642 0.010742010367592768 0.016335395020978184
1803 0.8020586604148608 0.22607943176216408 0.010742010367592415 0.016335395020978184
736 0.7202076698874988 0.6831913469043667 0.02894520622055552 0.011506185062934372
736 0.7155693965604155 0.6479166977342037 0.02894520622055552 0.011506185062934372
736 0.724953958483147 0.6664774435850187 0.01060530933083328 0.014772895020978182
736 0.713235208483147 0.6655894498087961 0.01060530933083328 0.014772895020978182
736 0.7015848090015266 0.6654827060325734 0.01060530933083328 0.014772895020978182
736 0.6898660590015266 0.6645947122563507 0.01060530933083328 0.014772895020978182
736 0.6789285590015266 0.6637659180652096 0.007070206220555519 0.009848596680652123
736 0.6679910590015267 0.6629371238740684 0.01019520622055552 0.010085395020978183
736 0.7682796912348145 0.1948051983589036 0.013046804147036895 0.007197193361304155
736 0.7748523199812498 0.16348434337988177 0.013046804147036895 0.007197193361304199
1182 0.7281345619227315 0.07302436412580615 0.09974572177194432 0.04015324855010749
1803 0.6655743562678238 0.20952870395798096 0.010742010367592592 0.016335395020978184
1803 0.6546368562678238 0.20869990976683983 0.010742010367592592 0.016335395020978184
1803 0.6436993562678237 0.20787111557569865 0.010742010367592592 0.016335395020978093
1803 0.6327618562678238 0.2070423213845575 0.010742010367592592 0.016335395020978184
1803 0.6211798073045831 0.20771682760833485 0.01060530933083328 0.014772895020978182
1803 0.6492077710180091 0.1555157101817583 0.010742010367592592 0.01633539502097814
1803 0.6374890210180091 0.15462771640553563 0.010742010367592592 0.01633539502097814
1803 0.626551521018009 0.15379892221439445 0.010742010367592592 0.016335395020978184
1803 0.6149011215363887 0.1536921784381718 0.010742010367592415 0.016335395020978184
736 0.7484258124883792 0.2251196603915398 0.007070206220555519 0.009848596680652123
736 0.7203008124883793 0.22298847532860533 0.007070206220555519 0.009848596680652123
736 0.7128307736099072 0.1642171265733608 0.007070206220555519 0.009848596680652123
736 0.698054665598657 0.2259591873612415 0.013046804147036895 0.007197193361304244
736 0.6921860829407406 0.17662203819107844 0.013046804147036895 0.007197193361304155
1803 0.6530463790292591 0.09294485520273646 0.010742010367592592 0.01633539502097816
1803 0.6195209795476389 0.09118052304423145 0.010742010367592592 0.01633539502097814
717 0.6413754386429165 0.18130861557569866 0.04818322177194432 0.03624607593472771
1803 0.6941491241282869 0.1635775865314045 0.01929680414703707 0.007670790041956277
736 0.6962102611695815 0.9677430230442315 0.008632706220555519 0.009966995850815152
736 0.6580759826587019 0.9221694913006449 0.028808505183796386 0.009943685062934549
736 0.657763624364628 0.9097286908857264 0.01134760311027776 0.005516294191141214
736 0.657011768662452 0.9011349408857263 0.01134760311027776 0.005516294191141214
736 0.6554786629602761 0.8924819913006449 0.01134760311027776 0.005516294191141214
736 0.6546584567397206 0.8831069913006449 0.01134760311027776 0.005516294191141214
736 0.6531253510375448 0.8744540417155633 0.01134760311027776 0.005516294191141214
736 0.6515238948169892 0.8650198421304818 0.01291010311027776 0.005634693361304244
736 0.6515532891148132 0.8564852917155633 0.01291010311027776 0.005634693361304244
736 0.6507330828942577 0.8471102917155633 0.01291010311027776 0.005634693361304244
1803 0.6440811246474519 0.9839707516736071 0.01060530933083328 0.014772895020978182
1803 0.641454410651202 0.9628178020885256 0.01060530933083328 0.014772895020978182
1803 0.6355079155521743 0.8948490520885256 0.010468608294074144 0.013210395020978183
736 0.6165344486812023 0.7932982074824659 0.02894520622055552 0.011506185062934549
736 0.6162904409055079 0.7816386570675474 0.016308505183796385 0.008996491701630305
736 0.614552283648193 0.7706419574824659 0.01929680414703707 0.007670790041956366
736 0.6137320774276376 0.761266957482466 0.013046804147036895 0.007197193361304244
736 0.6129802217254616 0.7526732074824659 0.013046804147037072 0.007197193361304244
736 0.6122283660232857 0.744079457482466 0.013046804147036895 0.007197193361304244
1803 0.6516906986812023 0.7959621888111339 0.016718608294074143 0.013683991701630305
1803 0.6590247450525448 0.7910854346619491 0.016718608294074143 0.013683991701630305
736 0.6458904665416653 0.7474062896409709 0.01998030933083328 0.015483290041956366
736 0.6343378118762486 0.7395462454498298 0.01998030933083328 0.015483290041956366
736 0.6584294227622209 0.7576692834171936 0.028476314514629664 0.02388778589277134
736 0.6775601315746745 0.7723121238740684 0.05708933006601846 0.04933807178554286
1803 0.6724256978327305 0.5716968172353726 0.01685530933083328 0.015246491701630305
1803 0.6308342286526842 0.539830587981297 0.01685530933083328 0.015246491701630305
736 0.6500332879835176 0.5552546784381718 0.03527311866166656 0.03061138257342364
736 0.6376405947224527 0.564404535491786 0.026777113477870353 0.02220688672260849
736 0.6283045509430083 0.5730099408857263 0.029902113477870352 0.022443685062934548
736 0.6188318061268046 0.5800528462796668 0.016718608294074143 0.013683991701630305
736 0.6109899118289804 0.5879954008437702 0.01998030933083328 0.015483290041956366
736 0.6030796670127767 0.5951567054078735 0.01998030933083328 0.015483290041956366
1803 0.5918032485393976 0.34207924959901465 0.010742010367592592 0.016335395020978184
1803 0.5930445368522218 0.24982089461999282 0.010742010367592415 0.016335395020978184
736 0.5583571785581478 0.23477531246148783 0.007070206220555519 0.009848596680652123
1803 0.5384367173901371 0.9651005072726845 0.01060530933083328 0.014772895020978182
1803 0.5416205059857854 0.9482682047831735 0.019296804147036894 0.007670790041956366
1803 0.5610738435446742 0.9311165935803742 0.019433505183796385 0.009233290041956365
1803 0.5603219878424983 0.9225228435803743 0.019433505183796385 0.009233290041956365
736 0.5587205316219428 0.9130886439952928 0.019433505183796385 0.009233290041956365
736 0.5579686759197668 0.9044948939952929 0.01291010311027776 0.005634693361304244
1803 0.5639555442986095 0.8576082386013525 0.01929680414703707 0.007670790041956366
1803 0.5765437271920818 0.8329517807179012 0.01060530933083328 0.014772895020978182
736 0.4683703507547207 0.7851752863169786 0.02894520622055552 0.011506185062934372
736 0.46578259297902636 0.7733381371468158 0.01929680414703707 0.007670790041956366
736 0.4641127862400912 0.7631226875617342 0.019296804147036894 0.007670790041956366
736 0.4640738300195356 0.7538068871468158 0.013046804147037072 0.007197193361304244
736 0.46254072431735976 0.7451539375617342 0.013046804147036895 0.007197193361304244
736 0.46172051809680426 0.7357789375617342 0.013046804147036895 0.007197193361304244
736 0.576282012630184 0.6614203228344501 0.01332020622055552 0.010322193361304244
736 0.5646022188507395 0.6698481294731458 0.01332020622055552 0.010322193361304244
736 0.5470825281815729 0.6824898394311896 0.01332020622055552 0.010322193361304244
736 0.5005691131485637 0.6564592130815433 0.01332020622055552 0.010322193361304244
736 0.4988309558912488 0.6454625134964618 0.01332020622055552 0.010322193361304244
736 0.5512136621118044 0.6587446861118416 0.01332020622055552 0.010322193361304244
736 0.5354519610750451 0.6559981944102115 0.014609304147037072 0.007315592531467274
736 0.5358135460420359 0.633519543165456 0.01332020622055552 0.010322193361304244
736 0.5234502470787952 0.6341348498041517 0.01332020622055552 0.010322193361304244
736 0.5121026439685175 0.6286185556130105 0.01332020622055552 0.010322193361304244
736 0.5200614069280081 0.6486234022936627 0.01332020622055552 0.010322193361304244
736 0.5126200538177303 0.643403106027929 0.01175770622055552 0.010203794191141213
736 0.5884476963721281 0.8625684257388795 0.007070206220555519 0.009848596680652123
736 0.5569373988694897 0.5644977786433089 0.017734304147037073 0.007552390871793335
736 0.5264884812445823 0.5358040935803745 0.019433505183796385 0.009233290041956365
736 0.5257366255424065 0.5272103435803744 0.019433505183796385 0.009233290041956365
736 0.524916419321851 0.5178353435803744 0.019433505183796385 0.009233290041956365
736 0.5031097698402306 0.516959005198092 0.019433505183796385 0.009233290041956365
736 0.503929976060786 0.526334005198092 0.019433505183796208 0.009233290041956365
736 0.504681831762962 0.534927755198092 0.019433505183796385 0.009233290041956365
736 0.4843494993878693 0.5597734672307283 0.019433505183796385 0.009233290041956365
736 0.4532362004246286 0.5589679838274677 0.019433505183796385 0.009233290041956365
1803 0.5603945895386564 0.550790476153798 0.01060530933083328 0.014772895020978182
1803 0.548744190057036 0.5506837323775752 0.01060530933083328 0.014772895020978182
1803 0.48787504057541564 0.5468474147412172 0.01060530933083328 0.014772895020978182
1803 0.4770058910937953 0.5467998705500762 0.01060530933083328 0.014772895020978182
1803 0.4566933910937953 0.5452606813379568 0.010742010367592592 0.016335395020978184
1803 0.4457558910937953 0.5444318871468157 0.010742010367592592 0.016335395020978184
736 0.5272506073991196 0.5001625915057819 0.012851314514629664 0.022703794191141213
736 0.511693957917499 0.4997598498041517 0.012851314514629664 0.022703794191141213
736 0.49457480843587864 0.4992387089323584 0.012851314514629664 0.022703794191141213
736 0.5182665866639343 0.4684389948251299 0.03425742280870363 0.03674298340326061
736 0.4921825402925918 0.4718949589323584 0.02093721658814811 0.026420790041956365
736 0.5280605431673139 0.5537728435803745 0.01291010311027776 0.005634693361304244
736 0.5273086874651379 0.5451790935803744 0.01291010311027776 0.005634693361304244
736 0.5062538936856934 0.5528965051980921 0.01291010311027776 0.005634693361304244
736 0.5055703885018972 0.5450840051980921 0.01291010311027776 0.005634693361304244
736 0.40182138044337884 0.45030245623306603 0.017734304147037073 0.007552390871793335
736 0.39946806852064737 0.4322745066479846 0.017734304147037073 0.007552390871793335
1456 0.40100117422282333 0.440927456233066 0.022558505183796207 0.009470088382282426
1803 0.3912851301605549 0.37422520830765854 0.019296804147036984 0.007670790041956277
1803 0.3896836739399993 0.364791008722577 0.01929680414703707 0.007670790041956277
1803 0.38893181823782347 0.356197258722577 0.01929680414703707 0.007670790041956277
1803 0.38692025890699017 0.3420755591374955 0.01929680414703707 0.007670790041956277
1803 0.3861684032048142 0.3334818091374955 0.01929680414703707 0.007670790041956277
1803 0.3846352975026383 0.324828859552414 0.019296804147036984 0.007670790041956366
1803 0.38381509128208274 0.315453859552414 0.01929680414703707 0.007670790041956366
1803 0.5474196785581478 0.23394651827034663 0.01060530933083328 0.014772895020978182
1803 0.5021755290765274 0.23129419233561893 0.01060530933083328 0.014772895020978182
1803 0.4804372301132867 0.2311991039533366 0.01060530933083328 0.014772895020978182
736 0.5357692790765274 0.233839774494124 0.007070206220555519 0.009848596680652123
736 0.49130637959490703 0.2312466481444778 0.007070206220555519 0.009848596680652123
736 0.4687184801132867 0.23031111017711395 0.007070206220555519 0.009848596680652123
1803 0.43791753944412 0.2419464271887719 0.010742010367592592 0.016335395020978184
1803 0.38061288737060145 0.23449985747782157 0.01929680414703707 0.007670790041956277
1803 0.38377684359115694 0.2440524562330661 0.01929680414703707 0.007670790041956277
736 0.37979268115004594 0.22512485747782157 0.01929680414703707 0.007670790041956277
736 0.3579176811500459 0.2234672690955392 0.01929680414703707 0.007670790041956277
1803 0.39668765523106453 0.18760154668994086 0.01060530933083328 0.014772895020978139
1803 0.38994963967967566 0.16380884917945182 0.017871005183796206 0.009114890871793246
1803 0.382537680867222 0.1500540024987997 0.010742010367592592 0.016335395020978184
717 0.3669413666354163 0.20242106328668039 0.02874971658814811 0.02701278589277143
1803 0.3454867401980553 0.16121572282980562 0.028690927992499927 0.0440818867226084
736 0.2627337373233332 0.07578586307689897 0.02093721658814811 0.02642079004195628
1803 0.24099543836009246 0.07569077469461663 0.01060530933083328 0.014772895020978139
717 0.4557998746474519 0.9697036516689629 0.05328082488222208 0.041288773445216975
736 0.45157170443064637 0.9391165024987996 0.01291010311027776 0.005634693361304244
736 0.46032198784249834 0.9149452966899408 0.017734304147036896 0.007552390871793335
736 0.45851548006680387 0.9031673471048594 0.017734304147037073 0.007552390871793335
736 0.45755857280948914 0.8922298471048593 0.01291010311027776 0.005634693361304244
736 0.4560254671073132 0.8835768975197779 0.013046804147037072 0.007197193361304244
736 0.45520526088675767 0.8742018975197778 0.013046804147037072 0.007197193361304244
736 0.4536721551845817 0.8655489479346963 0.013046804147036895 0.007197193361304244
736 0.45292029948240575 0.8569551979346963 0.013046804147036895 0.007197193361304244
736 0.4521684437802299 0.8483614479346964 0.013046804147037072 0.007197193361304244
736 0.45134823755967435 0.8389864479346963 0.013046804147037072 0.007197193361304244
736 0.45052803133911884 0.8296114479346963 0.013046804147037072 0.007197193361304244
736 0.3421216261080543 0.6638545481398334 0.027382706220555518 0.011387785892771517
736 0.337483352780971 0.6285798989696703 0.027382706220555518 0.011387785892771517
736 0.401282012630184 0.6481596157761913 0.007070206220555519 0.009848596680652123
736 0.3911941131485636 0.6481712711701316 0.007070206220555519 0.009848596680652123
736 0.3802566131485636 0.6473424769789905 0.007070206220555519 0.009848596680652123
736 0.3686062136669433 0.6472357332027678 0.01060530933083328 0.014772895020978182
736 0.3568874636669433 0.6463477394265451 0.00904280933083328 0.014654495850815153
736 0.34608666470370253 0.6470814452354039 0.010468608294074056 0.013210395020978183
736 0.3350808141853229 0.6454714010442628 0.01060530933083328 0.014772895020978182
736 0.4318492159760174 0.5806294962750224 0.019843608294074146 0.013920790041956366
736 0.42165400975546186 0.5705441012540442 0.020117010367592413 0.017045790041956367
736 0.41081425457166565 0.5619620066479846 0.026913814514629663 0.02376938672260831
736 0.3966444478327305 0.5507993637015989 0.036835618661666555 0.03072978174358667
736 0.36199604575921196 0.5450695819580124 0.01060530933083328 0.014772895020978182
1803 0.34678114886948974 0.5485730902563821 0.01929680414703707 0.007670790041956366
1803 0.3444667931673139 0.5398609410862191 0.01929680414703707 0.007670790041956366
717 0.29309092940661957 0.4405112139067359 0.06613213939685174 0.06399256763635801
1803 0.2766655555611567 0.4035673209603502 0.02269520622055552 0.011032588382282427
1803 0.35367782342161974 0.3612865778088275 0.01929680414703707 0.007670790041956366
1803 0.3456507099437494 0.3405004811281754 0.01060530933083328 0.014772895020978182
1803 0.2331213156459253 0.3405102912913561 0.01060530933083328 0.014772895020978182
736 0.22218381564592532 0.339681497100215 0.010742010367592592 0.016335395020978184
736 0.3455480054201374 0.7828530018740997 0.02093721658814811 0.026420790041956365
1803 0.34008952587249863 0.7382033527039368 0.01929680414703707 0.007670790041956366
1803 0.33926931965194307 0.7288283527039368 0.01929680414703707 0.007670790041956366
736 0.35452317276222084 0.7346406448204854 0.007070206220555519 0.009848596680652123
1803 0.36445241324310007 0.9457081993845889 0.01929680414703707 0.007670790041956366
1803 0.36363220702254456 0.9363331993845889 0.01929680414703707 0.007670790041956366
1803 0.3589939336954613 0.9010585502144259 0.01929680414703707 0.007670790041956366
1803 0.35824207799328533 0.892464800214426 0.01929680414703707 0.007670790041956366
1803 0.3533987531110633 0.8548464010442629 0.01929680414703707 0.007670790041956366
1803 0.3526468974088873 0.846252651044263 0.019296804147036984 0.007670790041956366
1803 0.2868154287944889 0.9631073417062745 0.01060530933083328 0.014772895020978182
1803 0.27438377931286856 0.9629413983449705 0.01060530933083328 0.014772895020978182
1803 0.2583192819047667 0.9656044570582587 0.019433505183796294 0.009233290041956365
1803 0.25756742620259077 0.9570107070582587 0.01929680414703707 0.007670790041956366
736 0.24157127931286854 0.9604550157715469 0.01060530933083328 0.014772895020978182
1803 0.2838469622063408 0.938048142121193 0.01060530933083328 0.014772895020978182
1803 0.2713469622063408 0.937100948759889 0.010742010367592592 0.016335395020978184
1803 0.2553508153166186 0.9405452574731772 0.019433505183796294 0.009233290041956365
1803 0.25453060909606307 0.9311702574731772 0.019433505183796294 0.009233290041956365
736 0.23860281272472045 0.9353958161864654 0.010742010367592592 0.016335395020978184
1803 0.2815913950998131 0.912266892121193 0.01060530933083328 0.014772895020978182
1803 0.2690913950998131 0.911319698759889 0.010742010367592592 0.016335395020978184
1803 0.2523139982100909 0.9147048078880957 0.019433505183796294 0.009233290041956365
1803 0.251562142507915 0.9061110578880957 0.019433505183796294 0.009233290041956365
736 0.23556599561819275 0.9095553666013838 0.010742010367592592 0.016335395020978184
736 0.23246082799328532 0.8829336670163024 0.010742010367592592 0.016335395020978184
1803 0.24920883058518353 0.8880831083030142 0.019433505183796208 0.009233290041956365
1803 0.24845697488300758 0.8794893583030141 0.019433505183796208 0.009233290041956365
1803 0.26527332799328535 0.885420049589726 0.010742010367592592 0.016335395020978184
1803 0.27770497747490575 0.88558599295103 0.01060530933083328 0.014772895020978182
1803 0.2753810598499984 0.8590234929510301 0.01060530933083328 0.014772895020978182
1803 0.26209980984999837 0.8580171000046445 0.010742010367592592 0.016335395020978184
1803 0.24688491296027615 0.8615206083030141 0.019433505183796294 0.009233290041956365
1803 0.24528345673972057 0.8520864087179326 0.019433505183796208 0.009233290041956365
736 0.228574410368378 0.8562527678461394 0.010742010367592592 0.016335395020978184
1803 0.2718363948169892 0.8362488437808671 0.010742010367592592 0.016335395020978184
1803 0.25933639481698917 0.835301650419563 0.010742010367592592 0.016335395020978184
1803 0.2433012917067114 0.8294301587179327 0.019433505183796294 0.009233290041956365
1803 0.2432718974088873 0.8379647091328511 0.019433505183796294 0.009233290041956365
736 0.22581099533536877 0.8335373182610578 0.010742010367592592 0.016335395020978184
1803 0.18492144665495197 0.9072698935710857 0.01929680414703703 0.007670790041956366
1803 0.18410124043439643 0.8978948935710858 0.01929680414703703 0.007670790041956366
1803 0.18140617591976685 0.8759606939860042 0.019433505183796294 0.009233290041956365
1803 0.1794629671073132 0.8626202444009227 0.019433505183796294 0.009233290041956365
1803 0.1713094230450448 0.7960363956456782 0.019296804147036984 0.007670790041956366
1803 0.1693662142325911 0.7826959460605967 0.01929680414703703 0.007670790041956366
1803 0.1619939201703227 0.7161712968904336 0.019296804147036984 0.007670790041956366
1803 0.15926946135786904 0.7027716477202706 0.01929680414703703 0.007670790041956366
1803 0.16354756677722102 0.6363537423263301 0.01929680414703703 0.007670790041956366
1803 0.15420266960467485 0.5650231939860042 0.01929680414703703 0.007670790041956366
1803 0.14642027243212868 0.49381104481584115 0.01929680414703703 0.007670790041956366
1803 0.13785662525958253 0.4225396960605966 0.01929680414703703 0.007670790041956366
717 0.24653430697527634 0.7776784045687478 0.03839811866166656 0.0308481809137497
736 0.2368079924606467 0.7552114087179327 0.01291010311027776 0.005634693361304244
1456 0.25671038935036894 0.752063097930052 0.010742010367592592 0.016335395020978184
736 0.24174020876597088 0.7051405537389108 0.03574201036759259 0.018229781743586672
736 0.2398557885491654 0.6747310033239924 0.03574201036759259 0.018229781743586672
1456 0.24037319839837834 0.6895155537389108 0.03560530933083328 0.01666728174358667
736 0.23804928077347096 0.6629530537389108 0.01929680414703707 0.007670790041956366
736 0.23644782455291544 0.6535188541538293 0.01929680414703707 0.007670790041956366
1803 0.2509314066451841 0.5529510917062745 0.01929680414703707 0.007670790041956366
1803 0.24939830094300824 0.5442981421211931 0.01929680414703707 0.007670790041956366
736 0.24779684472245272 0.5348639425361116 0.019433505183796208 0.009233290041956365
736 0.22592184472245275 0.5332063541538293 0.019433505183796208 0.009233290041956365
736 0.14019152186648082 0.3427813410815747 0.019433505183796294 0.009233290041956365
736 0.12456793892574033 0.21742614357108564 0.019433505183796294 0.009233290041956277
1803 0.15885404750263832 0.30772017946385705 0.010742010367592546 0.016335395020978184
1803 0.15260475603226809 0.24516097987877555 0.010742010367592592 0.016335395020978184
1803 0.1447246140435182 0.181702131123531 0.010742010367592592 0.01633539502097814
1803 0.13769407257314795 0.11908373195336797 0.010742010367592546 0.01633539502097814
1803 0.13966738421305544 0.06180402821910158 0.010742010367592592 0.01633539502097814
1803 0.1370569599437494 0.3246941919114117 0.01929680414703703 0.007670790041956277
1803 0.1363051042415735 0.3161004419114117 0.019296804147036984 0.007670790041956277
1803 0.10349260424157347 0.3136140593379882 0.01929680414703703 0.007670790041956277
1803 0.10431281046212901 0.32298905933798816 0.01929680414703703 0.007670790041956277
1803 0.07085576149888828 0.32200597717948315 0.01929680414703703 0.007670790041956277
1803 0.07003555527833275 0.3126309771794832 0.01929680414703703 0.007670790041956277
717 0.13313158609828651 0.2886974923263302 0.02874971658814811 0.02701278589277143
717 0.10038743661666612 0.28699235975290666 0.02874971658814811 0.02701278589277143
717 0.06679368661666614 0.2844467775944016 0.02874971658814811 0.02701278589277143
717 0.11828925315754599 0.1634014944009226 0.02874971658814811 0.02701278589277143
717 0.08547675315754599 0.1609151118274991 0.02874971658814811 0.02701278589277143
717 0.05195135367592563 0.15915077966899407 0.028749716588148087 0.02701278589277143
1803 0.13002641847337915 0.26207579274124865 0.01929680414703703 0.007670790041956277
1803 0.1292062122528236 0.2527007927412487 0.01929680414703703 0.007670790041956277
1803 0.09568081277120324 0.25093646058274366 0.01929680414703703 0.007670790041956277
1803 0.09643266847337914 0.2595302105827436 0.01929680414703703 0.007670790041956277
1803 0.06297561951013839 0.2585471284242386 0.01929680414703703 0.007670790041956277
1803 0.062155413289582864 0.2491721284242386 0.01929680414703703 0.007670790041956277
1803 0.12299587700300889 0.19945739357108563 0.01929680414703703 0.007670790041956277
1803 0.12139442078245337 0.19002319398600412 0.019433505183796294 0.009233290041956277
1803 0.0894021270030089 0.1969118114125806 0.019433505183796274 0.009233290041956277
1803 0.08865027130083299 0.18831806141258062 0.019433505183796274 0.009233290041956277
1803 0.05594507803976815 0.1959287292540756 0.019433505183796274 0.009233290041956277
1803 0.05512487181921262 0.1865537292540756 0.019433505183796294 0.009233290041956277
1803 0.115896985014259 0.1360577444009226 0.019433505183796294 0.009233290041956277
1803 0.1135826293120831 0.12734559523075956 0.019433505183796294 0.009233290041956277
1803 0.0827816886429164 0.13898091224241757 0.01929680414703703 0.007670790041956277
1803 0.08196148242236087 0.12960591224241758 0.01929680414703703 0.007670790041956277
1803 0.04918793864291641 0.13643533008391256 0.01929680414703703 0.007670790041956277
1803 0.04829938190398124 0.1262790800839126 0.01929680414703703 0.007670790041956277
4439 0.16806578628657398 0.06706021328203601 0.03839811866166665 0.030848180913749544
1803 0.17544835080120355 0.08934961037760658 0.019433505183796294 0.009233290041956277
717 0.2419084296894435 0.511911694610704 0.03031221658814811 0.02713118506293455
1803 0.2196562635251386 0.18660404129135616 0.019433505183796208 0.009233290041956277
1803 0.19156065782296267 0.1759383058135032 0.01929680414703703 0.007670790041956277
1803 0.1907404516024071 0.1665633058135032 0.019296804147036984 0.007670790041956277