1849 0.9287463665201182 0.19622187815126932 0.009343049091614476 0.01929630321830871
1847 0.9185263436413009 0.19473043396746806 0.009343049091614476 0.019296303218308664
2031 0.8756851393989354 0.19328826626677034 0.00934304909161412 0.019296303218308664
2033 0.8639026165201182 0.19168756143930732 0.010905549091614475 0.019405563861970388
1994 0.8520563207624837 0.1893056066118443 0.010905549091614475 0.019405563861970433
2005 0.8418362978836665 0.18781416242804302 0.01090554909161412 0.019405563861970433
1954 0.8301175478836665 0.18699470760058 0.00934304909161412 0.01929630321830871
1962 0.8183350250048491 0.18539400277311702 0.009343049091614476 0.019296303218308664
1910 0.8072699792472147 0.18306667826748485 0.009343049091614476 0.019296303218308664
1922 0.7962687063683973 0.1815206037618527 0.009343049091614476 0.019296303218308664
1884 0.9486919468254996 0.2597598542660558 0.009343049091614476 0.01929630321830871
1885 0.9400344239466824 0.2583776707259163 0.009343049091614476 0.01929630321830871
1886 0.9313769010678652 0.25699548718577675 0.009343049091614476 0.01929630321830871
1817 0.9807548898579774 0.3194844155301362 0.009343049091614476 0.01929630321830871
1816 0.9689723669791602 0.31788371070267313 0.009343049091614476 0.01929630321830871
1820 0.9571260712215256 0.3155017558752101 0.010905549091614475 0.019405563861970433
1819 0.9453435483427084 0.3139010510477471 0.010905549091614475 0.019405563861970433
1822 0.9343422754638911 0.312354976542115 0.010905549091614475 0.019405563861970343
1821 0.9233410025850738 0.31080890203648287 0.00934304909161412 0.01929630321830871
1824 0.9123397297062565 0.3092628275308507 0.009343049091614476 0.01929630321830871
1823 0.9012746839486221 0.30693550302521855 0.009343049091614476 0.01929630321830871
1826 0.8894921610698049 0.30533479819775555 0.00934304909161412 0.01929630321830871
1825 0.8792721381909875 0.30384335401395424 0.009343049091614476 0.01929630321830871
1828 0.8674896153121703 0.30224264918649124 0.009343049091614476 0.01929630321830871
1827 0.8556433195545357 0.2998606943590282 0.00934304909161412 0.01929630321830871
1831 0.8439245695545357 0.29904123953156525 0.00934304909161412 0.01929630321830871
1830 0.8336407737969012 0.296768545347764 0.009343049091614476 0.01929630321830871
1839 0.8226395009180839 0.2952224708421318 0.009343049091614476 0.01929630321830871
1838 0.8108569780392667 0.2936217660146688 0.00934304909161412 0.01929630321830871
2218 0.7872919322816321 0.2904203563597428 0.010905549091614475 0.019405563861970433
2220 0.7652256136451803 0.28654695734847846 0.010905549091614475 0.019405563861970433
2217 0.7777893865239977 0.28820229249777235 0.010905549091614475 0.019405563861970433
2219 0.754224340766363 0.28500088284284636 0.010905549091614475 0.019405563861970343
2223 0.7424418178875458 0.2834001780153833 0.010905549091614475 0.019405563861970433
2221 0.7321580221299112 0.28112748383158204 0.010905549091614475 0.019405563861970433
2225 0.7196580221299113 0.28025339868228816 0.010905549091614475 0.019405563861970433
2224 0.7086567492510939 0.278707324176656 0.010905549091614475 0.019405563861970343
2227 0.6976554763722767 0.27716124967102385 0.009343049091614476 0.01929630321830871
2226 0.6865904306146422 0.2748339251653917 0.009343049091614476 0.01929630321830871
2229 0.6748079077358249 0.27323322033792874 0.009343049091614476 0.01929630321830871
2228 0.6630253848570076 0.27163251551046563 0.009343049091614476 0.01929630321830871
2230 0.6520241119781904 0.2700864410048336 0.009343049091614476 0.01929630321830871
2232 0.6292403162205558 0.2669396616717384 0.009343049091614476 0.01929630321830871
2231 0.6174577933417386 0.2653389568442754 0.009343049091614476 0.01929630321830871
1865 0.6539056053102306 0.23603922293581875 0.009343049091614476 0.01929630321830871
1818 0.6444668324314133 0.23460240907384833 0.009343049091614476 0.01929630321830871
2200 0.6099642866737789 0.23063617491329014 0.009343049091614476 0.01929630321830871
2024 0.5997442637949615 0.22914473072948888 0.009343049091614476 0.01929630321830871
1876 0.6548146589437729 0.16153089583229657 0.009343049091614476 0.019296303218308664
1829 0.6445308631861384 0.1592582016484953 0.009343049091614476 0.019296303218308664
2211 0.6099645445496865 0.15451071748793713 0.009343049091614476 0.01929630321830871
2080 0.5989632716708693 0.15296464298230497 0.009343049091614476 0.01929630321830871
1856 0.571013872729036 0.08653661364920981 0.009343049091614476 0.019296303218308664
1858 0.5714123565181786 0.11996647268371721 0.010905549091614475 0.019405563861970433
1861 0.5709658174285038 0.15256045139639376 0.010905549091614475 0.019405563861970433
1859 0.5714280740964636 0.18677156043090112 0.010905549091614475 0.019405563861970433
1808 0.5956782592530336 0.3220752759020259 0.010905549091614475 0.019405563861970343
1809 0.5721132134953991 0.3188738662470999 0.010905549091614475 0.019405563861970343
3810 0.9299741556097929 0.1636825297604237 0.015306006667959693 0.03524908514929388
3807 0.9198816784886101 0.1637535855766224 0.015306006667960049 0.03524908514929388
3993 0.8759243843979657 0.16767090723226294 0.012978232122152633 0.025764824505632156
3997 0.8640143157615139 0.16450770240479992 0.014795823637421535 0.02899908514929388
3954 0.8521680200038795 0.16212574757733691 0.014795823637421535 0.02899908514929388
3965 0.8419479971250621 0.16063430339353563 0.016485869395056342 0.030670845792955603
3911 0.8302292471250621 0.15981484856607261 0.014795823637421535 0.02899908514929388
3921 0.8183829513674276 0.15743289373860964 0.014795823637421535 0.02899908514929388
3866 0.8082267013674276 0.15672269955480833 0.014795823637421535 0.02899908514929388
3878 0.7963804056097931 0.15434074472734532 0.014795823637421712 0.02899908514929388
3840 0.9507647587939918 0.228056386197041 0.015306006667960049 0.03524908514929388
3841 0.9406085087939917 0.22734619201323975 0.015306006667960049 0.03524908514929388
3842 0.9303884859151743 0.22585474782943846 0.015306006667960049 0.03524908514929388
3777 0.9805477247052867 0.28839830649562875 0.015306006667960049 0.03524908514929388
3776 0.9690202933417386 0.28992260166816575 0.015306006667959693 0.03524908514929388
3780 0.9580190204629213 0.28837652716253365 0.014795823637421535 0.02899908514929388
3779 0.9453277018264694 0.28515869201323973 0.015050915152690792 0.03212408514929388
3782 0.9351076789476522 0.2836672478294385 0.015050915152690792 0.03212408514929388
3781 0.9240426331900178 0.2813399233238063 0.015050915152690436 0.03212408514929388
3784 0.9138226103112004 0.279848479140005 0.015050915152690792 0.03212408514929388
3783 0.901976314553566 0.27746652431254204 0.015050915152690436 0.03212408514929388
3786 0.8917562916747486 0.2759750801287407 0.015050915152690436 0.03212408514929388
3785 0.8799737687959313 0.27437437530127773 0.015050915152690792 0.03212408514929388
3788 0.868191245917114 0.27277367047381473 0.015050915152690792 0.03212408514929388
3787 0.8571262001594796 0.2704463459681826 0.015178460910325242 0.03368658514929388
3791 0.8446262001594796 0.26957226081888874 0.015050915152690436 0.03212408514929388
3790 0.8344699501594797 0.26886206663508744 0.016996052425594144 0.036920845792955605
3799 0.8232773586442104 0.26497224212945525 0.015433552425594143 0.03681158514929388
3798 0.8108411315230277 0.2648794069801614 0.015306006667959693 0.03524908514929388
4186 0.7874036315230277 0.26324049732523536 0.014795823637421535 0.02899908514929388
4185 0.7771836086442105 0.26174905314143404 0.014795823637421535 0.02899908514929388
4188 0.7661185628865759 0.25942172863580193 0.014795823637421535 0.02899908514929388
4187 0.7543360400077587 0.25782102380833893 0.014795823637421535 0.02899908514929388
4191 0.7433985400077587 0.2570561993027068 0.013105777879787084 0.027327324505632154
4189 0.7307072213713068 0.2538383641534129 0.014795823637421535 0.02899908514929388
4193 0.7204871984924897 0.25234691996961167 0.014795823637421535 0.02899908514929388
4192 0.709677244250124 0.2531445954639795 0.012978232122152633 0.025764824505632156
4195 0.6985484256136724 0.2500360209583473 0.014795823637421535 0.02899908514929388
4194 0.6858571069772206 0.24681818580905346 0.014795823637421535 0.02899908514929388
4197 0.6748558340984033 0.2452721113034213 0.014795823637421535 0.02899908514929388
4196 0.664635811219586 0.24378066711962001 0.013105777879787084 0.027327324505632154
4198 0.6412779306146421 0.27166536649920137 0.014795823637421712 0.02899908514929388
4200 0.6056752704629214 0.2637382520168124 0.014795823637421535 0.02899908514929388
4199 0.5946739975841041 0.26219217751118024 0.014795823637421535 0.02899908514929388
3822 0.635219378189048 0.23550934521187794 0.012978232122152633 0.025764824505632156
3778 0.6233730824314133 0.23312739038441493 0.012850686364518004 0.024202324505632155
4168 0.5895242409161442 0.22765328654568764 0.012468049091614475 0.019514824505632154
3985 0.579304218037327 0.22616184236188636 0.012468049091614475 0.019514824505632154
3818 0.5676014434915198 0.2160220178562542 0.015433552425594322 0.03681158514929388
3517 0.5473047900077587 0.24334398852315903 0.01833541181871077 0.015264367080279052
3819 0.5812496131861383 0.154833145580195 0.015433552425594322 0.03681158514929388
3833 0.6557076081851685 0.13440566711962004 0.012978232122152633 0.025764824505632156
3789 0.645423812427534 0.13213297293581877 0.012978232122152633 0.025764824505632156
4179 0.6096138581851684 0.13118247813159883 0.012468049091614475 0.019514824505632154
4046 0.5978313353063512 0.12958177330413584 0.012468049091614475 0.019514824505632154
3816 0.5931599396984979 0.08187089298230496 0.031090503333979846 0.019263452229572976
3817 0.5927453515172088 0.09582413233864323 0.030962957576345217 0.017700952229572953
1248 0.547336998792052 0.14857779174146774 0.04645989606689529 0.16948197351689648
1348 0.5200253286383913 0.08996226240837255 0.02598841515269079 0.03288890965492604
3269 0.5044003286383915 0.0888696559717552 0.013775457576345396 0.01649908514929388
3976 0.4740427621279716 0.2118101292365501 0.014795823637421535 0.02899908514929388
3932 0.46297771637033697 0.20948280473091793 0.014795823637421535 0.02899908514929388
3889 0.3814088519762507 0.19989500126050772 0.012978232122152633 0.025764824505632156
3844 0.37106128333979893 0.19684105707670646 0.014795823637421712 0.02899908514929388
3986 0.44968087773000587 0.10368627279993274 0.014795823637421535 0.02899908514929388
3943 0.43946085485118863 0.10219482861613147 0.014795823637421535 0.02899908514929388
3900 0.4065208090935541 0.09833785509923502 0.014795823637421535 0.02899908514929388
3855 0.3963007862147368 0.09684641091543375 0.013105777879787084 0.027327324505632154
2888 0.3694512437910822 0.11050471932952252 0.015433552425594322 0.03681158514929388
3456 0.3369416327309757 0.12143686549079521 0.031090503333979846 0.019263452229572976
1386 0.33740414727484325 0.07952251709994956 0.043399055759574166 0.055856516091543386
2016 0.45028639773388524 0.20626496958162405 0.009343049091614476 0.01929630321830871
1972 0.4408476248550679 0.20482815571965368 0.010905549091614475 0.019405563861970433
1933 0.40550005621861623 0.2000260412372646 0.009343049091614476 0.01929630321830871
1888 0.3952800333397989 0.19853459705346335 0.009343049091614476 0.019296303218308664
2025 0.4496967242462448 0.13242863183444015 0.009343049091614476 0.01929630321830871
1983 0.44019417848861025 0.13021056797246972 0.009343049091614476 0.019296303218308664
1944 0.40491038273097574 0.12618970349008068 0.009343049091614476 0.019296303218308664
1899 0.39547160985215846 0.12475288962811029 0.009343049091614385 0.019296303218308664
1792 0.4449453224294736 0.16938232861613148 0.13934928454774678 0.07033391535490922
1840 0.26776119803344767 0.10184027749150974 0.009343049091614476 0.019296303218308664
1851 0.25597867515463035 0.10023957266404673 0.009343049091614385 0.01929630321830871
2222 0.24425992515463038 0.09942011783658374 0.009343049091614385 0.019296303218308664
1807 0.23403990227581312 0.09792867365278245 0.009343049091614385 0.019296303218308684
2156 0.22063110651817858 0.09543745818165769 0.009343049091614476 0.019296303218308664
2189 0.21041108363936134 0.09394601399785643 0.009343049091614476 0.019296303218308664
1806 0.19940981076054404 0.09239993949222428 0.00934304909161443 0.019296303218308684
1921 0.18834476500290948 0.09007261498659214 0.009343049091614385 0.019296303218308664
3800 0.26774535151720874 0.07309791845700235 0.014795823637421624 0.02899908514929388
3811 0.25680785151720875 0.0723330939513702 0.014795823637421624 0.02899908514929388
4190 0.24528042015366056 0.0738573891239072 0.012468049091614475 0.019514824505632154
3767 0.2348053057595742 0.06924094494010591 0.014795823637421624 0.02899908514929388
4122 0.2216516015172087 0.06987472946898117 0.012468049091614475 0.019514824505632154
4157 0.2107141015172087 0.06910990496334903 0.012468049091614475 0.019514824505632133
3766 0.198277874396026 0.06901706981405514 0.012212957576345352 0.016389824505632134
3877 0.18708528288075693 0.065127245308423 0.012468049091614386 0.019514824505632154
3835 0.16388689894183323 0.0759337053316661 0.02771041181871081 0.015919930942249482
3826 0.16184603788172675 0.08899643404434263 0.030962957576345394 0.017700952229572974
3880 0.16071384364130098 0.14173902179152656 0.029272911818710813 0.016029191585911207
3881 0.16010793682356 0.15334851114786482 0.030962957576345353 0.017700952229572974
3891 0.11329683864033113 0.11278921312533625 0.02771041181871081 0.015919930942249482
3890 0.11444475045904194 0.12685171312533625 0.030962957576345353 0.017700952229572974
3883 0.2380734401575399 0.17588978268728983 0.030962957576345394 0.01770095222957293
3882 0.23926914940087513 0.200053902365459 0.030962957576345394 0.01770095222957302
2887 0.1606022733378592 0.1308561521133574 0.03083541181871081 0.01613845222957293
3827 0.16916420136742755 0.11203509629715871 0.015050915152690702 0.03212408514929388
3760 0.07884209030732107 0.1189245986429472 0.01833541181871081 0.015264367080279052
1878 0.13987531409452392 0.1053262743894166 0.016517820303441778 0.012030106436617328
1869 0.14083190727678294 0.1170450243894166 0.014955320303441733 0.011920845792955603
1870 0.15763677000387932 0.1135593914696957 0.00921550333397989 0.017733803218308662
1935 0.11403016227775278 0.14080495248167452 0.016517820303441778 0.012030106436617328
1934 0.11336048258119451 0.15163319183801277 0.016517820303441778 0.012030106436617328
788 0.11275457576345353 0.16324268119435104 0.02276782030344173 0.012467149011264311
2892 0.11409380621861616 0.17964893119435105 0.030962957576345353 0.017700952229572974
783 0.15859323424818447 0.16334087018237226 0.010012728788172697 0.008468063861970432
1683 0.15876857743044348 0.17500498986054133 0.016517820303441733 0.012030106436617328
1684 0.15816267061270248 0.18661447921687963 0.016517820303441778 0.012030106436617328
1415 0.1855223960668953 0.17920617080279086 0.03899859818322886 0.040012994804219916
4449 0.08588918682355998 0.14815863057393241 0.03587359818322884 0.039794473516896425
1927 0.21210087152108806 0.1717432320668712 0.016517820303441687 0.012030106436617328
1926 0.21232401212797156 0.1935089714232095 0.016517820303441778 0.012030106436617328
3478 0.1929681053102306 0.20380733305560694 0.02302291181871081 0.015592149011264312
1792 0.24132611485312833 0.13960807526193678 0.13934928454774687 0.07033391535490922
1792 0.9798227111398461 0.26428881713929053 0.040354577720307816 0.026169016091543363
1792 0.8523750562186162 0.23127458532452083 0.1377867845477468 0.0702246547112475
1792 0.8894122837988409 0.35193664658860124 0.18529951333591937 0.08131497402109958
1792 0.6731655304648609 0.31972580808511264 0.23061201333591957 0.08448353268728984
1792 0.6494733257634536 0.20077371229215704 0.1377867845477468 0.0702246547112475
1792 0.97899327690136 0.4732432000590114 0.04201344619728005 0.02795003737886681
4415 0.7941314768313187 0.4027564653942502 0.16693215060882327 0.08469134629715871
2978 0.691070249710136 0.39632651291257565 0.014795823637421535 0.02899908514929388
875 0.677788999710136 0.3953977974414509 0.014795823637421535 0.02899908514929379
864 0.6432226810736841 0.3906503132808927 0.014795823637421535 0.028999085149293967
2967 0.6328751124372323 0.3875963690970915 0.012978232122152633 0.025764824505632156
3021 0.6603783591032524 0.37243019100483354 0.024585411818710767 0.015701409654926037
3011 0.6402570488017503 0.4114162813499075 0.024585411818710767 0.015701409654926123
3000 0.6404323919840094 0.42308040102807665 0.022895366061076318 0.01402964901126431
2989 0.640543962287451 0.43396327070624585 0.024457866061076316 0.014138909654926124
3047 0.6406555325908928 0.44484614038441495 0.024457866061076316 0.014138909654925947
3036 0.6408308757731518 0.456510260062584 0.024585411818710767 0.015701409654926123
918 0.6607450209219632 0.3864380606830027 0.014955320303441866 0.011920845792955603
908 0.6609203641042223 0.3981021803611718 0.014955320303441866 0.011920845792955603
897 0.6610957072864813 0.40976630003934095 0.014955320303441688 0.011920845792955603
886 0.6604898004687403 0.4213757893956792 0.014955320303441688 0.011920845792955603
940 0.660601370772182 0.4322586590738483 0.010012728788172609 0.00846806386197052
929 0.6607129410756238 0.4431415287520175 0.011830320303441865 0.011702324505632156
3768 0.5835608965259372 0.32588869075273197 0.015433552425594322 0.03681158514929388
3769 0.5601233965259371 0.32424978109780594 0.015050915152690792 0.03212408514929388
2502 0.5080347380412062 0.32371454953513784 0.05921550333398003 0.021230143815484225
3297 0.40926252713088107 0.28418251994994115 0.08836086939505616 0.035696835401395434
2521 0.31066553046486095 0.29437733875559013 0.03552291181871077 0.0164662341605581
4405 0.3458056760727143 0.3442188016288248 0.015210411818710768 0.015045845792955603
2884 0.1747760857653932 0.21884782500983527 0.01712359818322886 0.038483345792955606
2877 0.14269703834076872 0.20650636213660056 0.01699605242559432 0.036920845792955605
2883 0.18097803046486094 0.28530870533166613 0.015433552425594322 0.03681158514929388
3874 0.14322293894959187 0.2795614498837845 0.015306006667959782 0.03524908514929388
780 0.18330606288657594 0.2186675085499748 0.008832866061076272 0.013046303218308708
773 0.15103569682549964 0.20398229567674003 0.008832866061076316 0.013046303218308708
1336 0.06283406622055582 0.22733267834435944 0.04722542848861026 0.10273151609154337
2885 0.23794563652399753 0.25045274011264296 0.029272911818710768 0.016029191585911207
2876 0.23777016440378468 0.2768513491471503 0.029272911818710855 0.016029191585911207
2882 0.23740337364711994 0.3009062081816577 0.029272911818710768 0.016029191585911207
2875 0.15530847970625658 0.25632604567674006 0.030962957576345353 0.01770095222957302
3875 0.2305952642540035 0.32218027464151816 0.030962957576345394 0.01770095222957302
3872 0.23089815319389703 0.3354068943196873 0.030962957576345394 0.01770095222957293
3867 0.23126481501260782 0.3494147639978564 0.030962957576345394 0.01770095222957302
3871 0.23078645395250136 0.3625867533541947 0.030962957576345394 0.01770095222957302
3865 0.23108934289239488 0.3758133730323638 0.030962957576345394 0.01770095222957302
3868 0.12531783289045526 0.31714893119435106 0.02771041181871081 0.015919930942249482
3884 0.08525094228357177 0.2925970454246385 0.032525457576345354 0.017810212873234654
3885 0.08643067607271429 0.3260815347809768 0.032525457576345354 0.017810212873234654
3869 0.12477569895153155 0.32953967055068933 0.030962957576345353 0.01770095222957302
3873 0.12423356501260782 0.3419304099070276 0.030962957576345353 0.01770095222957302
3870 0.12460022683131863 0.3559382795851967 0.030962957576345353 0.01770095222957302
1919 0.20291667440572433 0.32568233305560695 0.016517820303441778 0.012030106436617416
1916 0.20302824470916608 0.33656520273377605 0.016517820303441778 0.012030106436617416
1911 0.2031398150126078 0.3474480724119452 0.016517820303441687 0.012030106436617416
1915 0.20325138531604958 0.3583309420901143 0.016517820303441778 0.012030106436617416
1909 0.2034267284983086 0.36999506176828345 0.014955320303441776 0.011920845792955603
1912 0.14952060743626247 0.32816284084927705 0.016517820303441733 0.012030106436617328
1913 0.1496959506185215 0.3398269605274462 0.016517820303441778 0.012030106436617328
1917 0.14980752092196323 0.35070983020561536 0.016517820303441778 0.012030106436617416
1914 0.14920161410422225 0.3623193195619536 0.016517820303441733 0.012030106436617416
781 0.21438059076636304 0.2472513304577169 0.010012728788172697 0.008468063861970344
772 0.21433266440378468 0.2752124394922243 0.010012728788172697 0.008468063861970432
771 0.15535627713088104 0.26642766535490925 0.010012728788172697 0.008468063861970344
778 0.2185258278894854 0.2980325804577169 0.008832866061076316 0.013046303218308708
779 0.1689882134953991 0.2906846201823722 0.008832866061076272 0.013046303218308708
1928 0.08652639985991713 0.30822204542463855 0.016517820303441753 0.012030106436617328
1929 0.08692488364905963 0.34165190445914595 0.016517820303441733 0.012030106436617416
3474 0.17917628546583078 0.31081680372251175 0.02471295757634535 0.017263909654926034
1409 0.176385996376156 0.34324689146969567 0.038328918486670596 0.05084123416055819
1918 0.15532432622249548 0.2850684047112475 0.009343049091614385 0.01929630321830871
782 0.96626131047068 0.49402559362239407 0.010140274545807414 0.010030563861970343
767 0.922590929865736 0.520489904634373 0.013233323637421534 0.028889824505632156
755 0.9098996112292843 0.517272069485079 0.007142820303441866 0.011374542574646896
754 0.901242088350467 0.5158898859449395 0.007142820303441511 0.011374542574646896
753 0.8926483383504671 0.5152889524048 0.007142820303441511 0.011374542574646896
751 0.8832095654716496 0.5138521385428294 0.007142820303441511 0.011374542574646896
750 0.8745520425928326 0.51246995500269 0.007142820303441511 0.011374542574646896
749 0.8651770425928325 0.5118143911407195 0.007270366061076316 0.012937042574646895
748 0.856455746835198 0.5096509576005801 0.007270366061076316 0.012937042574646895
747 0.8470169739563808 0.5082141437386096 0.007270366061076316 0.012937042574646895
2886 0.9450400147130453 0.49098807493296065 0.029272911818710768 0.016029191585911207
2871 0.9221924460765937 0.48706004559986554 0.015306006667960049 0.03524908514929379
2859 0.9113824918342281 0.48785772109423337 0.015306006667959693 0.03524908514929379
2858 0.9012900147130454 0.4879287769104321 0.015178460910325242 0.03368658514929379
2857 0.8925049460765937 0.4849840933702925 0.015306006667960049 0.03524908514929379
2855 0.883002400318959 0.48276602950832215 0.015306006667959693 0.03524908514929379
2854 0.8744086503189591 0.4821650959681826 0.015306006667959693 0.03524908514929379
2853 0.8656873545613244 0.48000166242804304 0.015306006667960049 0.035249085149293966
2852 0.8563123545613245 0.4793460985660726 0.015306006667960049 0.03524908514929379
2851 0.8476548316825074 0.47796391502593316 0.015306006667960049 0.03524908514929379
2848 0.8710760983524068 0.5650486517843814 0.030962957576345217 0.01770095222957302
3949 0.9872680335693198 0.5376334819899966 0.025463932861360304 0.01770095222957302
3947 0.9577949772903604 0.5330498887949311 0.030962957576345217 0.01770095222957302
3864 0.9204065475938024 0.5413105030252185 0.030962957576345217 0.01770095222957302
1989 0.9849154577455232 0.5512589394153496 0.014955320303441866 0.011920845792955603
1987 0.9636303891090714 0.5474401707259162 0.014955320303441866 0.011920845792955603
1908 0.8951514560785334 0.5364373327266307 0.013392820303441511 0.011811585149293969
963 0.794306433199716 0.5286087712104489 0.014795823637421535 0.02899908514929379
992 0.7823963645632641 0.5254455663829859 0.010650457576345218 0.016280563861970344
981 0.7714588645632642 0.5246807418773537 0.009343049091614476 0.01929630321830871
1028 0.762020091684447 0.5232439280153833 0.008832866061076316 0.013046303218308708
1021 0.7533625688056297 0.5218617444752438 0.008832866061076316 0.013046303218308708
1014 0.7447050459268124 0.5204795609351043 0.008832866061076316 0.013046303218308708
3069 0.7949759839583204 0.5558432605667871 0.012978232122152633 0.025764824505632156
3100 0.7838471653218686 0.552734686061155 0.014795823637421535 0.02899908514929379
3089 0.7736909153218686 0.5520244918773537 0.014795823637421535 0.02899908514929379
3145 0.7626896424430513 0.5504784173717215 0.014795823637421535 0.02899908514929379
3135 0.7516245966854168 0.5481510928660894 0.012978232122152633 0.025764824505632156
3127 0.7414045738065995 0.5466596486822881 0.014795823637421535 0.02899908514929379
1871 0.7954066765317562 0.4945069228196032 0.015465503333979846 0.018170845792955602
1874 0.7900176748647663 0.485585390888618 0.015465503333979846 0.018170845792955602
1082 0.7466503121376699 0.4872135928660894 0.017283094849248927 0.021405106436617416
1090 0.7396030866834771 0.4960422896477807 0.017283094849248927 0.021405106436617416
1080 0.7559137418342281 0.47698628704989066 0.02573332363742171 0.029763909654926125
1079 0.7701995113790655 0.46167264348650805 0.053029147274843244 0.05963707995351371
3828 0.8141248545613247 0.4763960611872058 0.029240960910325242 0.03466993094224939
3831 0.8054833071367 0.4656935079688971 0.029240960910325242 0.03466993094224939
3204 0.7844215080450857 0.4455777499231255 0.022480777879787084 0.027982888367602498
3205 0.7391568054697102 0.45251081093510426 0.022480777879787084 0.027982888367602498
3207 0.7323646715307863 0.4644645077167956 0.020918277879787082 0.027873627723940687
3215 0.7222562189554109 0.4738559332111635 0.024043277879787085 0.028092149011264313
3216 0.6127376977435836 0.4739655578330111 0.025605777879787083 0.028201409654925947
3217 0.6039686045613245 0.46170050461470247 0.025605777879787083 0.028201409654926124
3218 0.5961083071367 0.45105258171822465 0.023788186364518005 0.02496714901126431
3214 0.5895554181968066 0.4373889194654085 0.022480777879787084 0.027982888367602498
3213 0.5818226665298166 0.4283034965689307 0.022480777879787084 0.027982888367602498
3212 0.5438124834992785 0.4194312411210491 0.022480777879787084 0.027982888367602498
3946 0.5764656157712122 0.40074122528160727 0.032365960910325245 0.03488845222957302
3823 0.5222563478933647 0.42180784210978484 0.030803460910325244 0.03477919158591121
3824 0.5144916453179892 0.43136315856964524 0.028985869395056162 0.031544930942249395
1986 0.5683023004687403 0.4149294114196369 0.017028003333979847 0.018280106436617417
1866 0.5383595800155174 0.4477911879027404 0.017028003333980024 0.018280106436617417
1671 0.5318385130460554 0.4535495150062626 0.017028003333979847 0.018280106436617417
1087 0.5526453495603547 0.43247754433935776 0.034056006667959694 0.03656021287323465
1088 0.5623870113790655 0.4471409778794973 0.024043277879787085 0.028092149011264313
1089 0.5719373545613246 0.45946066141963693 0.025860869395056163 0.03132640965492613
1093 0.5798614248647663 0.4708898343161147 0.015465503333979846 0.018170845792955602
1092 0.5875941765317563 0.4799752572125925 0.017283094849248927 0.021405106436617416
1091 0.5953907010775634 0.4898419301090703 0.017283094849248927 0.021405106436617416
1781 0.3467781157712122 0.38467991066333224 0.0916770590935541 0.07632183540139544
3239 0.38244441986379646 0.43145100385839774 0.024585411818710767 0.015701409654926123
3240 0.32008794107562377 0.4193227084337593 0.024585411818710767 0.015701409654926123
3857 0.3179833071367001 0.4316041871464358 0.027710411818710767 0.015919930942249572
3952 0.3290801748647663 0.4533535010084062 0.030962957576345394 0.01770095222957302
1629 0.35875182834852737 0.4266870942034718 0.016517820303441687 0.012030106436617416
1630 0.34143678259089283 0.42392272712319273 0.016517820303441687 0.012030106436617416
1901 0.34083087577315185 0.4355322164795309 0.016517820303441687 0.012030106436617416
1710 0.34958399350121805 0.4571176393760087 0.009343049091614476 0.01929630321830871
3856 0.24908991486282658 0.39649185979081203 0.03239791181871077 0.016247712873234656
1900 0.24783030380272017 0.4096092188253195 0.016517820303441778 0.012030106436617416
2940 0.22729453425788276 0.4244858198140552 0.030962957576345394 0.01770095222957302
837 0.23481999183422814 0.4405478623887021 0.010012728788172697 0.00846806386197052
1792 0.9769522869032997 0.6028924952315484 0.04609542619340061 0.08274679802252863
3950 0.9909110109200234 0.655438341024504 0.018177978159953055 0.01770095222957302
1990 0.9714584777494025 0.6528542904040855 0.014955320303441511 0.011920845792955603
3948 0.9534260838085391 0.612753814289299 0.01556109818322895 0.03837408514929379
1988 0.9544782718400471 0.6446758036456371 0.009343049091614476 0.01929630321830871
1904 0.9362226083543463 0.620872316887189 0.010905549091614475 0.01940556386197052
1905 0.9275650854755291 0.6194901333470494 0.010905549091614475 0.01940556386197052
745 0.9181263125967118 0.618053319485079 0.010905549091614475 0.01940556386197052
746 0.9102500397178946 0.6167257662667703 0.007270366061076316 0.012937042574646895
3860 0.9385822048705853 0.6497785668871889 0.015306006667959693 0.03524908514929379
3861 0.928362181991768 0.6482871227033877 0.015306006667959693 0.03524908514929379
2849 0.9173609091129507 0.6467410481977556 0.015306006667960049 0.03524908514929379
2850 0.9071408862341336 0.6452496040139544 0.015433552425594143 0.03681158514929379
3862 0.8662767701730573 0.62996345760058 0.015306006667960049 0.03524908514929379
1906 0.8621633550203665 0.5986041969569182 0.009343049091614476 0.01929630321830871
3863 0.8328106948686458 0.5911141250491762 0.030962957576345217 0.01770095222957302
1907 0.8365416016863865 0.5797231569801614 0.014955320303441511 0.011920845792955603
3079 0.7947841495700531 0.7057504254174933 0.014795823637421712 0.02899908514929379
3120 0.7836553309336013 0.7026418509118612 0.014795823637421535 0.02899908514929379
3111 0.7718090351759667 0.7002598960843981 0.014795823637421535 0.02899908514929379
3168 0.7608715351759667 0.699495071578766 0.014795823637421535 0.02899908514929379
3157 0.7500615809336013 0.7002927470731338 0.012978232122152633 0.025764824505632156
3154 0.7396502394183322 0.6964575528893325 0.014795823637421535 0.02899908514929379
972 0.7939232801749969 0.6761721860611549 0.014795823637421712 0.02899908514929379
1009 0.7821407572961796 0.674571481233692 0.009343049091614476 0.01929630321830871
1001 0.7719845072961796 0.6738612870498907 0.009343049091614476 0.01929630321830871
1043 0.7624819615385451 0.6716432231879204 0.008832866061076316 0.013046303218308708
1040 0.753888211538545 0.6710422896477807 0.008832866061076316 0.013046303218308708
1037 0.7444494386597278 0.6696054757858103 0.008832866061076316 0.013046303218308708
3211 0.6793669594125131 0.5384376032576496 0.025605777879787083 0.028201409654926124
3027 0.6493287730479952 0.5130334116717383 0.025605777879787083 0.028201409654926124
3220 0.6980052601711175 0.5669285900160979 0.022480777879787084 0.027982888367602498
3222 0.6977500397178946 0.6018663187287744 0.022480777879787084 0.027982888367602498
3224 0.677325840476499 0.6276257893956793 0.022480777879787084 0.027982888367602498
3225 0.6620197048705853 0.6304394329590618 0.022480777879787084 0.027982888367602498
3209 0.6499983238065995 0.5402679010280766 0.022480777879787084 0.027982888367602498
3219 0.6338949627464932 0.5523472839477975 0.022480777879787084 0.027982888367602498
3228 0.6201831491110111 0.5746921775111803 0.022480777879787084 0.027982888367602498
3223 0.6255561753238083 0.5929340791203346 0.022225686364518004 0.0248578883676025
3203 0.6333207489612299 0.6214414913731506 0.022480777879787084 0.027982888367602498
3202 0.6405592930518745 0.6149565445914593 0.023915732122152634 0.02652964901126431
2889 0.672718217747463 0.5806961590738483 0.012978232122152633 0.025764824505632156
923 0.6635506407760614 0.5350012468210322 0.011957866061076317 0.013264824505632156
1086 0.672447279715955 0.548828800039341 0.011957866061076317 0.013264824505632156
1095 0.6865416016863867 0.5692341351886349 0.011957866061076317 0.013264824505632156
1099 0.6626415871425191 0.6095095739245544 0.011957866061076317 0.013264824505632156
1100 0.6516403142637018 0.6079634994189222 0.011957866061076317 0.013264824505632156
1084 0.6624026000193967 0.5590014755337088 0.011957866061076317 0.013264824505632156
785 0.660553057595742 0.5744079542463854 0.008960411818710767 0.014608803218308708
1094 0.6382954203228384 0.568190805235121 0.011957866061076317 0.013264824505632156
1103 0.6385345363839147 0.5806361749132901 0.011957866061076317 0.013264824505632156
1098 0.6338948338085392 0.5904100126604741 0.011957866061076317 0.013264824505631979
1077 0.6531072194144528 0.5878695207062459 0.011957866061076317 0.013264824505631979
1078 0.6489299024449909 0.5937917387752606 0.011830320303441865 0.011702324505632156
744 0.8656551457770313 0.5747678592097344 0.010012728788172609 0.00846806386197052
2942 0.5666597942598225 0.49948472787949727 0.015306006667959693 0.03524908514929379
3956 0.5488983383504671 0.49125161079921825 0.029272911818710768 0.016029191585911207
3957 0.5469850230479951 0.5058768395118948 0.030962957576345217 0.01770095222957302
3184 0.5391405721396095 0.5239712756499244 0.013105777879787084 0.027327324505632154
3186 0.5289205492607923 0.522479831466123 0.013105777879787084 0.027327324505631977
2922 0.519481776381975 0.5210430176041527 0.013105777879787084 0.027327324505632154
3183 0.5030915018361679 0.5105754111675352 0.024585411818710767 0.015701409654926123
2933 0.5033943907760614 0.5238020308457043 0.024585411818710767 0.015701409654926123
3178 0.4741055035031577 0.5170932089379623 0.024585411818710767 0.015701409654925946
2911 0.4766562897178946 0.5864059376506389 0.023022911818710766 0.015592149011264312
3182 0.5041275854755292 0.5898804989147193 0.023022911818710766 0.015592149011264312
2956 0.5820613957770313 0.5549370523851295 0.014795823637421535 0.02899908514929379
3189 0.5709325771405794 0.5518284778794973 0.012978232122152633 0.025764824505632156
3190 0.5826671736568183 0.5813902917414677 0.012723140606883376 0.022639824505632157
3191 0.5708208778991837 0.5790083369140047 0.013105777879787084 0.027327324505632154
2943 0.6065191329001536 0.607138690752732 0.015306006667959693 0.03524908514929379
3959 0.5864139269907982 0.5987416827069604 0.030962957576345394 0.01770095222957302
3958 0.5882155430518745 0.6112963130287912 0.030962957576345217 0.01770095222957302
2941 0.5776287294163925 0.6338597278794973 0.015433552425594322 0.03681158514929379
3185 0.5398577913848845 0.5993701133971083 0.014795823637421535 0.02899908514929379
3187 0.5296377685060673 0.597878669213307 0.014795823637421535 0.02899908514929379
2944 0.52019899562725 0.5964418553513366 0.012978232122152633 0.025764824505632156
3955 0.5290158862341334 0.6188085282478143 0.030962957576345217 0.01770095222957302
3953 0.5292550022952097 0.6312538979259836 0.030962957576345217 0.01770095222957302
839 0.5667394136548787 0.5290083369140047 0.009215503333979847 0.017733803218308707
1059 0.5398738957770313 0.5519870150062627 0.010905549091614475 0.01940556386197052
1061 0.5312163728982139 0.550604831466123 0.010905549091614475 0.01940556386197052
818 0.5217776000193967 0.5491680176041527 0.010905549091614475 0.01940556386197052
841 0.5220007406262802 0.5709337569604909 0.010905549091614475 0.01940556386197052
1062 0.5314395135050974 0.5723705708224613 0.010905549091614475 0.01940556386197052
1060 0.5400970363839146 0.5737527543626009 0.010905549091614475 0.01940556386197052
840 0.5664202913848845 0.6012275443393578 0.010905549091614475 0.019405563861970343
838 0.5666274565375753 0.6323136533738651 0.010905549091614475 0.01940556386197052
1996 0.5528842077455233 0.52104837144288 0.014955320303441866 0.011920845792955603
1997 0.5530595509277823 0.532712491121049 0.014955320303441688 0.011920845792955603
1999 0.5533463354755291 0.5933222091900638 0.014955320303441688 0.011920845792955603
1998 0.5526766557789708 0.6041504485464022 0.014955320303441866 0.011920845792955603
1995 0.5527722506282198 0.6243536879027405 0.016517820303441687 0.012030106436617416
1993 0.5528838209316616 0.6352365575809096 0.016517820303441864 0.012030106436617416
1058 0.5040799169888585 0.5417161505238737 0.024457866061076316 0.014138909654926124
830 0.5037928745652038 0.5572318898802118 0.024457866061076316 0.014138909654926124
1057 0.5044146278991837 0.574364759558381 0.024457866061076316 0.014138909654926124
1053 0.47223998562531033 0.5418200573288081 0.04030600666795969 0.036997255447881724
807 0.47687955926273196 0.5701089482943006 0.028220594849248926 0.022169930942249394
853 0.5579701915346658 0.5548060124083726 0.007270366061076316 0.012937042574646895
1064 0.5493126686558485 0.5534238288682329 0.007270366061076316 0.012937042574646895
1065 0.5581933321415493 0.5765717517647108 0.007270366061076316 0.012937042574646895
1066 0.550317059262732 0.5752441985464022 0.007270366061076316 0.012937042574646895
2925 0.4618761836587579 0.6242119402485289 0.015306006667959693 0.03524908514929379
2924 0.44071866077994065 0.6219556715590955 0.015050915152690792 0.03212408514929379
3365 0.4511300022952097 0.6257908657428968 0.013105777879787084 0.027327324505632154
821 0.45967582593263145 0.6543529083175438 0.009215503333980024 0.017733803218308707
820 0.44164330305381416 0.6523151609154338 0.009215503333979847 0.017733803218308707
528 0.45101830305381413 0.6529707247774041 0.011160640606883553 0.02253056386197052
3903 0.39352479638585436 0.6147716022492433 0.015433552425594322 0.03681158514929379
3907 0.3833685463858544 0.6140614080654421 0.015433552425594322 0.03681158514929379
3901 0.37386600062821984 0.6118433442034718 0.015306006667959782 0.03524908514929379
3898 0.3645547735070371 0.6119690303415013 0.015306006667959782 0.035249085149293966
3917 0.35433475062821984 0.6104775861577 0.015306006667959782 0.03524908514929379
3915 0.34489597774940256 0.6090407722957296 0.015306006667959782 0.03524908514929379
3910 0.3362384548705853 0.6076585887555901 0.015306006667959782 0.03524908514929379
3908 0.325237181991768 0.6061125142499579 0.015306006667959782 0.03524908514929379
3894 0.38481921820650483 0.6794132564562878 0.015306006667959782 0.03524908514929379
1687 0.3922970072961796 0.6473109506400891 0.009343049091614385 0.01929630321830871
1950 0.38442073441736235 0.6459833974217805 0.009343049091614385 0.01929630321830871
1945 0.37498196153854507 0.64454658355981 0.009343049091614476 0.01929630321830871
1942 0.36632443865972786 0.6431644000196706 0.009343049091614476 0.01929630321830871
1959 0.3521981657809105 0.6413998042267149 0.009343049091614476 0.01929630321830871
1957 0.3435406429020933 0.6400176206865753 0.009343049091614476 0.01929630321830871
1953 0.33488312002327597 0.6386354371464358 0.009343049091614476 0.01929630321830871
1951 0.32544434714445875 0.6371986232844653 0.009343049091614476 0.01929630321830871
3847 0.20864012910713176 0.4433779314464526 0.030962957576345394 0.01770095222957302
3845 0.20924590698691886 0.46983117080279085 0.030962957576345394 0.01770095222957302
3846 0.20849647895735055 0.48919852983729833 0.027710411818710767 0.015919930942249395
3843 0.20760352971595492 0.5163237585499748 0.030962957576345394 0.01770095222957302
3238 0.21213179092584258 0.4576043224119452 0.024585411818710767 0.015701409654926123
3237 0.21042564077606135 0.5033156601591291 0.024585411818710858 0.015701409654926123
2939 0.22826671608047294 0.5410723862739155 0.030962957576345394 0.01770095222957302
1792 0.27860194274261374 0.4249664210548924 0.026084010001939717 0.053092149011264314
1792 0.2785696050203665 0.5577953465492602 0.02452151000193963 0.052982888367602496
1792 0.2573963645632642 0.48873399011264296 0.03765898091420459 0.1377949309422494
1891 0.23415031213766993 0.45137610174504034 0.014955320303441688 0.011920845792955603
1890 0.2339428891090714 0.496415450135886 0.014955320303441688 0.011920845792955603
1887 0.23494727971595494 0.5182358198140552 0.014955320303441688 0.011920845792955603
847 0.23432565531992894 0.46304022142320955 0.010012728788172609 0.00846806386197052
1112 0.23405445941251318 0.5072983198140552 0.010012728788172697 0.00846806386197052
836 0.23512262289821395 0.5298999394922242 0.010012728788172609 0.008468063861970344
3854 0.22282978805090464 0.5601119633774377 0.030962957576345394 0.01770095222957302
3962 0.21257781426370181 0.5772612585499748 0.032525457576345396 0.017810212873234654
3937 0.14915304305187446 0.5805940721598436 0.032525457576345354 0.01781021287323483
2932 0.1928074482026255 0.563450130826034 0.015306006667959782 0.03524908514929379
3939 0.1840223795661737 0.5605054472858944 0.015433552425594322 0.03681158514929379
3941 0.2531230659306917 0.588641154963349 0.015306006667959782 0.03524908514929379
3944 0.24290304305187446 0.5871497107795477 0.015306006667959782 0.03524908514929379
2937 0.23196554305187447 0.5863848862739156 0.015306006667959782 0.03524908514929379
1792 0.10852791411392057 0.6158160241373151 0.051211555759574215 0.05640281930985207
3929 0.17187280805478397 0.6590850589182919 0.032525457576345354 0.01781021287323483
2935 0.23397419532768757 0.6680883543429303 0.01674096091032524 0.0337958457929556
3460 0.21291239623607314 0.6479725962971588 0.029272911818710855 0.016029191585911207
1898 0.2480211066873564 0.5642038836760255 0.016517820303441687 0.012030106436617416
1984 0.24395523108338243 0.619071700135886 0.009343049091614476 0.01929630321830871
1981 0.2532664582045652 0.6189460139978564 0.009343049091614476 0.01929630321830871
834 0.2345164582045652 0.6176348862739156 0.009343049091614476 0.01929630321830871
832 0.23395834881144867 0.6393459953084231 0.009343049091614476 0.01929630321830871
2002 0.19503949896122988 0.5907938808260339 0.014955320303441733 0.011920845792955603
1588 0.18045084047649895 0.5928809047112475 0.00934304909161443 0.01929630321830871
1979 0.17179331759768168 0.5914987211711079 0.01077800333397989 0.017843063861970522
1977 0.15817722774940254 0.5959841253781523 0.016517820303441778 0.012030106436617416
1392 0.2126254827503724 0.6254256069408205 0.028858323637421624 0.029982430942249394
1969 0.17152212169026596 0.6357568195619535 0.04617336939505616 0.032746798022528625
2891 0.08960231305575381 0.6789662341605582 0.029272911818710813 0.016029191585911207
787 0.09028783926855095 0.6968803538387273 0.02978309484924897 0.022279191585911205
1932 0.09129222987543446 0.7187007235168965 0.014955320303441733 0.011920845792955603
3888 0.0917864374517798 0.7342710931950656 0.030962957576345353 0.01770095222957302
1399 0.9790725739515317 0.736611931369578 0.041854852096936665 0.055965776735204996
3466 0.9893403297859964 0.7785098542660558 0.021319340428007295 0.017263909654926125
741 0.9500296300252156 0.7329188488181742 0.007270366061076316 0.012937042574646895
2845 0.948770147903063 0.7079734791400051 0.012978232122152633 0.025764824505632156
2870 0.925523837601561 0.7467410481977556 0.015306006667959693 0.03524908514929379
2869 0.9128962918439264 0.7443044630484617 0.015050915152690436 0.03212408514929379
2868 0.9025487232074747 0.7412505188646603 0.015306006667959693 0.03524908514929379
2866 0.8932374960862919 0.74137620500269 0.015050915152690792 0.03212408514929379
2865 0.8845799732074747 0.7399940214625504 0.015050915152690792 0.03212408514929379
2864 0.8759224503286575 0.7386118379224109 0.015050915152690436 0.03212408514929379
2863 0.8672649274498401 0.7372296543822714 0.015050915152690436 0.03212408514929379
2862 0.8578261545710228 0.735792840520301 0.015050915152690792 0.03212408514929379
2861 0.8499498816922056 0.7344652873019923 0.015050915152690792 0.03212408514929379
2860 0.8412923588133883 0.7330831037618527 0.015050915152690436 0.03212408514929379
766 0.9247267410853223 0.7179440588414172 0.009215503333980024 0.017733803218308707
765 0.9129442182065048 0.7163433540139543 0.009215503333980024 0.017733803218308707
764 0.9019429453276876 0.7147972795083222 0.007270366061076316 0.012937042574646895
762 0.8933491953276876 0.7141963459681826 0.008832866061076316 0.013046303218308708
761 0.8839104224488704 0.7127595321062122 0.008832866061076316 0.013046303218308708
760 0.875252899570053 0.7113773485660726 0.008832866061076316 0.013046303218308708
759 0.8665953766912358 0.7099951650259331 0.008832866061076316 0.013046303218308708
758 0.8587191038124186 0.7086676118076245 0.008832866061076316 0.013046303218308708
757 0.8492803309336011 0.7072307979456539 0.008832866061076316 0.013046303218308708
756 0.8398415580547839 0.7057939840836835 0.008832866061076316 0.013046303218308708
3198 0.6813115809336012 0.6954852787520174 0.024585411818710767 0.015701409654926123
3200 0.680641901237043 0.7063135181083557 0.024457866061076316 0.014138909654926124
3201 0.682379744419302 0.7180868984301866 0.021332866061076317 0.0139203883676025
3194 0.6817100647227438 0.7289151377865248 0.024457866061076316 0.014138909654926124
3195 0.6818216350261854 0.7397980074646939 0.024457866061076316 0.014138909654926124
3196 0.6819332053296272 0.750680877142863 0.024457866061076316 0.014138909654926124
3193 0.6892513688153279 0.7737195393956793 0.014795823637421535 0.02899908514929379
3192 0.6302749815424245 0.7649347652583642 0.013105777879787084 0.027327324505632154
3197 0.6598667577552215 0.7848702068442753 0.024585411818710767 0.015701409654926123
1068 0.6781225501788761 0.7706109648900471 0.013105777879787084 0.027327324505632154
1067 0.6427749815424244 0.7658088504076581 0.013105777879787084 0.027327324505631977
1073 0.6598032427523121 0.7079634994189223 0.010012728788172609 0.00846806386197052
1075 0.6598510401769365 0.7180651190970915 0.010012728788172609 0.00846806386197052
1076 0.659898837601561 0.7281667387752606 0.010012728788172609 0.00846806386197052
1069 0.6601379536626373 0.7406121084534297 0.014955320303441866 0.011920845792955603
1070 0.660249523966079 0.7514949781315988 0.01482777454580706 0.010358345792955604
1071 0.6611423442695208 0.762432478131599 0.013392820303441688 0.01181158514929379
1072 0.6604726645729626 0.7732607174879371 0.014955320303441866 0.011920845792955603
1083 0.5897619386597277 0.6587886720632985 0.015720594849248926 0.021295845792955605
1102 0.5803071903267177 0.6666722278794973 0.018845594849248925 0.02151436708027905
1081 0.572478714872525 0.6754462943393578 0.025605777879787083 0.028201409654925947
1101 0.5617803309336012 0.6871268395118948 0.03418355242559432 0.038122712873234835
842 0.5574275418439265 0.719447666615417 0.014955320303441688 0.011920845792955603
2000 0.5627367951779064 0.7369083182245713 0.009343049091614476 0.01929630321830871
2001 0.5541430451779064 0.7363073846844317 0.009343049091614476 0.01929630321830871
2945 0.5327623816922056 0.7122853766386601 0.030962957576345394 0.01770095222957302
3960 0.5395543866931755 0.7383944085696452 0.01556109818322895 0.03837408514929379
3961 0.5277718638143581 0.7367937037421821 0.015561098183228771 0.03837408514929379
3208 0.605546306387794 0.6808657678562542 0.022480777879787084 0.027982888367602498
3227 0.5984990809336013 0.6896944646379455 0.022480777879787084 0.027982888367602498
3206 0.5906706054794084 0.698468531097806 0.022480777879787084 0.027982888367602498
3825 0.5938752248744646 0.7282106614196369 0.030803460910325244 0.03477919158591121
3834 0.6016717494202719 0.7380773343161147 0.030803460910325244 0.03477919158591121
1672 0.5782184029040329 0.7076960656266813 0.017028003333979847 0.018280106436617417
1674 0.5843886545710228 0.7166722278794972 0.017155549091614476 0.019842606436617415
4450 0.4560402560882316 0.7620725731682498 0.06772937606301603 0.06843292574646931
3761 0.44341258139264317 0.7976987167316325 0.016772911818710767 0.015155106436617239
3905 0.41944892290791225 0.7991301767548756 0.01556109818322895 0.03837408514929397
3902 0.4186839062380129 0.7136297193295226 0.015178460910325242 0.03368658514929379
1686 0.418763525633069 0.7431533283640299 0.009343049091614476 0.01929630321830871
1949 0.41924175775522154 0.7680440677203682 0.012723140606883555 0.022639824505632157
1938 0.3732280139641394 0.6801563016288249 0.010905549091614475 0.01940556386197052
1936 0.3524531283582257 0.6825875329393913 0.014955320303441688 0.011920845792955603
3892 0.35281979017693654 0.6965954026175606 0.030962957576345394 0.01770095222957302
3918 0.3580172153315669 0.7792986419738988 0.030962957576345394 0.01770095222957302
1960 0.3577939457867295 0.7955956313302371 0.014955320303441688 0.011920845792955603
809 0.3579055160901713 0.8064785010084062 0.016517820303441778 0.012030106436617416
2913 0.35618351942415116 0.8234474797210826 0.027710411818710857 0.01591993094224975
1580 0.9566779848764042 0.804848479140005 0.01651782030344151 0.012030106436617416
2867 0.9562475501788763 0.7900593594618359 0.023022911818710766 0.015592149011264312
2856 0.9127686171483381 0.7808046917611382 0.021460411818710768 0.015482888367602499
3232 0.8679822756330691 0.7745657634167787 0.01833541181871077 0.015264367080279052
2927 0.7985625959365108 0.7805865344520007 0.030962957576345394 0.01770095222957302
823 0.7985306450281252 0.799227273808339 0.028220594849248926 0.022169930942249394
1792 0.9113334050300648 0.8583833885428295 0.14116687606301567 0.07356817599857095
1792 0.7297805160901714 0.8324825341998991 0.18673446757828494 0.07986173466476103
2900 0.7496946612389828 0.7624103348203178 0.024585411818710767 0.015701409654926123
3839 0.7651441891187698 0.7899015502914425 0.015306006667959693 0.03524908514929379
3838 0.7320765976035007 0.7844820767745461 0.015306006667959693 0.03524908514929379
1883 0.7537443035128562 0.7929883454639794 0.009343049091614476 0.01929630321830871
1882 0.7443055306340389 0.7915515316020091 0.009343049091614476 0.01929630321830871
796 0.7485625959365108 0.7770901938548251 0.010012728788172609 0.00846806386197052
1578 0.911827870482318 0.7978283007956456 0.016517820303441864 0.012030106436617416
1628 0.8662602789670488 0.7915347421294553 0.016517820303441864 0.012030106436617416
1855 0.9612059882103843 0.8222545004273286 0.00934304909161412 0.01929630321830871
1854 0.9517672153315668 0.820817686565358 0.009343049091614476 0.01929630321830871
3815 0.9841970780586632 0.8184246600822546 0.015433552425594143 0.03681158514929379
3814 0.9739770551798461 0.8169332158984532 0.015433552425594143 0.03681158514929379
3813 0.9292544865433943 0.8114755375540937 0.015050915152690792 0.03212408514929379
3812 0.8954056450281251 0.8060014337153666 0.015306006667959693 0.03524908514929379
3809 0.881279372149308 0.804236837922411 0.015306006667960049 0.03524908514929379
3808 0.8489930306340387 0.7988719947273453 0.015306006667960049 0.035249085149293966
1853 0.916419646695115 0.816015572082969 0.00934304909161412 0.01929630321830871
1852 0.9077621238162978 0.8146333885428294 0.009343049091614476 0.01929630321830871
1849 0.8700708051798461 0.8096673830949479 0.00934304909161412 0.01929630321830871
1848 0.8614132823010288 0.8082851995548083 0.009343049091614476 0.01929630321830871
2301 0.7425031409452393 0.9992067683988946 0.03408795757634522 0.0015864632022108082
2688 0.7055292994299702 0.9964697164795309 0.027837957576345395 0.007060567040938182
3771 0.996148310241159 0.8123057000590114 0.0077033795176820515 0.01770095222957302
3793 0.9958772432716971 0.8246964394153498 0.008245513456605735 0.017700952229572665
3805 0.997200562741644 0.8476422665188718 0.005598874516712015 0.03681158514929379
3210 0.998667338954441 0.8735874074843645 0.0026653220911178723 0.01682686708027923
3770 0.995853215621431 0.8907202771625335 0.008293568757137848 0.01770095222957302
3792 0.9960046600913778 0.9039468968407027 0.007990679817244484 0.01770095222957302
3970 0.9973279795613245 0.9268927239442248 0.005344040877351119 0.03681158514929379
3221 0.9991853807741217 0.9528924952315485 0.0016292384517566205 0.016826867080278873
1810 0.9827458904861974 0.9053237265421149 0.014955320303441511 0.011920845792955603
1832 0.9837662565472737 0.917823726542115 0.014955320303441511 0.011920845792955603
1846 0.9874492370024361 0.9343938675076074 0.010905549091614475 0.019405563861970166
2010 0.9787917141236189 0.933011683967468 0.009343049091614476 0.01929630321830871
1096 0.982538467457599 0.9503630749329606 0.014955320303441511 0.011920845792955959
1811 0.9575545718497456 0.9012318062435272 0.014955320303441511 0.011920845792955603
1833 0.9577936879108219 0.9136771759216963 0.01651782030344151 0.012030106436617416
2009 0.9622579183659845 0.9303019472090199 0.01090554909161412 0.019405563861970166
1845 0.9528191454871671 0.9288651333470493 0.010905549091614475 0.019405563861970166
1085 0.9573471488211471 0.946271154634373 0.01651782030344151 0.012030106436617416
1812 0.9315820032132937 0.8970852556231087 0.014955320303441866 0.011920845792955959
1834 0.93182111927437 0.9095306253012778 0.01651782030344151 0.012030106436617416
2008 0.9364128954871671 0.9277178965886013 0.010905549091614475 0.01940556386197052
1844 0.9277553726083498 0.9263357130484617 0.010905549091614475 0.019405563861970166
1074 0.9314383530635124 0.9429058540139543 0.016517820303441864 0.012030106436617416
1063 0.9046845344270608 0.9387046730717048 0.01651782030344151 0.012030106436617416
1843 0.9096590768507152 0.9235167156463518 0.01090554909161412 0.019405563861970166
2007 0.901001553971898 0.922134532106212 0.010905549091614475 0.019405563861970166
1835 0.9059123235167356 0.9061653246808591 0.01651782030344151 0.012030106436617416
1813 0.9048919574556592 0.8936653246808591 0.014955320303441511 0.011920845792955603
1814 0.8781381388192073 0.8894641437386095 0.014955320303441511 0.011920845792955603
1836 0.8784410277591009 0.9026907634167788 0.016517820303441864 0.012030106436617416
1842 0.8829052582142636 0.9193155347041021 0.010905549091614475 0.019405563861970166
2006 0.8735302582142636 0.9186599708421319 0.010905549091614475 0.019405563861970166
1036 0.8780582615482434 0.9360659921294552 0.016517820303441864 0.012030106436617416
1815 0.85541811594039 0.8870986144055145 0.01651782030344151 0.012030106436617416
1837 0.8556572320014663 0.8995439840836836 0.01651782030344151 0.012030106436617416
1841 0.8506189166989945 0.9139506915090365 0.010905549091614475 0.019405563861970166
2004 0.859340212456629 0.9161141250491763 0.01090554909161412 0.019405563861970166
951 0.8552106929117915 0.9321379627963602 0.01651782030344151 0.012030106436617416
3772 0.935647492003406 0.9564056253012778 0.030962957576345217 0.01770095222957302
3773 0.9034886962457715 0.9526032821062123 0.030962957576345217 0.01770095222957302
3774 0.861954900488137 0.9481453750491762 0.030962957576345217 0.01770095222957302
3794 0.9343241080644823 0.968741734335785 0.030962957576345217 0.017700952229572665
3795 0.9029465623068479 0.9649940214625504 0.030962957576345217 0.01770095222957302
3796 0.8614127665492133 0.9605361144055145 0.030962957576345217 0.01770095222957302
3968 0.9722225918536249 0.9915222674781019 0.02219373545613266 0.016955465043796282
3804 0.960567614732442 0.9927296703862012 0.01868609818322895 0.01454065922759753
3802 0.8676786130654521 0.9864361117200108 0.015178460910325242 0.0271277765599784
3966 0.8548597486713657 0.9828740691453639 0.01556109818322895 0.03425186170927219
3775 0.8289991371522174 0.8774833137850958 0.030962957576345217 0.01770095222957302
3797 0.8300195032132937 0.8899833137850959 0.030962957576345217 0.01770095222957302
3964 0.8383740082142636 0.9162016063597427 0.01556109818322895 0.03837408514929379
3801 0.8241201895778119 0.9128745105667871 0.016996052425594144 0.036920845792955605
3057 0.8309759674575987 0.9397647924977722 0.01833541181871077 0.015264367080278873
2111 0.931677340186635 0.9918829003978228 0.00934304909161412 0.016234199204354382
2036 0.9222385673078175 0.9911644934668375 0.009343049091614476 0.017671013066324903
2100 0.9009534986713656 0.9881583698533962 0.01090554909161412 0.019405563861970166
2045 0.8876722486713657 0.9872296543822714 0.01090554909161412 0.01940556386197052
2117 0.820819588519645 0.9771173270266477 0.009343049091614476 0.01929630321830871
2061 0.807538338519645 0.9761886115555228 0.009343049091614476 0.01929630321830871
2090 0.7407494512467413 0.9668575341998992 0.009343049091614476 0.01929630321830871
2081 0.727404428367924 0.9651475687287743 0.009343049091614476 0.01929630321830871
2041 0.6596589479127614 0.9440977413731506 0.009343049091614476 0.01929630321830871
4083 0.7965370656408277 0.9746425370498908 0.014795823637421535 0.02899908514929379
4027 0.7862532698831931 0.9723698428660894 0.014795823637421535 0.02899908514929379
4056 0.7409886962457716 0.9412401751653917 0.012978232122152633 0.025764824505632333
4047 0.7266711047305023 0.9371318293724361 0.01648586939505616 0.030670845792955603
4006 0.6713776979127614 0.9449171962006137 0.014795823637421535 0.02899908514929379
4018 0.5998375377610407 0.9344770869140046 0.014795823637421535 0.02899908514929379
4032 0.5282973776093197 0.9240369776273958 0.014795823637421535 0.02899908514929379
4038 0.4568209903364161 0.9143781183407867 0.014795823637421712 0.02899908514929379
2052 0.5889638106398578 0.9344935124083726 0.009343049091614476 0.01929630321830871
2066 0.5174236504881369 0.9240534031217637 0.009343049091614476 0.01929630321830871
2072 0.44588349033641606 0.9136132938351548 0.009343049091614476 0.01929630321830871
1792 0.6345314021551269 0.940787071074563 0.034183294549686494 0.11424817029858758
1792 0.5622737648822232 0.9310735814661232 0.034183294549686494 0.11424817029858758
1792 0.49007990048813693 0.9221413418576834 0.034183294549686494 0.11424817029858758
1390 0.797972277759101 0.8970638402681995 0.03431109818322895 0.03968521287323483
3459 0.7964256242753398 0.925696938659045 0.030962957576345217 0.01770095222957302
822 0.7765436879108217 0.901002941256935 0.007270366061076316 0.012937042574646895
2926 0.7651278268507153 0.9134101061076413 0.01699605242559432 0.036920845792955605
530 0.7716968201827555 0.8796906699696116 0.016517820303441864 0.012030106436617416
3367 0.755944274425121 0.8770355635329942 0.014795823637421535 0.02899908514929379
2928 0.7409570032132937 0.8837554570963769 0.015433552425594322 0.03681158514929379
3366 0.7107591912448017 0.9134922335794805 0.016485869395056342 0.030670845792955603
2929 0.6951341912448017 0.912399627142863 0.01712359818322895 0.038483345792955606
2931 0.6839415997295326 0.9085098026372309 0.01712359818322895 0.038483345792955606
2930 0.6714415997295327 0.9076357174879371 0.01712359818322895 0.038483345792955606
824 0.7253320032132937 0.8826628506597597 0.021683552425594322 0.03724862772394104
825 0.6946081616980246 0.8774072681083556 0.021683552425594322 0.03724862772394104
529 0.7095794574556591 0.8800077442231423 0.02012105242559432 0.03713936708027887
828 0.68276186594039 0.8750253132808927 0.009343049091614476 0.01929630321830871
827 0.6733868659403901 0.8743697494189224 0.009343049091614476 0.01929630321830871
3942 0.5892512398773742 0.8047895869140047 0.01556109818322895 0.03837408514929379
3945 0.5783775127561913 0.8048060124083726 0.015306006667959693 0.03524908514929379
2938 0.5673124669985569 0.8024786879027405 0.01699605242559432 0.036920845792955605
2936 0.5750291142734001 0.8589472091900638 0.030962957576345394 0.01770095222957302
3461 0.5218564457867295 0.8070679989147193 0.029272911818710768 0.016029191585911207
1982 0.5714258821512475 0.833837948546402 0.009343049091614476 0.01929630321830871
1985 0.5628321321512475 0.8332370150062627 0.009343049091614476 0.01929630321830871
835 0.5533933592724303 0.8318002011442921 0.010905549091614475 0.019405563861970166
835 0.5528352498793139 0.8535113101787996 0.010905549091614475 0.01940556386197052
4160 0.36015341336501455 0.8625646100429136 0.014795823637421624 0.02899908514929379
4111 0.3491521404861973 0.8610185355372814 0.014795823637421624 0.02899908514929379
4159 0.3745026979127614 0.9241576739048838 0.012978232122152544 0.025764824505632333
4137 0.36356519791276143 0.9233928493992518 0.014795823637421624 0.02899908514929379
4153 0.3638361359442694 0.9552602084337594 0.014795823637421624 0.02899908514929379
4158 0.3741837045807212 0.9583141526175606 0.014795823637421624 0.02899908514929379
2955 0.3780742370024362 0.891782216479531 0.012468049091614386 0.019514824505632335
3753 0.3016234362438318 0.8592485859055985 0.015210411818710768 0.015045845792955603
3755 0.3324109216999643 0.9033481471696788 0.018335411818710855 0.015264367080278873
3756 0.3327456326102895 0.9359967562041863 0.018335411818710855 0.015264367080278873
4181 0.3302267973039383 0.8480432881351716 0.023022911818710766 0.015592149011264312
4182 0.2679340913945828 0.836696242710533 0.024585411818710767 0.015701409654926123
4183 0.20192645412167926 0.8274197956767401 0.024585411818710858 0.015701409654926123
4184 0.13963374821232383 0.8160727502521017 0.024585411818710812 0.015701409654926123
3757 0.18373443457684185 0.8424602876309685 0.016772911818710812 0.015155106436617416
3758 0.20658187427533975 0.8844510456767403 0.01833541181871077 0.015264367080278873
3759 0.20919656230684777 0.9164822956767402 0.01833541181871077 0.015264367080278873
2844 0.24173825321329367 0.8488466814464527 0.012212957576345395 0.016389824505632332
4103 0.263501553971898 0.8775561894922242 0.014795823637421624 0.02899908514929379
4156 0.2539990082142635 0.8753381256302539 0.014795823637421712 0.02899908514929379
4155 0.25589621912458876 0.908095995308423 0.014795823637421712 0.02899908514929379
4128 0.2646175148822233 0.9102594288485626 0.012978232122152633 0.025764824505632333
4152 0.265605930034914 0.9414001682049008 0.014795823637421712 0.02899908514929379
4154 0.2561671571560967 0.9399633543429303 0.014795823637421712 0.02899908514929379
4177 0.2459471342772795 0.938471910159129 0.014795823637421712 0.02899908514929379
4173 0.23494586139846216 0.9369258356534971 0.014795823637421712 0.02899908514929379
4169 0.2346111504881369 0.9042772266189896 0.014795823637421712 0.02899908514929379
4178 0.24476740048813692 0.9049874208027908 0.014795823637421712 0.02899908514929379
4164 0.218444274425121 0.8394499021133575 0.014795823637421712 0.02899908514929379
4180 0.2294455473039383 0.8409959766189896 0.014795823637421712 0.02899908514929379
1792 0.15422266457296252 0.737860268941535 0.08708515394280303 0.09619729282674853
2934 0.23636535593845037 0.7925420511246217 0.015306006667959782 0.03524908514929379
3940 0.2253003101808159 0.7902147266189896 0.0172511439408634 0.0400458457929556
3938 0.21423526442318136 0.7878874021133575 0.015433552425594322 0.03681158514929379
3963 0.2040313459365107 0.7390128595387104 0.01712359818322886 0.038483345792955606
3935 0.12321165169608492 0.7861831544591459 0.01712359818322886 0.038483345792955606
3936 0.0866043430615728 0.8325611277239406 0.03265300333397989 0.019372712873234832
3762 0.08411732972565325 0.7640296490112644 0.018462957576345352 0.01682686708027905
4163 0.16909797866748646 0.8344456918380129 0.01648586939505616 0.030670845792955603
4176 0.15731545578866918 0.8328449870105498 0.01648586939505616 0.030670845792955603
852 0.36551046412361893 0.890126881330237 0.010905549091614387 0.019405563861970166
740 0.239808962456629 0.8727922798372983 0.010905549091614475 0.019405563861970166
1590 0.20399926609017127 0.7957163276077253 0.009343049091614476 0.01929630321830871
2213 0.32903095912264907 0.8619418971696788 0.016517820303441687 0.012030106436617416
2214 0.2668657989709282 0.8521573517450403 0.016517820303441778 0.012030106436617416
2215 0.20326568457684185 0.84382604567674 0.016517820303441778 0.012030106436617416
2216 0.140319274425121 0.8339868699302706 0.016517820303441733 0.012030106436617416
1976 0.08226765836404472 0.8174988564366175 0.016517820303441753 0.012030106436617416
2192 0.3475417141236189 0.8888703839281271 0.009343049091614385 0.01929630321830871
2145 0.3388841912448016 0.8874882003879876 0.009343049091614385 0.01929630321830871
2170 0.3384376521551269 0.9200821791006641 0.009343049091614385 0.01929630321830871
2191 0.34787642503394417 0.9215189929626344 0.009343049091614385 0.01929630321830871
2190 0.34827490882308665 0.9549488519971419 0.009343049091614385 0.01929630321830871
2185 0.3388361359442694 0.9535120381351714 0.009343049091614385 0.01929630321830871
4440 0.31134912260834985 0.8832323891239071 0.028858323637421624 0.029982430942249748
4443 0.31168383351867507 0.9158809981584145 0.028858323637421624 0.029982430942249748
4444 0.3105198173078176 0.9492015965492602 0.028858323637421624 0.029982430942249748
4445 0.18558384806254263 0.8651165376309684 0.028858323637421624 0.029982430942249748
4447 0.18591855897286788 0.8977651466654759 0.028858323637421624 0.029982430942249748
4448 0.1855357927620104 0.9311403753781523 0.028858323637421624 0.029982430942249394
4174 0.11860338427727946 0.9295671677006977 0.021428460910325242 0.03412362772394069
4172 0.13188463427727945 0.9304958831718224 0.019738415152690703 0.032451867080278876
4167 0.14282226321523334 0.893197978964778 0.013488415152690702 0.03201482450563233
4175 0.13403719457878155 0.8902532954246386 0.0188136439408634 0.04015510643661742
2137 0.2845953039718981 0.8790312081816577 0.009343049091614476 0.01929630321830871
2188 0.27515653109308075 0.8775943943196873 0.009343049091614476 0.01929630321830871
2187 0.27555501488222334 0.9110242533541946 0.009343049091614476 0.01929630321830871
2161 0.28421253776104055 0.9124064368943342 0.009343049091614476 0.01929630321830871
2183 0.2853922715501831 0.9458909262506726 0.009343049091614476 0.01929630321830871
2186 0.27595349867136576 0.944454112388702 0.009343049091614476 0.01929630321830871
2212 0.22171266669899445 0.8699732824351883 0.009343049091614476 0.01929630321830871
2196 0.21233766669899445 0.8693177185732178 0.010905549091614475 0.019405563861970166
2210 0.22132990048813692 0.9033485111478647 0.010905549091614475 0.019405563861970166
2201 0.21345362760931968 0.902020957929556 0.010905549091614475 0.019405563861970166
2209 0.2225096342772795 0.9368330005042032 0.010905549091614475 0.01940556386197052
2205 0.21307086139846215 0.9353961866422328 0.010905549091614475 0.019405563861970166
2195 0.15804877942609083 0.8608607263668879 0.01090554909161443 0.019405563861970166
2208 0.14945502942609085 0.8602597928267486 0.01090554909161443 0.019405563861970166
2199 0.16313476321523335 0.8946183673323806 0.00934304909161443 0.01929630321830871
2207 0.15369599033641607 0.8931815534704102 0.00934304909161443 0.01929630321830871
2204 0.16275199700437587 0.9279935960450573 0.01090554909161443 0.019405563861970166
2206 0.15253197412555858 0.926502151861256 0.01090554909161443 0.019405563861970166
4451 0.08700308472662308 0.7898655293330952 0.0360011439408634 0.04135697351689629
1975 0.108622993211354 0.7882701783443594 0.01090554909161443 0.019405563861970343
1792 0.41834842169996433 0.9093574825710743 0.034183294549686494 0.11424817029858758
1393 0.5301471779088821 0.8325050414893662 0.030548369395056164 0.03165419158591121
2003 0.2033934882103842 0.769263088251387 0.010905549091614387 0.019405563861970343
1980 0.194560493211354 0.7942795137457548 0.00934304909161443 0.01929630321830871
1978 0.18512172033253674 0.7928426998837844 0.009343049091614385 0.01929630321830871
3246 0.7338485836393612 0.13054832962453763 0.06890923879011232 0.06385468639013112
1793 0.12844231713863974 0.4696183673323807 0.06304136031120038 0.22035605866619043
4435 0.44078307834852737 0.43242327799571284 0.029240960910325242 0.03466993094224939
339 0.17230337169026594 0.6358114498837845 0.018335411818710855 0.015264367080279052
146 0.45785784760350073 0.7653068338119116 0.02857128121376711 0.045498170298587756
625 0.28359168699273785 0.6288344662274294 0.019100686364518005 0.02463936708027923