1849 0.115625 0.096875 0.00703125 0.01953125
1847 0.12578125 0.096875 0.00703125 0.01875
2031 0.16875 0.10234375 0.00625 0.01796875
2033 0.18046875 0.10234375 0.0078125 0.01875
1994 0.1921875 0.10234375 0.0078125 0.01796875
2005 0.20234375 0.10234375 0.00703125 0.01796875
1954 0.2140625 0.103125 0.00703125 0.01875
1962 0.22578125 0.103125 0.00703125 0.01875
1910 0.23671875 0.103125 0.00703125 0.01875
1922 0.24765625 0.103125 0.00703125 0.01875
1884 0.0953125 0.1578125 0.00703125 0.01875
1885 0.10390625 0.1578125 0.00703125 0.01875
1886 0.1125 0.1578125 0.00703125 0.01875
1817 0.06328125 0.21328125 0.00703125 0.01875
1816 0.075 0.21328125 0.00625 0.01875
1820 0.08671875 0.2125 0.0078125 0.01875
1819 0.0984375 0.21328125 0.0078125 0.01796875
1822 0.109375 0.21328125 0.0078125 0.01796875
1821 0.1203125 0.21328125 0.00703125 0.01875
1824 0.13125 0.21328125 0.00703125 0.01875
1823 0.1421875 0.21328125 0.00703125 0.01875
1826 0.15390625 0.21328125 0.00703125 0.01875
1825 0.1640625 0.21328125 0.00703125 0.01875
1828 0.17578125 0.21328125 0.00703125 0.01875
1827 0.1875 0.21328125 0.00703125 0.01875
1831 0.19921875 0.2140625 0.00703125 0.01875
1830 0.21015625 0.21328125 0.00703125 0.01875
1839 0.22109375 0.21328125 0.00703125 0.01875
1838 0.2328125 0.2140625 0.00703125 0.01875
2218 0.25625 0.2140625 0.0078125 0.01796875
2220 0.278125 0.2140625 0.0078125 0.01875
2217 0.265625 0.21328125 0.0078125 0.01875
2219 0.2890625 0.2140625 0.0078125 0.01875
2223 0.30078125 0.2140625 0.0078125 0.01875
2221 0.3109375 0.2140625 0.0078125 0.01875
2225 0.3234375 0.21484375 0.0078125 0.01875
2224 0.334375 0.21484375 0.0078125 0.01875
2227 0.3453125 0.21484375 0.00703125 0.01875
2226 0.35625 0.21484375 0.00703125 0.01875
2229 0.36796875 0.21484375 0.00703125 0.01796875
2228 0.3796875 0.21484375 0.00703125 0.01875
2230 0.390625 0.21484375 0.00703125 0.01875
2232 0.41328125 0.215625 0.00703125 0.01875
2231 0.425 0.215625 0.00703125 0.01875
1865 0.3890625 0.18046875 0.00703125 0.01875
1818 0.3984375 0.18046875 0.00703125 0.01875
2200 0.4328125 0.18203125 0.00703125 0.01875
2024 0.44296875 0.18203125 0.00703125 0.01875
1876 0.38828125 0.10546875 0.00703125 0.01875
1829 0.39921875 0.1046875 0.00703125 0.01875
2211 0.43359375 0.10546875 0.00703125 0.01875
2080 0.44453125 0.10546875 0.00625 0.01796875
1856 0.47265625 0.04296875 0.00625 0.01953125
1858 0.471875 0.0765625 0.0078125 0.01875
1861 0.471875 0.109375 0.0078125 0.01875
1859 0.471875 0.14375 0.0078125 0.01875
1808 0.446875 0.2765625 0.0078125 0.01875
1809 0.4703125 0.27734375 0.0078125 0.01875
3810 0.11484375 0.0640625 0.009375 0.03515625
3807 0.125 0.065625 0.009375 0.03515625
3993 0.16875 0.0765625 0.01015625 0.02578125
3997 0.18046875 0.075 0.01015625 0.028125
3954 0.1921875 0.075 0.01015625 0.028125
3965 0.20234375 0.075 0.01015625 0.028125
3911 0.2140625 0.07578125 0.01015625 0.028125
3921 0.22578125 0.075 0.01015625 0.028125
3866 0.2359375 0.07578125 0.01015625 0.028125
3878 0.24765625 0.07578125 0.01015625 0.028125
3840 0.09375 0.12578125 0.009375 0.03515625
3841 0.10390625 0.1265625 0.009375 0.03515625
3842 0.1140625 0.1265625 0.009375 0.03515625
3777 0.06328125 0.18203125 0.009375 0.03515625
3776 0.075 0.18515625 0.009375 0.03359375
3780 0.0859375 0.18515625 0.009375 0.02890625
3779 0.0984375 0.184375 0.009375 0.03046875
3782 0.10859375 0.184375 0.009375 0.03046875
3781 0.11953125 0.18359375 0.009375 0.03203125
3784 0.1296875 0.18359375 0.009375 0.03203125
3783 0.1421875 0.18359375 0.009375 0.03203125
3786 0.15234375 0.18359375 0.009375 0.03203125
3785 0.1640625 0.18359375 0.009375 0.03203125
3788 0.17578125 0.18359375 0.009375 0.03203125
3787 0.18671875 0.18359375 0.01015625 0.0328125
3791 0.19921875 0.184375 0.01015625 0.03125
3790 0.209375 0.18515625 0.0109375 0.03359375
3799 0.2203125 0.1828125 0.009375 0.0359375
3798 0.2328125 0.18515625 0.009375 0.03359375
4186 0.25625 0.18671875 0.01015625 0.028125
4185 0.26640625 0.18671875 0.01015625 0.028125
4188 0.27734375 0.18671875 0.01015625 0.028125
4187 0.2890625 0.18671875 0.01015625 0.028125
4191 0.3 0.1875 0.009375 0.0265625
4189 0.3125 0.18671875 0.009375 0.02734375
4193 0.32265625 0.18671875 0.009375 0.02734375
4192 0.33359375 0.1890625 0.009375 0.02578125
4195 0.34453125 0.1875 0.01015625 0.02734375
4194 0.35703125 0.18671875 0.01015625 0.02734375
4197 0.36796875 0.18671875 0.01015625 0.02734375
4196 0.378125 0.18671875 0.009375 0.0265625
4198 0.4015625 0.21875 0.01015625 0.028125
4200 0.43671875 0.21640625 0.01015625 0.028125
4199 0.44765625 0.21640625 0.01015625 0.028125
3822 0.4078125 0.1828125 0.009375 0.02578125
3778 0.41953125 0.18203125 0.01015625 0.0234375
4168 0.453125 0.18203125 0.009375 0.01796875
3985 0.46328125 0.18203125 0.009375 0.01796875
3818 0.475 0.17421875 0.01015625 0.0359375
3517 0.4953125 0.2046875 0.01484375 0.01328125
3819 0.46171875 0.11015625 0.01015625 0.0359375
3833 0.38828125 0.07734375 0.009375 0.02578125
3789 0.3984375 0.07734375 0.009375 0.02578125
4179 0.43359375 0.08203125 0.01015625 0.01953125
4046 0.4453125 0.08203125 0.01015625 0.01953125
3816 0.45078125 0.034375 0.028125 0.0140625
3817 0.45078125 0.0484375 0.028125 0.0125
1248 0.49609375 0.109375 0.01875 0.16484375
1348 0.5234375 0.05390625 0.0203125 0.0296875
3269 0.5390625 0.05546875 0.0109375 0.0140625
3976 0.56875 0.184375 0.01015625 0.028125
3932 0.5796875 0.18359375 0.009375 0.028125
3889 0.6609375 0.18671875 0.01015625 0.02421875
3844 0.67109375 0.1859375 0.01015625 0.02734375
3986 0.59296875 0.07890625 0.009375 0.02890625
3943 0.603125 0.07890625 0.009375 0.02890625
3900 0.6359375 0.08046875 0.009375 0.02890625
3855 0.646875 0.08046875 0.009375 0.0265625
2888 0.6734375 0.0984375 0.01015625 0.0359375
3456 0.70546875 0.11484375 0.02734375 0.0140625
1386 0.70546875 0.07265625 0.03515625 0.05
2016 0.5921875 0.1828125 0.00703125 0.01796875
1972 0.6015625 0.1828125 0.00703125 0.01796875
1933 0.63671875 0.18359375 0.00703125 0.01796875
1888 0.646875 0.18359375 0.00703125 0.01796875
2025 0.59296875 0.1078125 0.00703125 0.01796875
1983 0.60234375 0.1078125 0.00703125 0.01796875
1944 0.6375 0.10859375 0.00703125 0.01875
1899 0.646875 0.10859375 0.00703125 0.01875
1792 0.59765625 0.14609375 0.13046875 0.05
1840 0.77421875 0.10625 0.00703125 0.01875
1851 0.7859375 0.10625 0.00703125 0.01875
2222 0.79765625 0.10703125 0.00703125 0.01875
1807 0.8078125 0.10703125 0.00703125 0.01875
2156 0.82109375 0.10703125 0.00703125 0.01875
2189 0.83125 0.10703125 0.00703125 0.01875
1806 0.84296875 0.10703125 0.00703125 0.01875
1921 0.85390625 0.10703125 0.00703125 0.01875
3800 0.77421875 0.07734375 0.01015625 0.02734375
3811 0.78515625 0.078125 0.01015625 0.02734375
4190 0.796875 0.08125 0.01015625 0.01953125
3767 0.8078125 0.078125 0.01015625 0.02734375
4122 0.8203125 0.08125 0.01015625 0.01953125
4157 0.83125 0.08203125 0.01015625 0.01953125
3766 0.84375 0.08359375 0.009375 0.01640625
3877 0.8546875 0.08203125 0.01015625 0.01953125
3835 0.878125 0.09609375 0.025 0.0125
3826 0.8796875 0.109375 0.028125 0.01328125
3880 0.88046875 0.16328125 0.0265625 0.0125
3881 0.88125 0.175 0.02890625 0.0125
3891 0.928125 0.14140625 0.02578125 0.0125
3890 0.92734375 0.15546875 0.028125 0.01328125
3883 0.80390625 0.18515625 0.028125 0.01328125
3882 0.80234375 0.209375 0.02890625 0.01328125
2887 0.88125 0.15234375 0.028125 0.0109375
3827 0.87265625 0.13203125 0.009375 0.03203125
3760 0.9625 0.153125 0.01484375 0.01328125
1878 0.9015625 0.1296875 0.01484375 0.00859375
1869 0.90078125 0.14140625 0.0140625 0.009375
1870 0.884375 0.13515625 0.00703125 0.0171875
1935 0.92734375 0.16953125 0.01484375 0.009375
1934 0.928125 0.18046875 0.01484375 0.009375
788 0.928125 0.1921875 0.02109375 0.01015625
2892 0.92734375 0.20859375 0.028125 0.01328125
783 0.8828125 0.18515625 0.01015625 0.00703125
1683 0.8828125 0.196875 0.01484375 0.009375
1684 0.8828125 0.20859375 0.015625 0.00859375
1415 0.85625 0.196875 0.0328125 0.034375
4449 0.95546875 0.18125 0.0296875 0.034375
1927 0.8296875 0.18515625 0.01484375 0.009375
1926 0.82890625 0.20703125 0.01484375 0.009375
3478 0.8484375 0.22109375 0.0203125 0.01328125
1792 0.80078125 0.1484375 0.13046875 0.05
1792 0.0640625 0.1578125 0.03828125 0.0203125
1792 0.19140625 0.14453125 0.1296875 0.04921875
1792 0.15390625 0.26015625 0.17578125 0.05234375
1792 0.36953125 0.26171875 0.221875 0.05078125
1792 0.39375 0.1453125 0.1296875 0.05
1792 0.06328125 0.36875 0.03984375 0.02265625
4415 0.2484375 0.3265625 0.15625 0.06015625
2978 0.35078125 0.33671875 0.009375 0.028125
875 0.3640625 0.3375 0.00859375 0.02734375
864 0.39921875 0.33828125 0.00859375 0.02734375
2967 0.409375 0.33671875 0.009375 0.02421875
3021 0.38203125 0.3171875 0.02109375 0.0125
3011 0.4015625 0.359375 0.021875 0.01171875
3000 0.4015625 0.37109375 0.0203125 0.0109375
2989 0.4015625 0.38203125 0.02265625 0.0109375
3047 0.40078125 0.39296875 0.021875 0.0109375
3036 0.40078125 0.4046875 0.02109375 0.01171875
918 0.38125 0.33125 0.0140625 0.009375
908 0.38125 0.34296875 0.0140625 0.009375
897 0.38125 0.3546875 0.0140625 0.009375
886 0.38125 0.36640625 0.0140625 0.01015625
940 0.38125 0.37734375 0.009375 0.00703125
929 0.38125 0.38828125 0.009375 0.00859375
3768 0.45859375 0.28203125 0.01015625 0.0359375
3769 0.48203125 0.284375 0.01015625 0.03203125
2502 0.53359375 0.2921875 0.05625 0.0125
3297 0.6328125 0.26796875 0.08359375 0.02109375
2521 0.73046875 0.29375 0.0328125 0.0109375
4405 0.6953125 0.33828125 0.01328125 0.01328125
2884 0.86640625 0.2390625 0.01015625 0.03515625
2877 0.8984375 0.23125 0.01015625 0.03515625
2883 0.86015625 0.3046875 0.01015625 0.03515625
3874 0.89765625 0.3046875 0.01015625 0.03515625
780 0.8578125 0.2375 0.00546875 0.0125
773 0.88984375 0.22734375 0.00546875 0.0125
1336 0.978125 0.26484375 0.03125 0.09609375
2885 0.803125 0.2609375 0.02734375 0.0125
2876 0.803125 0.2875 0.02734375 0.0125
2882 0.803125 0.31171875 0.02734375 0.0125
2875 0.88515625 0.2796875 0.02734375 0.0125
3875 0.81015625 0.334375 0.02734375 0.0125
3872 0.81015625 0.34765625 0.02734375 0.0125
3867 0.809375 0.36171875 0.02734375 0.0125
3871 0.809375 0.375 0.02734375 0.0125
3865 0.809375 0.38828125 0.02734375 0.0125
3868 0.91484375 0.34609375 0.025 0.0125
3884 0.9546875 0.32734375 0.0296875 0.01328125
3885 0.95390625 0.3609375 0.0296875 0.01328125
3869 0.915625 0.35859375 0.028125 0.01171875
3873 0.915625 0.37109375 0.028125 0.01171875
3870 0.915625 0.38515625 0.02734375 0.01328125
1919 0.8375 0.3421875 0.01484375 0.009375
1916 0.8375 0.353125 0.01484375 0.009375
1911 0.8375 0.3640625 0.01484375 0.009375
1915 0.8375 0.375 0.01484375 0.009375
1909 0.83671875 0.38671875 0.0140625 0.00859375
1912 0.890625 0.353125 0.01484375 0.009375
1913 0.890625 0.36484375 0.01484375 0.009375
1917 0.890625 0.37578125 0.01484375 0.009375
1914 0.890625 0.3875 0.01484375 0.009375
781 0.8265625 0.2609375 0.01015625 0.00625
772 0.8265625 0.2890625 0.01015625 0.00625
771 0.88515625 0.28984375 0.01015625 0.00625
778 0.82265625 0.31171875 0.00625 0.0125
779 0.871875 0.3125 0.00625 0.0125
1928 0.95390625 0.34296875 0.01484375 0.01015625
1929 0.953125 0.3765625 0.01484375 0.01015625
3474 0.86171875 0.33125 0.021875 0.0140625
1409 0.8640625 0.3640625 0.03125 0.0453125
1918 0.88515625 0.30859375 0.00703125 0.01953125
782 0.0765625 0.39140625 0.01015625 0.0078125
767 0.1203125 0.425 0.0078125 0.02734375
755 0.1328125 0.42421875 0.0046875 0.0109375
754 0.14140625 0.42421875 0.0046875 0.0109375
753 0.15 0.425 0.0046875 0.0109375
751 0.159375 0.425 0.0046875 0.0109375
750 0.16796875 0.425 0.0046875 0.0109375
749 0.17734375 0.42578125 0.0046875 0.01171875
748 0.1859375 0.425 0.0046875 0.0125
747 0.1953125 0.425 0.0046875 0.01171875
2886 0.09765625 0.3921875 0.0265625 0.01328125
2871 0.1203125 0.39140625 0.01015625 0.034375
2859 0.13125 0.39375 0.01015625 0.034375
2858 0.14140625 0.3953125 0.009375 0.03203125
2857 0.15 0.39375 0.009375 0.03359375
2855 0.159375 0.39296875 0.009375 0.034375
2854 0.16796875 0.39375 0.009375 0.034375
2853 0.1765625 0.39296875 0.009375 0.034375
2852 0.1859375 0.39375 0.009375 0.034375
2851 0.19453125 0.39375 0.009375 0.034375
2848 0.17109375 0.478125 0.028125 0.01328125
3949 0.05234375 0.43203125 0.02890625 0.0125
3947 0.08515625 0.43203125 0.02890625 0.0125
3864 0.121875 0.446875 0.02890625 0.0125
1989 0.0578125 0.44609375 0.0140625 0.01015625
1987 0.07890625 0.44609375 0.0140625 0.009375
1908 0.146875 0.4453125 0.01328125 0.009375
963 0.24765625 0.45390625 0.00859375 0.02734375
992 0.259375 0.45234375 0.0078125 0.01640625
981 0.2703125 0.453125 0.00703125 0.01796875
1028 0.2796875 0.453125 0.00625 0.01328125
1021 0.28828125 0.453125 0.00625 0.01328125
1014 0.296875 0.453125 0.00625 0.01328125
3069 0.246875 0.48125 0.009375 0.025
3100 0.2578125 0.4796875 0.009375 0.02734375
3089 0.26796875 0.48046875 0.009375 0.02734375
3145 0.27890625 0.48046875 0.009375 0.02734375
3135 0.28984375 0.4796875 0.01015625 0.02578125
3127 0.3 0.48046875 0.009375 0.02734375
1871 0.246875 0.41875 0.01328125 0.01640625
1874 0.25234375 0.4109375 0.01328125 0.01640625
1082 0.2953125 0.41953125 0.0140625 0.01796875
1090 0.30234375 0.4296875 0.0140625 0.01796875
1080 0.2859375 0.4078125 0.02265625 0.0265625
1079 0.271875 0.38984375 0.04375 0.05390625
3828 0.228125 0.39765625 0.0234375 0.03046875
3831 0.23671875 0.38828125 0.0234375 0.03203125
3204 0.2578125 0.37109375 0.01953125 0.02578125
3205 0.303125 0.38515625 0.01875 0.025
3207 0.309375 0.3984375 0.0171875 0.02578125
3215 0.31953125 0.409375 0.0203125 0.02421875
3216 0.42890625 0.42734375 0.02109375 0.02421875
3217 0.4375 0.41640625 0.02109375 0.02421875
3218 0.4453125 0.40625 0.0203125 0.02265625
3214 0.45234375 0.39375 0.01953125 0.025
3213 0.46015625 0.3859375 0.01953125 0.025
3212 0.49765625 0.3828125 0.01796875 0.02421875
3946 0.465625 0.35859375 0.0265625 0.03125
3823 0.51875 0.3890625 0.02421875 0.03046875
3824 0.5265625 0.39921875 0.0234375 0.028125
1986 0.4734375 0.37421875 0.0140625 0.01640625
1866 0.503125 0.4125 0.0140625 0.01640625
1671 0.509375 0.41953125 0.0140625 0.01640625
1087 0.4890625 0.39453125 0.028125 0.0328125
1088 0.47890625 0.4078125 0.0203125 0.025
1089 0.46953125 0.41875 0.0203125 0.02734375
1093 0.46171875 0.42890625 0.0125 0.01640625
1092 0.45390625 0.4375 0.0140625 0.01796875
1091 0.44609375 0.44609375 0.0140625 0.01796875
1781 0.69375 0.37890625 0.08046875 0.0640625
3239 0.65859375 0.4203125 0.02265625 0.01328125
3240 0.7203125 0.41796875 0.021875 0.0125
3857 0.72265625 0.43125 0.025 0.01328125
3952 0.71171875 0.45078125 0.02890625 0.01328125
1629 0.68203125 0.41953125 0.01484375 0.009375
1630 0.69921875 0.41953125 0.01484375 0.009375
1901 0.7 0.43125 0.01484375 0.01015625
1710 0.690625 0.4515625 0.00703125 0.01875
3856 0.79140625 0.40625 0.02890625 0.0109375
1900 0.7921875 0.41953125 0.01484375 0.009375
2940 0.8125 0.43828125 0.028125 0.01328125
837 0.80546875 0.453125 0.01015625 0.00703125
1792 0.06328125 0.49921875 0.0375 0.0765625
3950 0.04453125 0.54921875 0.02890625 0.01328125
1990 0.0703125 0.55078125 0.0140625 0.01015625
3948 0.0890625 0.51328125 0.01015625 0.0375
1988 0.0875 0.5453125 0.00703125 0.01875
1904 0.10546875 0.52421875 0.0078125 0.01953125
1905 0.1140625 0.52421875 0.0078125 0.01953125
745 0.1234375 0.52421875 0.0078125 0.01953125
746 0.13203125 0.52421875 0.0046875 0.01328125
3860 0.103125 0.553125 0.01015625 0.03515625
3861 0.11328125 0.553125 0.01015625 0.03515625
2849 0.12421875 0.553125 0.01015625 0.03515625
2850 0.134375 0.553125 0.01015625 0.03515625
3862 0.175 0.54453125 0.01015625 0.03515625
1906 0.1796875 0.51328125 0.00703125 0.01796875
3863 0.20859375 0.5109375 0.028125 0.0125
1907 0.20546875 0.4984375 0.0140625 0.00859375
3079 0.24609375 0.63203125 0.01015625 0.028125
3120 0.25703125 0.63125 0.01015625 0.028125
3111 0.26875 0.63046875 0.01015625 0.028125
3168 0.2796875 0.63125 0.01015625 0.028125
3157 0.290625 0.63359375 0.01015625 0.025
3154 0.30078125 0.63125 0.01015625 0.028125
972 0.246875 0.60234375 0.00859375 0.02734375
1009 0.25859375 0.603125 0.00703125 0.01875
1001 0.26875 0.60390625 0.00703125 0.01875
1043 0.278125 0.603125 0.00625 0.01328125
1040 0.28671875 0.60390625 0.00625 0.01328125
1037 0.29609375 0.60390625 0.00546875 0.0125
3211 0.36171875 0.48125 0.02109375 0.02421875
3027 0.3921875 0.4609375 0.02109375 0.02421875
3220 0.34296875 0.5078125 0.01953125 0.025
3222 0.34296875 0.54296875 0.01953125 0.02421875
3224 0.36328125 0.571875 0.01953125 0.025
3225 0.37890625 0.57734375 0.01953125 0.02421875
3209 0.39140625 0.48828125 0.01953125 0.025
3219 0.40703125 0.503125 0.01953125 0.025
3228 0.42109375 0.52734375 0.01953125 0.025
3223 0.415625 0.5453125 0.01875 0.021875
3203 0.40703125 0.57265625 0.01875 0.025
3202 0.4 0.56484375 0.0203125 0.0234375
2889 0.36875 0.525 0.01015625 0.02578125
923 0.378125 0.48046875 0.009375 0.01171875
1086 0.36875 0.49296875 0.009375 0.01171875
1095 0.3546875 0.51171875 0.009375 0.0125
1099 0.378125 0.55625 0.009375 0.01171875
1100 0.3890625 0.55625 0.009375 0.01171875
1084 0.37890625 0.50546875 0.00859375 0.01171875
785 0.38046875 0.52109375 0.00546875 0.0140625
1094 0.403125 0.51796875 0.01015625 0.0125
1103 0.40234375 0.53046875 0.009375 0.0125
1098 0.40703125 0.54140625 0.009375 0.0125
1077 0.3875 0.5359375 0.009375 0.01328125
1078 0.3921875 0.5421875 0.01015625 0.0109375
744 0.1765625 0.4890625 0.009375 0.00625
2942 0.47421875 0.46015625 0.009375 0.034375
3956 0.4921875 0.4546875 0.0265625 0.01328125
3957 0.49375 0.46953125 0.02890625 0.01328125
3184 0.5015625 0.4890625 0.009375 0.0265625
3186 0.51171875 0.4890625 0.009375 0.0265625
2922 0.52109375 0.4890625 0.009375 0.0265625
3183 0.5375 0.48125 0.021875 0.0125
2933 0.5375 0.49453125 0.021875 0.0125
3178 0.56640625 0.4921875 0.021875 0.0125
2911 0.56328125 0.56171875 0.0203125 0.0125
3182 0.5359375 0.5609375 0.0203125 0.0125
2956 0.45859375 0.51328125 0.009375 0.028125
3189 0.46953125 0.5125 0.009375 0.02578125
3190 0.4578125 0.53984375 0.009375 0.02265625
3191 0.46953125 0.53984375 0.009375 0.0265625
2943 0.434375 0.5625 0.00859375 0.034375
3959 0.45390625 0.55703125 0.028125 0.0125
3958 0.45234375 0.56953125 0.028125 0.0125
2941 0.4625 0.59375 0.009375 0.0359375
3185 0.50078125 0.56484375 0.01015625 0.02734375
3187 0.5109375 0.565625 0.01015625 0.02734375
2944 0.5203125 0.565625 0.01015625 0.02578125
3955 0.5109375 0.58671875 0.028125 0.0125
3953 0.5109375 0.59921875 0.028125 0.0125
839 0.47421875 0.48984375 0.00703125 0.0171875
1059 0.50078125 0.5171875 0.0078125 0.01796875
1061 0.509375 0.5171875 0.0078125 0.01796875
818 0.51875 0.5171875 0.0078125 0.01796875
841 0.51875 0.5390625 0.0078125 0.01796875
1062 0.509375 0.5390625 0.0078125 0.01796875
1060 0.50078125 0.5390625 0.0078125 0.01796875
840 0.47421875 0.5625 0.0078125 0.01796875
838 0.4734375 0.59375 0.0078125 0.01796875
1996 0.48828125 0.484375 0.0140625 0.009375
1997 0.4875 0.49609375 0.0140625 0.009375
1999 0.4875 0.55703125 0.0140625 0.009375
1998 0.4875 0.56796875 0.0140625 0.009375
1995 0.4875 0.58828125 0.01484375 0.009375
1993 0.4875 0.59921875 0.01484375 0.009375
1058 0.53671875 0.5125 0.02109375 0.0109375
830 0.53671875 0.528125 0.02109375 0.0109375
1057 0.5359375 0.5453125 0.02109375 0.0109375
1053 0.56796875 0.51796875 0.03515625 0.03203125
807 0.56328125 0.5453125 0.02421875 0.01796875
853 0.4828125 0.5171875 0.0046875 0.0125
1064 0.49140625 0.5171875 0.0046875 0.0125
1065 0.4828125 0.5390625 0.0046875 0.0125
1066 0.490625 0.5390625 0.0046875 0.0125
2925 0.578125 0.60234375 0.01015625 0.034375
2924 0.59921875 0.60390625 0.01015625 0.03046875
3365 0.5890625 0.60546875 0.01015625 0.0265625
821 0.5796875 0.63359375 0.00703125 0.0171875
820 0.59765625 0.634375 0.00703125 0.0171875
528 0.5890625 0.63359375 0.0078125 0.02109375
3903 0.64609375 0.60390625 0.009375 0.0359375
3907 0.65625 0.6046875 0.009375 0.0359375
3901 0.665625 0.60390625 0.009375 0.03515625
3898 0.675 0.60546875 0.009375 0.03359375
3917 0.68515625 0.60546875 0.00859375 0.03515625
3915 0.69453125 0.60546875 0.00859375 0.03515625
3910 0.703125 0.60546875 0.00859375 0.03515625
3908 0.7140625 0.60546875 0.009375 0.03515625
3894 0.6546875 0.6703125 0.009375 0.03515625
1687 0.646875 0.63671875 0.00703125 0.01875
1950 0.65546875 0.63671875 0.00703125 0.01796875
1945 0.66484375 0.63671875 0.00703125 0.01796875
1942 0.6734375 0.63671875 0.00703125 0.01796875
1959 0.6875 0.6375 0.00703125 0.01796875
1957 0.69609375 0.6375 0.00703125 0.01796875
1953 0.7046875 0.6375 0.00703125 0.01796875
1951 0.7140625 0.6375 0.00703125 0.01796875
3847 0.83125 0.46015625 0.02890625 0.0125
3845 0.83046875 0.48671875 0.028125 0.0125
3846 0.83125 0.50625 0.025 0.0125
3843 0.83203125 0.53359375 0.028125 0.0125
3238 0.828125 0.4734375 0.021875 0.01171875
3237 0.82890625 0.5203125 0.021875 0.01171875
2939 0.8109375 0.55546875 0.028125 0.0125
1792 0.76171875 0.43046875 0.0171875 0.04921875
1792 0.7609375 0.5640625 0.01640625 0.04921875
1792 0.7828125 0.4984375 0.015625 0.13359375
1891 0.80546875 0.4640625 0.0140625 0.009375
1890 0.80546875 0.509375 0.0140625 0.009375
1887 0.8046875 0.53125 0.0140625 0.009375
847 0.80546875 0.47578125 0.009375 0.00625
1112 0.80546875 0.5203125 0.009375 0.00703125
836 0.8046875 0.54296875 0.009375 0.00703125
3854 0.81640625 0.57578125 0.028125 0.0125
3962 0.8265625 0.59453125 0.02890625 0.0125
3937 0.88984375 0.6078125 0.0296875 0.0125
2932 0.84609375 0.58359375 0.009375 0.034375
3939 0.85546875 0.58203125 0.009375 0.0359375
3941 0.7859375 0.59921875 0.009375 0.034375
3944 0.79609375 0.6 0.009375 0.03515625
2937 0.80703125 0.60078125 0.009375 0.034375
1792 0.9296875 0.65 0.04140625 0.05078125
3929 0.86640625 0.68359375 0.0296875 0.0125
2935 0.8046875 0.6828125 0.01015625 0.03203125
3460 0.82578125 0.665625 0.0265625 0.01328125
1898 0.79140625 0.57578125 0.01484375 0.009375
1984 0.7953125 0.63203125 0.00703125 0.01796875
1981 0.7859375 0.63046875 0.00703125 0.01796875
834 0.8046875 0.63203125 0.00625 0.01875
832 0.8046875 0.65390625 0.00703125 0.01875
2002 0.84375 0.6109375 0.0140625 0.009375
1588 0.85859375 0.615625 0.00703125 0.01875
1979 0.8671875 0.615625 0.0078125 0.0171875
1977 0.88046875 0.621875 0.01484375 0.009375
1392 0.8265625 0.64296875 0.02421875 0.0265625
1969 0.8671875 0.66015625 0.0421875 0.02578125
2891 0.9484375 0.71640625 0.0265625 0.01328125
787 0.94765625 0.734375 0.02578125 0.01875
1932 0.946875 0.75625 0.0140625 0.01015625
3888 0.94609375 0.771875 0.02890625 0.01328125
1399 0.0609375 0.634375 0.0359375 0.05078125
3466 0.05 0.675 0.02109375 0.0140625
741 0.09140625 0.63515625 0.0046875 0.01171875
2845 0.09296875 0.61015625 0.01015625 0.025
2870 0.115625 0.653125 0.009375 0.034375
2869 0.128125 0.65234375 0.009375 0.03203125
2868 0.13828125 0.65078125 0.009375 0.034375
2866 0.14765625 0.65234375 0.009375 0.03203125
2865 0.15625 0.65234375 0.009375 0.03203125
2864 0.16484375 0.65234375 0.009375 0.03203125
2863 0.1734375 0.65234375 0.009375 0.03203125
2862 0.1828125 0.65234375 0.009375 0.03203125
2861 0.19140625 0.65234375 0.009375 0.03203125
2860 0.2 0.65234375 0.009375 0.03203125
766 0.11640625 0.62421875 0.00625 0.0171875
765 0.128125 0.62421875 0.00703125 0.0171875
764 0.1390625 0.62421875 0.0046875 0.0125
762 0.14765625 0.625 0.00546875 0.01328125
761 0.15703125 0.625 0.00546875 0.01328125
760 0.165625 0.625 0.00546875 0.01328125
759 0.17421875 0.625 0.00546875 0.01328125
758 0.1828125 0.625 0.00546875 0.01328125
757 0.1921875 0.625 0.00546875 0.01328125
756 0.2015625 0.625 0.00546875 0.01328125
3198 0.359375 0.63984375 0.021875 0.01171875
3200 0.359375 0.65078125 0.021875 0.0109375
3201 0.3578125 0.6625 0.01953125 0.0109375
3194 0.35859375 0.6734375 0.02109375 0.0109375
3195 0.35859375 0.684375 0.02109375 0.0109375
3196 0.35859375 0.6953125 0.02109375 0.0109375
3193 0.35078125 0.7171875 0.01015625 0.02734375
3192 0.409375 0.71796875 0.009375 0.0265625
3197 0.3796875 0.73359375 0.02109375 0.01171875
1068 0.36171875 0.71640625 0.00859375 0.0265625
1067 0.396875 0.7171875 0.00859375 0.0265625
1073 0.38046875 0.65546875 0.009375 0.00703125
1075 0.38046875 0.665625 0.009375 0.00703125
1076 0.38046875 0.6765625 0.009375 0.00703125
1069 0.3796875 0.68828125 0.0140625 0.009375
1070 0.3796875 0.7 0.0140625 0.0078125
1071 0.37890625 0.7109375 0.01328125 0.00859375
1072 0.3796875 0.721875 0.0140625 0.009375
1083 0.45078125 0.6171875 0.01328125 0.01875
1102 0.46015625 0.6265625 0.015625 0.01796875
1081 0.46796875 0.63671875 0.021875 0.02578125
1101 0.478125 0.65 0.02734375 0.03359375
842 0.48203125 0.68359375 0.0140625 0.009375
2000 0.47734375 0.7 0.00703125 0.01875
2001 0.4859375 0.70078125 0.00703125 0.01875
2945 0.50703125 0.68046875 0.028125 0.01328125
3960 0.5 0.70546875 0.01015625 0.03671875
3961 0.51171875 0.70546875 0.01015625 0.03671875
3208 0.434375 0.63671875 0.01953125 0.025
3227 0.44140625 0.646875 0.01953125 0.025
3206 0.44921875 0.65703125 0.01953125 0.025
3825 0.44609375 0.68671875 0.02421875 0.03125
3834 0.43828125 0.6953125 0.02421875 0.03125
1672 0.46171875 0.66875 0.0140625 0.01640625
1674 0.45546875 0.6765625 0.0140625 0.0171875
4450 0.5828125 0.7421875 0.0578125 0.06015625
3761 0.5953125 0.78046875 0.01484375 0.0125
3905 0.61953125 0.7859375 0.009375 0.03671875
3902 0.6203125 0.69921875 0.009375 0.0328125
1686 0.6203125 0.7296875 0.00703125 0.01875
1949 0.61953125 0.7546875 0.00859375 0.02265625
1938 0.66640625 0.67265625 0.00703125 0.01875
1936 0.68671875 0.67890625 0.0140625 0.009375
3892 0.6859375 0.69296875 0.028125 0.01328125
3918 0.68046875 0.775 0.028125 0.0125
1960 0.68046875 0.7921875 0.0140625 0.01015625
809 0.68046875 0.803125 0.01484375 0.009375
2913 0.68203125 0.8203125 0.02421875 0.01328125
1580 0.084375 0.70703125 0.01484375 0.00859375
2867 0.08515625 0.6921875 0.0203125 0.01328125
2856 0.128125 0.6890625 0.01796875 0.0125
3232 0.17265625 0.68984375 0.01484375 0.01328125
2927 0.2421875 0.70703125 0.02734375 0.0125
823 0.2421875 0.72578125 0.025 0.01875
1792 0.12890625 0.76796875 0.13125 0.05234375
1792 0.31015625 0.7703125 0.178125 0.0515625
2900 0.290625 0.696875 0.02109375 0.01328125
3839 0.275 0.721875 0.01015625 0.034375
3838 0.3078125 0.721875 0.009375 0.034375
1883 0.28671875 0.7265625 0.00625 0.01796875
1882 0.29609375 0.7265625 0.00625 0.01796875
796 0.29140625 0.71171875 0.01015625 0.00703125
1578 0.12890625 0.70703125 0.01484375 0.00859375
1628 0.17421875 0.7078125 0.01484375 0.00859375
1855 0.0796875 0.7234375 0.00703125 0.01796875
1854 0.0890625 0.7234375 0.00703125 0.01796875
3815 0.05703125 0.71640625 0.009375 0.0359375
3814 0.0671875 0.71640625 0.009375 0.0359375
3813 0.11171875 0.71796875 0.01015625 0.03125
3812 0.1453125 0.7171875 0.01015625 0.03515625
3809 0.159375 0.71796875 0.009375 0.03515625
3808 0.19140625 0.71796875 0.009375 0.03515625
1853 0.12421875 0.72421875 0.00703125 0.01796875
1852 0.1328125 0.72421875 0.00703125 0.01796875
1849 0.1703125 0.725 0.00703125 0.01796875
1848 0.17890625 0.725 0.00703125 0.01796875
2505 0.2515625 0.94375 0.046875 0.01640625
2261 0.290625 0.959375 0.10078125 0.01484375
2301 0.29609375 0.94453125 0.03203125 0.01328125
2688 0.33359375 0.9453125 0.02578125 0.0140625
3771 0.03359375 0.70625 0.028125 0.01328125
3793 0.03359375 0.71875 0.028125 0.01171875
3969 0.028125 0.74296875 0.009375 0.03671875
3805 0.0390625 0.74296875 0.01015625 0.0359375
3210 0.034375 0.76796875 0.01484375 0.0140625
3770 0.03359375 0.78515625 0.028125 0.01328125
3792 0.0328125 0.7984375 0.028125 0.01171875
3806 0.028125 0.82265625 0.01015625 0.03671875
3970 0.03828125 0.82265625 0.009375 0.0359375
3221 0.0328125 0.8484375 0.01484375 0.0140625
1810 0.0578125 0.80390625 0.0140625 0.009375
1832 0.05703125 0.81640625 0.0140625 0.009375
1846 0.053125 0.8328125 0.0078125 0.01875
2010 0.06171875 0.8328125 0.00703125 0.01875
1096 0.0578125 0.84921875 0.0140625 0.009375
1811 0.0828125 0.80390625 0.0140625 0.009375
1833 0.0828125 0.81640625 0.01484375 0.01015625
2009 0.078125 0.8328125 0.0078125 0.01875
1845 0.0875 0.8328125 0.0078125 0.01875
1085 0.0828125 0.84921875 0.01484375 0.01015625
1812 0.10859375 0.80390625 0.0140625 0.009375
1834 0.10859375 0.81640625 0.01484375 0.01015625
2008 0.10390625 0.83359375 0.0078125 0.01875
1844 0.1125 0.83359375 0.0078125 0.01875
1074 0.10859375 0.85 0.01484375 0.01015625
1063 0.13515625 0.85 0.01484375 0.01015625
1843 0.13046875 0.83359375 0.0078125 0.01875
2007 0.1390625 0.83359375 0.0078125 0.01875
1835 0.134375 0.8171875 0.01484375 0.01015625
1813 0.13515625 0.8046875 0.0140625 0.009375
1814 0.16171875 0.8046875 0.0140625 0.009375
1836 0.16171875 0.81796875 0.01484375 0.01015625
1842 0.15703125 0.83359375 0.0078125 0.01875
2006 0.16640625 0.834375 0.0078125 0.01875
1036 0.16171875 0.8515625 0.01484375 0.01015625
1815 0.184375 0.80546875 0.01484375 0.009375
1837 0.184375 0.81796875 0.01484375 0.01015625
1841 0.1890625 0.83359375 0.0078125 0.01875
2004 0.18046875 0.834375 0.0078125 0.01875
951 0.184375 0.8515625 0.01484375 0.01015625
3772 0.1046875 0.86328125 0.028125 0.0125
3773 0.13671875 0.8640625 0.028125 0.0125
3774 0.178125 0.86640625 0.028125 0.0125
3794 0.10546875 0.87578125 0.028125 0.0125
3795 0.13671875 0.8765625 0.028125 0.0125
3796 0.178125 0.87890625 0.028125 0.0125
3968 0.06796875 0.90625 0.015625 0.03984375
3804 0.07890625 0.9078125 0.01171875 0.0359375
3199 0.075 0.934375 0.01953125 0.01640625
4077 0.1 0.92890625 0.01015625 0.02734375
4001 0.11015625 0.92890625 0.01015625 0.02734375
4066 0.14765625 0.93125 0.01015625 0.02734375
4010 0.1578125 0.93125 0.01015625 0.02734375
3803 0.12421875 0.93125 0.009375 0.034375
3967 0.13515625 0.93203125 0.01015625 0.03203125
3188 0.12890625 0.9546875 0.0140625 0.0125
3802 0.171875 0.90703125 0.01015625 0.0328125
3966 0.184375 0.9046875 0.01015625 0.03671875
3153 0.178125 0.9296875 0.01484375 0.01328125
3775 0.2109375 0.8 0.028125 0.0125
3797 0.21015625 0.8125 0.02734375 0.01328125
3964 0.2015625 0.8375 0.01015625 0.03671875
3801 0.215625 0.83671875 0.0109375 0.03515625
3057 0.20859375 0.8625 0.01484375 0.01328125
2111 0.1078125 0.90078125 0.00703125 0.01875
2036 0.1171875 0.90078125 0.00703125 0.01875
2100 0.1390625 0.90078125 0.0078125 0.01875
2045 0.15234375 0.9015625 0.0078125 0.01875
2117 0.21875 0.90234375 0.00703125 0.01875
2061 0.23203125 0.903125 0.00703125 0.01875
2090 0.2984375 0.90390625 0.00703125 0.01875
2081 0.31171875 0.9046875 0.00703125 0.01875
2041 0.37890625 0.89375 0.00703125 0.01875
4083 0.24296875 0.903125 0.01015625 0.02734375
4027 0.253125 0.90234375 0.01015625 0.02734375
4056 0.2984375 0.878125 0.01015625 0.025
4047 0.3125 0.8765625 0.01015625 0.028125
4006 0.36796875 0.89296875 0.009375 0.02734375
4018 0.4390625 0.89375 0.009375 0.02734375
4032 0.51015625 0.89453125 0.009375 0.028125
4038 0.58125 0.89609375 0.009375 0.028125
2052 0.45 0.8953125 0.00703125 0.01875
2066 0.52109375 0.89609375 0.00703125 0.01875
2072 0.5921875 0.896875 0.00703125 0.01875
1792 0.4046875 0.89453125 0.015625 0.1109375
1792 0.4765625 0.89609375 0.015625 0.1109375
1792 0.5484375 0.8984375 0.015625 0.1109375
1390 0.24140625 0.825 0.028125 0.0359375
3459 0.24296875 0.85390625 0.02734375 0.01328125
822 0.26328125 0.83203125 0.0046875 0.0125
2926 0.27421875 0.84609375 0.01015625 0.03515625
530 0.26796875 0.81171875 0.01640625 0.01015625
3367 0.28359375 0.8109375 0.01015625 0.02890625
2928 0.2984375 0.8203125 0.01015625 0.0359375
3366 0.32890625 0.85546875 0.01015625 0.02890625
2929 0.34375 0.85625 0.01015625 0.0359375
2931 0.35546875 0.8546875 0.01015625 0.0359375
2930 0.36796875 0.85546875 0.01015625 0.0359375
824 0.3140625 0.821875 0.01484375 0.03359375
825 0.34453125 0.82109375 0.01484375 0.03359375
529 0.3296875 0.821875 0.0140625 0.03359375
828 0.35625 0.82109375 0.00703125 0.01796875
827 0.365625 0.821875 0.00703125 0.01796875
3942 0.45 0.76484375 0.01015625 0.03671875
3945 0.4609375 0.76640625 0.01015625 0.034375
2938 0.471875 0.765625 0.0109375 0.03515625
2936 0.4640625 0.821875 0.028125 0.01328125
3461 0.5171875 0.77734375 0.0265625 0.01328125
1982 0.46796875 0.796875 0.00703125 0.01875
1985 0.4765625 0.79765625 0.00703125 0.01875
835 0.4859375 0.79765625 0.0078125 0.01796875
835 0.4859375 0.81953125 0.0078125 0.01796875
4160 0.678125 0.859375 0.009375 0.028125
4111 0.6890625 0.859375 0.009375 0.028125
4159 0.66328125 0.91875 0.009375 0.02421875
4137 0.67421875 0.91953125 0.01015625 0.028125
4153 0.6734375 0.95234375 0.01015625 0.028125
4158 0.66328125 0.953125 0.01015625 0.028125
2955 0.66015625 0.8859375 0.01015625 0.01875
3753 0.7359375 0.86484375 0.0125 0.0125
3755 0.70546875 0.9046875 0.015625 0.01328125
3756 0.7046875 0.9375 0.01484375 0.0125
4181 0.7078125 0.84921875 0.0203125 0.0125
4182 0.7703125 0.84765625 0.02265625 0.01328125
4183 0.8359375 0.8484375 0.02265625 0.01328125
4184 0.89765625 0.846875 0.02265625 0.01328125
3757 0.85390625 0.86640625 0.0140625 0.01328125
3758 0.83046875 0.90546875 0.015625 0.01328125
3759 0.828125 0.9375 0.01484375 0.0125
2844 0.79609375 0.8640625 0.01015625 0.015625
4103 0.77421875 0.8890625 0.00859375 0.02734375
4156 0.78359375 0.8890625 0.009375 0.02734375
4155 0.78125 0.92109375 0.009375 0.02734375
4128 0.77265625 0.921875 0.009375 0.025
4152 0.771875 0.95390625 0.009375 0.02734375
4154 0.78125 0.95390625 0.009375 0.02734375
4177 0.79140625 0.95390625 0.009375 0.028125
4173 0.80234375 0.95390625 0.009375 0.028125
4169 0.80234375 0.92109375 0.009375 0.028125
4178 0.79296875 0.9203125 0.009375 0.028125
4164 0.81953125 0.8578125 0.009375 0.028125
4180 0.80859375 0.8578125 0.009375 0.028125
1792 0.88359375 0.765625 0.07109375 0.08515625
2934 0.8015625 0.8078125 0.01015625 0.03515625
3940 0.8125 0.80703125 0.0109375 0.03671875
3938 0.8234375 0.80703125 0.009375 0.0359375
3963 0.834375 0.759375 0.01015625 0.0359375
3935 0.9140625 0.81953125 0.01015625 0.0359375
3936 0.95078125 0.871875 0.0296875 0.0140625
3762 0.953125 0.803125 0.015625 0.0140625
4163 0.86875 0.8609375 0.0109375 0.028125
4176 0.88046875 0.8609375 0.0109375 0.028125
852 0.67265625 0.8859375 0.0078125 0.01875
740 0.79765625 0.88828125 0.0078125 0.01875
1590 0.83359375 0.81640625 0.00703125 0.01875
2213 0.70859375 0.86328125 0.01484375 0.01015625
2214 0.77109375 0.86328125 0.01484375 0.01015625
2215 0.834375 0.86484375 0.01484375 0.01015625
2216 0.896875 0.86484375 0.01484375 0.01015625
1976 0.9546875 0.85703125 0.01484375 0.01015625
2192 0.690625 0.8875 0.00703125 0.01953125
2145 0.69921875 0.8875 0.00703125 0.01953125
2170 0.69921875 0.9203125 0.00703125 0.01875
2191 0.68984375 0.9203125 0.00703125 0.01875
2190 0.6890625 0.95390625 0.00703125 0.01875
2185 0.6984375 0.95390625 0.00703125 0.01875
4440 0.7265625 0.8875 0.025 0.0265625
4443 0.72578125 0.9203125 0.025 0.0265625
4444 0.7265625 0.95390625 0.025 0.0265625
4445 0.8515625 0.8890625 0.025 0.0265625
4447 0.8515625 0.921875 0.025 0.0265625
4448 0.8515625 0.95546875 0.025 0.0265625
4174 0.91796875 0.96484375 0.01484375 0.03125
4172 0.9046875 0.96328125 0.0140625 0.0296875
4167 0.89453125 0.92421875 0.0078125 0.03203125
4175 0.903125 0.92265625 0.0125 0.03671875
2137 0.753125 0.8875 0.00703125 0.01953125
2188 0.7625 0.8875 0.00703125 0.01953125
2187 0.76171875 0.92109375 0.00703125 0.01953125
2161 0.753125 0.92109375 0.00703125 0.01953125
2183 0.75234375 0.9546875 0.00703125 0.01953125
2186 0.76171875 0.9546875 0.00703125 0.01953125
2212 0.815625 0.88828125 0.00625 0.01875
2196 0.825 0.8890625 0.0078125 0.01796875
2210 0.815625 0.921875 0.0078125 0.01875
2201 0.82421875 0.921875 0.0078125 0.01875
2209 0.81484375 0.95546875 0.0078125 0.01953125
2205 0.82421875 0.95546875 0.0078125 0.01953125
2195 0.87890625 0.8890625 0.0078125 0.01875
2208 0.8875 0.88984375 0.0078125 0.01953125
2199 0.87421875 0.92265625 0.00703125 0.01875
2207 0.88359375 0.92265625 0.00703125 0.01875
2204 0.87421875 0.95625 0.00703125 0.01953125
2206 0.884375 0.95625 0.00703125 0.01953125
4451 0.95078125 0.82890625 0.02890625 0.0359375
1975 0.92890625 0.8234375 0.0078125 0.01875
1792 0.61953125 0.896875 0.015625 0.1109375
1393 0.50859375 0.8015625 0.02578125 0.028125
2003 0.834375 0.78984375 0.0078125 0.01875
1980 0.84296875 0.81640625 0.00703125 0.01875
1978 0.85234375 0.81640625 0.00703125 0.01875
3246 0.31015625 0.06171875 0.06015625 0.0546875
1793 0.9109375 0.49921875 0.02578125 0.21484375
4435 0.6 0.4125 0.0234375 0.03046875
339 0.86640625 0.66015625 0.015625 0.0125
146 0.58125 0.7453125 0.02265625 0.0421875
625 0.75546875 0.63515625 0.01640625 0.021875