2235 0.1265625 0.128125 0.06328125 0.053125
1182 0.2171875 0.1515625 0.1125 0.14453125
1182 0.3703125 0.15078125 0.11171875 0.14921875
1182 0.52421875 0.1515625 0.10703125 0.14765625
1182 0.67578125 0.15234375 0.10859375 0.1453125
2235 0.775 0.13046875 0.0640625 0.05234375
1182 0.77109375 0.51796875 0.03984375 0.08203125
736 0.7734375 0.58515625 0.02734375 0.0296875
1182 0.7234375 0.76171875 0.11015625 0.05859375
1182 0.5875 0.7625 0.1390625 0.05234375
2235 0.759375 0.87890625 0.034375 0.09296875
2235 0.70546875 0.878125 0.034375 0.09609375
2235 0.6453125 0.878125 0.03515625 0.0921875
2235 0.5859375 0.87734375 0.034375 0.0921875
2235 0.5140625 0.86875 0.04140625 0.125
2235 0.4609375 0.86796875 0.04140625 0.12578125
2235 0.4078125 0.86875 0.04140625 0.125
2235 0.3546875 0.86875 0.04140625 0.12578125
1803 0.30859375 0.91953125 0.01328125 0.0109375
1803 0.3078125 0.909375 0.0140625 0.01015625
1803 0.30859375 0.89921875 0.01328125 0.01171875
1803 0.2609375 0.9203125 0.0140625 0.0125
1803 0.2609375 0.909375 0.01328125 0.009375
1803 0.2609375 0.89921875 0.0140625 0.01171875
1803 0.21484375 0.9203125 0.0140625 0.0109375
1803 0.21484375 0.909375 0.0140625 0.01015625
1803 0.21484375 0.89921875 0.0140625 0.01015625
1803 0.1671875 0.9203125 0.01328125 0.0109375
1803 0.16796875 0.91015625 0.01328125 0.009375
1803 0.16796875 0.89921875 0.01328125 0.01015625
1803 0.33125 0.78203125 0.00703125 0.01875
1803 0.325 0.7828125 0.0078125 0.01953125
1803 0.31796875 0.7828125 0.00703125 0.02109375
1803 0.3015625 0.7828125 0.00703125 0.0203125
1803 0.29453125 0.78203125 0.00625 0.0203125
1803 0.28828125 0.78203125 0.00703125 0.01953125
1803 0.28125 0.78203125 0.0078125 0.01953125
1803 0.22109375 0.7625 0.009375 0.02734375
1803 0.22109375 0.68984375 0.01015625 0.02734375
1803 0.23515625 0.73203125 0.01328125 0.0109375
1803 0.23515625 0.721875 0.0125 0.009375
1803 0.2890625 0.64921875 0.0125 0.01015625
1803 0.30234375 0.65 0.0140625 0.01015625
1803 0.31953125 0.64921875 0.01328125 0.01015625
1803 0.33203125 0.64921875 0.01328125 0.01015625
1803 0.32890625 0.665625 0.00703125 0.01953125
1803 0.2921875 0.665625 0.00703125 0.01875
1803 0.43046875 0.67578125 0.01171875 0.028125
1803 0.434375 0.759375 0.015625 0.01328125
1803 0.3015625 0.55 0.00703125 0.01953125
1803 0.2953125 0.55078125 0.00703125 0.02109375
1803 0.28828125 0.55078125 0.00703125 0.01953125
1803 0.3484375 0.53125 0.0140625 0.01171875
1803 0.13359375 0.28984375 0.01328125 0.0125
1803 0.18046875 0.23984375 0.01328125 0.01015625
1803 0.18046875 0.25078125 0.01328125 0.01015625
1803 0.234375 0.2609375 0.0078125 0.01875
1803 0.24140625 0.26171875 0.00703125 0.02265625
1803 0.22109375 0.31015625 0.0078125 0.02109375
1803 0.24140625 0.33125 0.0078125 0.0203125
1803 0.240625 0.3609375 0.00859375 0.021875
1803 0.334375 0.290625 0.0078125 0.0203125
1803 0.334375 0.3609375 0.0078125 0.02109375
1803 0.3421875 0.3609375 0.00625 0.02109375
1803 0.3921875 0.390625 0.00703125 0.02109375
1803 0.39921875 0.39140625 0.00703125 0.02109375
1803 0.40625 0.3921875 0.00546875 0.01953125
1803 0.41953125 0.39140625 0.00703125 0.01953125
1803 0.4296875 0.3765625 0.01171875 0.01015625
1803 0.428125 0.36640625 0.01328125 0.0125
718 0.10703125 0.80625 0.0078125 0.02578125
718 0.14765625 0.85078125 0.01484375 0.009375
718 0.19453125 0.85 0.01640625 0.01015625
718 0.24140625 0.85 0.015625 0.01015625
718 0.28828125 0.84921875 0.01640625 0.01015625
718 0.146875 0.91015625 0.0171875 0.03046875
718 0.19453125 0.90859375 0.01796875 0.03125
718 0.24140625 0.90859375 0.0171875 0.0328125
718 0.28828125 0.909375 0.0171875 0.0296875
718 0.10625 0.390625 0.01640625 0.0109375
718 0.10625 0.36015625 0.015625 0.009375
718 0.125 0.17890625 0.01640625 0.01171875
1182 0.09609375 0.2984375 0.046875 0.08671875
1182 0.16875 0.51171875 0.1859375 0.1765625
1182 0.13203125 0.7375 0.10546875 0.09765625
1182 0.70703125 0.30390625 0.140625 0.05234375
1182 0.5421875 0.30546875 0.1765625 0.05234375
736 0.1328125 0.25 0.01171875 0.028125
736 0.1328125 0.26953125 0.0140625 0.01015625
736 0.1328125 0.2796875 0.0109375 0.00859375
736 0.13359375 0.3203125 0.00859375 0.00703125
736 0.13359375 0.33046875 0.01328125 0.0109375
736 0.1296875 0.35546875 0.0109375 0.02734375
736 0.1734375 0.37109375 0.0078125 0.009375
1456 0.14609375 0.24921875 0.009375 0.021875
1456 0.140625 0.36015625 0.00859375 0.02421875
736 0.2671875 0.778125 0.0109375 0.02890625
736 0.26796875 0.74765625 0.0109375 0.02890625
736 0.2671875 0.70703125 0.01015625 0.02734375
736 0.2453125 0.7265625 0.00703125 0.0203125
736 0.25546875 0.73203125 0.0125 0.01328125
736 0.2796875 0.76015625 0.00703125 0.0203125
736 0.2796875 0.68984375 0.00859375 0.021875
736 0.2671875 0.678125 0.0109375 0.02890625
1456 0.24375 0.7609375 0.028125 0.0421875
1456 0.24296875 0.6890625 0.028125 0.04140625
1456 0.38125 0.7671875 0.02890625 0.04296875
1456 0.38984375 0.68125 0.0421875 0.06171875
1456 0.275 0.57578125 0.009375 0.02421875
736 0.275 0.5 0.00703125 0.00546875
736 0.27421875 0.51015625 0.00625 0.00625
736 0.27421875 0.5203125 0.00703125 0.00546875
736 0.275 0.53046875 0.01328125 0.0125
736 0.3109375 0.5671875 0.003125 0.0109375
736 0.33125 0.54609375 0.00390625 0.01171875
736 0.34609375 0.5484375 0.0171875 0.01484375
736 0.3234375 0.56953125 0.01328125 0.0125
736 0.36640625 0.30234375 0.0203125 0.040625
736 0.37421875 0.34375 0.015625 0.015625
736 0.36796875 0.36171875 0.01875 0.015625
736 0.4296875 0.396875 0.01171875 0.0109375
736 0.4296875 0.38671875 0.01328125 0.0109375
736 0.4296875 0.34453125 0.0109375 0.02890625
736 0.32734375 0.45625 0.0046875 0.0109375
736 0.34296875 0.45703125 0.0203125 0.015625
736 0.346875 0.678125 0.0109375 0.03046875
736 0.3453125 0.71328125 0.00859375 0.021875
736 0.34453125 0.73984375 0.0078125 0.0203125
736 0.33828125 0.78203125 0.00625 0.01875
736 0.34765625 0.77421875 0.0109375 0.02890625
736 0.40546875 0.759375 0.0109375 0.02734375
736 0.41796875 0.75859375 0.0109375 0.03046875
736 0.43046875 0.7140625 0.01953125 0.03984375
1803 0.56015625 0.734375 0.009375 0.02109375
736 0.28515625 0.66484375 0.00625 0.01953125
736 0.3015625 0.66796875 0.00625 0.02109375
736 0.315625 0.66796875 0.0078125 0.0203125
736 0.33515625 0.66484375 0.00625 0.0203125
717 0.30703125 0.5 0.04453125 0.06640625
717 0.18046875 0.31015625 0.065625 0.0953125
717 0.2875 0.30859375 0.075 0.1109375
717 0.4 0.35390625 0.03046875 0.0453125
1456 0.4078125 0.29140625 0.0546875 0.07421875
717 0.69296875 0.53984375 0.0671875 0.1421875
717 0.31015625 0.7234375 0.05078125 0.07578125
717 0.53125 0.54140625 0.146875 0.2140625
1182 0.11328125 0.6453125 0.015625 0.053125
1182 0.44921875 0.165625 0.015625 0.1515625
736 0.275 0.55078125 0.0171875 0.015625
1182 0.77578125 0.2109375 0.03515625 0.0375
1182 0.77421875 0.4015625 0.034375 0.0265625
1182 0.1296875 0.6453125 0.01953125 0.06015625