1803 0.115625 0.096875 0.00703125 0.01953125
1803 0.12578125 0.096875 0.00703125 0.01875
1803 0.16875 0.10234375 0.00625 0.01796875
1803 0.18046875 0.10234375 0.0078125 0.01875
1803 0.1921875 0.10234375 0.0078125 0.01796875
1803 0.20234375 0.10234375 0.00703125 0.01796875
1803 0.2140625 0.103125 0.00703125 0.01875
1803 0.22578125 0.103125 0.00703125 0.01875
1803 0.23671875 0.103125 0.00703125 0.01875
1803 0.24765625 0.103125 0.00703125 0.01875
1803 0.0953125 0.1578125 0.00703125 0.01875
1803 0.10390625 0.1578125 0.00703125 0.01875
1803 0.1125 0.1578125 0.00703125 0.01875
1803 0.06328125 0.21328125 0.00703125 0.01875
1803 0.075 0.21328125 0.00625 0.01875
1803 0.08671875 0.2125 0.0078125 0.01875
1803 0.0984375 0.21328125 0.0078125 0.01796875
1803 0.109375 0.21328125 0.0078125 0.01796875
1803 0.1203125 0.21328125 0.00703125 0.01875
1803 0.13125 0.21328125 0.00703125 0.01875
1803 0.1421875 0.21328125 0.00703125 0.01875
1803 0.15390625 0.21328125 0.00703125 0.01875
1803 0.1640625 0.21328125 0.00703125 0.01875
1803 0.17578125 0.21328125 0.00703125 0.01875
1803 0.1875 0.21328125 0.00703125 0.01875
1803 0.19921875 0.2140625 0.00703125 0.01875
1803 0.21015625 0.21328125 0.00703125 0.01875
1803 0.22109375 0.21328125 0.00703125 0.01875
1803 0.2328125 0.2140625 0.00703125 0.01875
1803 0.25625 0.2140625 0.0078125 0.01796875
1803 0.278125 0.2140625 0.0078125 0.01875
1803 0.265625 0.21328125 0.0078125 0.01875
1803 0.2890625 0.2140625 0.0078125 0.01875
1803 0.30078125 0.2140625 0.0078125 0.01875
1803 0.3109375 0.2140625 0.0078125 0.01875
1803 0.3234375 0.21484375 0.0078125 0.01875
1803 0.334375 0.21484375 0.0078125 0.01875
1803 0.3453125 0.21484375 0.00703125 0.01875
1803 0.35625 0.21484375 0.00703125 0.01875
1803 0.36796875 0.21484375 0.00703125 0.01796875
1803 0.3796875 0.21484375 0.00703125 0.01875
1803 0.390625 0.21484375 0.00703125 0.01875
1803 0.41328125 0.215625 0.00703125 0.01875
1803 0.425 0.215625 0.00703125 0.01875
1803 0.3890625 0.18046875 0.00703125 0.01875
1803 0.3984375 0.18046875 0.00703125 0.01875
1803 0.4328125 0.18203125 0.00703125 0.01875
1803 0.44296875 0.18203125 0.00703125 0.01875
1803 0.38828125 0.10546875 0.00703125 0.01875
1803 0.39921875 0.1046875 0.00703125 0.01875
1803 0.43359375 0.10546875 0.00703125 0.01875
1803 0.44453125 0.10546875 0.00625 0.01796875
1803 0.47265625 0.04296875 0.00625 0.01953125
1803 0.471875 0.0765625 0.0078125 0.01875
1803 0.471875 0.109375 0.0078125 0.01875
1803 0.471875 0.14375 0.0078125 0.01875
1803 0.446875 0.2765625 0.0078125 0.01875
1803 0.4703125 0.27734375 0.0078125 0.01875
717 0.5234375 0.05390625 0.0203125 0.0296875
717 0.70546875 0.07265625 0.03515625 0.05
1803 0.5921875 0.1828125 0.00703125 0.01796875
1803 0.6015625 0.1828125 0.00703125 0.01796875
1803 0.63671875 0.18359375 0.00703125 0.01796875
1803 0.646875 0.18359375 0.00703125 0.01796875
1803 0.59296875 0.1078125 0.00703125 0.01796875
1803 0.60234375 0.1078125 0.00703125 0.01796875
1803 0.6375 0.10859375 0.00703125 0.01875
1803 0.646875 0.10859375 0.00703125 0.01875
1803 0.77421875 0.10625 0.00703125 0.01875
1803 0.7859375 0.10625 0.00703125 0.01875
1803 0.79765625 0.10703125 0.00703125 0.01875
1803 0.8078125 0.10703125 0.00703125 0.01875
1803 0.82109375 0.10703125 0.00703125 0.01875
1803 0.83125 0.10703125 0.00703125 0.01875
1803 0.84296875 0.10703125 0.00703125 0.01875
1803 0.85390625 0.10703125 0.00703125 0.01875
1803 0.9015625 0.1296875 0.01484375 0.00859375
1803 0.90078125 0.14140625 0.0140625 0.009375
1803 0.884375 0.13515625 0.00703125 0.0171875
1803 0.92734375 0.16953125 0.01484375 0.009375
1803 0.928125 0.18046875 0.01484375 0.009375
736 0.928125 0.1921875 0.02109375 0.01015625
736 0.8828125 0.18515625 0.01015625 0.00703125
717 0.85625 0.196875 0.0328125 0.034375
4439 0.95546875 0.18125 0.0296875 0.034375
1803 0.8296875 0.18515625 0.01484375 0.009375
1803 0.82890625 0.20703125 0.01484375 0.009375
736 0.3640625 0.3375 0.00859375 0.02734375
736 0.39921875 0.33828125 0.00859375 0.02734375
736 0.38125 0.33125 0.0140625 0.009375
736 0.38125 0.34296875 0.0140625 0.009375
736 0.38125 0.3546875 0.0140625 0.009375
736 0.38125 0.36640625 0.0140625 0.01015625
736 0.38125 0.37734375 0.009375 0.00703125
736 0.38125 0.38828125 0.009375 0.00859375
736 0.8578125 0.2375 0.00546875 0.0125
736 0.88984375 0.22734375 0.00546875 0.0125
1182 0.978125 0.26484375 0.03125 0.09609375
1803 0.8375 0.3421875 0.01484375 0.009375
1803 0.8375 0.353125 0.01484375 0.009375
1803 0.8375 0.3640625 0.01484375 0.009375
1803 0.8375 0.375 0.01484375 0.009375
1803 0.83671875 0.38671875 0.0140625 0.00859375
1803 0.890625 0.353125 0.01484375 0.009375
1803 0.890625 0.36484375 0.01484375 0.009375
1803 0.890625 0.37578125 0.01484375 0.009375
1803 0.890625 0.3875 0.01484375 0.009375
736 0.8265625 0.2609375 0.01015625 0.00625
736 0.8265625 0.2890625 0.01015625 0.00625
736 0.88515625 0.28984375 0.01015625 0.00625
736 0.82265625 0.31171875 0.00625 0.0125
736 0.871875 0.3125 0.00625 0.0125
1803 0.95390625 0.34296875 0.01484375 0.01015625
1803 0.953125 0.3765625 0.01484375 0.01015625
717 0.8640625 0.3640625 0.03125 0.0453125
1803 0.88515625 0.30859375 0.00703125 0.01953125
736 0.0765625 0.39140625 0.01015625 0.0078125
736 0.1203125 0.425 0.0078125 0.02734375
736 0.1328125 0.42421875 0.0046875 0.0109375
736 0.14140625 0.42421875 0.0046875 0.0109375
736 0.15 0.425 0.0046875 0.0109375
736 0.159375 0.425 0.0046875 0.0109375
736 0.16796875 0.425 0.0046875 0.0109375
736 0.17734375 0.42578125 0.0046875 0.01171875
736 0.1859375 0.425 0.0046875 0.0125
736 0.1953125 0.425 0.0046875 0.01171875
1803 0.0578125 0.44609375 0.0140625 0.01015625
1803 0.07890625 0.44609375 0.0140625 0.009375
1803 0.146875 0.4453125 0.01328125 0.009375
736 0.24765625 0.45390625 0.00859375 0.02734375
736 0.259375 0.45234375 0.0078125 0.01640625
736 0.2703125 0.453125 0.00703125 0.01796875
736 0.2796875 0.453125 0.00625 0.01328125
736 0.28828125 0.453125 0.00625 0.01328125
736 0.296875 0.453125 0.00625 0.01328125
1803 0.246875 0.41875 0.01328125 0.01640625
1803 0.25234375 0.4109375 0.01328125 0.01640625
736 0.2953125 0.41953125 0.0140625 0.01796875
736 0.30234375 0.4296875 0.0140625 0.01796875
736 0.2859375 0.4078125 0.02265625 0.0265625
736 0.271875 0.38984375 0.04375 0.05390625
1803 0.4734375 0.37421875 0.0140625 0.01640625
1803 0.503125 0.4125 0.0140625 0.01640625
736 0.4890625 0.39453125 0.028125 0.0328125
736 0.47890625 0.4078125 0.0203125 0.025
736 0.46953125 0.41875 0.0203125 0.02734375
736 0.46171875 0.42890625 0.0125 0.01640625
736 0.45390625 0.4375 0.0140625 0.01796875
736 0.44609375 0.44609375 0.0140625 0.01796875
1803 0.7 0.43125 0.01484375 0.01015625
1803 0.7921875 0.41953125 0.01484375 0.009375
736 0.80546875 0.453125 0.01015625 0.00703125
1803 0.0703125 0.55078125 0.0140625 0.01015625
1803 0.0875 0.5453125 0.00703125 0.01875
1803 0.10546875 0.52421875 0.0078125 0.01953125
1803 0.1140625 0.52421875 0.0078125 0.01953125
736 0.1234375 0.52421875 0.0078125 0.01953125
736 0.13203125 0.52421875 0.0046875 0.01328125
1803 0.1796875 0.51328125 0.00703125 0.01796875
1803 0.20546875 0.4984375 0.0140625 0.00859375
736 0.246875 0.60234375 0.00859375 0.02734375
736 0.25859375 0.603125 0.00703125 0.01875
736 0.26875 0.60390625 0.00703125 0.01875
736 0.278125 0.603125 0.00625 0.01328125
736 0.28671875 0.60390625 0.00625 0.01328125
736 0.29609375 0.60390625 0.00546875 0.0125
736 0.378125 0.48046875 0.009375 0.01171875
736 0.36875 0.49296875 0.009375 0.01171875
736 0.3546875 0.51171875 0.009375 0.0125
736 0.378125 0.55625 0.009375 0.01171875
736 0.3890625 0.55625 0.009375 0.01171875
736 0.37890625 0.50546875 0.00859375 0.01171875
736 0.38046875 0.52109375 0.00546875 0.0140625
736 0.403125 0.51796875 0.01015625 0.0125
736 0.40234375 0.53046875 0.009375 0.0125
736 0.40703125 0.54140625 0.009375 0.0125
736 0.3875 0.5359375 0.009375 0.01328125
736 0.3921875 0.5421875 0.01015625 0.0109375
736 0.1765625 0.4890625 0.009375 0.00625
736 0.47421875 0.48984375 0.00703125 0.0171875
736 0.50078125 0.5171875 0.0078125 0.01796875
736 0.509375 0.5171875 0.0078125 0.01796875
736 0.51875 0.5171875 0.0078125 0.01796875
736 0.51875 0.5390625 0.0078125 0.01796875
736 0.509375 0.5390625 0.0078125 0.01796875
736 0.50078125 0.5390625 0.0078125 0.01796875
736 0.47421875 0.5625 0.0078125 0.01796875
736 0.4734375 0.59375 0.0078125 0.01796875
1803 0.48828125 0.484375 0.0140625 0.009375
1803 0.4875 0.49609375 0.0140625 0.009375
1803 0.4875 0.55703125 0.0140625 0.009375
1803 0.4875 0.56796875 0.0140625 0.009375
1803 0.4875 0.58828125 0.01484375 0.009375
1803 0.4875 0.59921875 0.01484375 0.009375
736 0.53671875 0.5125 0.02109375 0.0109375
736 0.53671875 0.528125 0.02109375 0.0109375
736 0.5359375 0.5453125 0.02109375 0.0109375
736 0.56796875 0.51796875 0.03515625 0.03203125
736 0.56328125 0.5453125 0.02421875 0.01796875
736 0.4828125 0.5171875 0.0046875 0.0125
736 0.49140625 0.5171875 0.0046875 0.0125
736 0.4828125 0.5390625 0.0046875 0.0125
736 0.490625 0.5390625 0.0046875 0.0125
736 0.5796875 0.63359375 0.00703125 0.0171875
736 0.59765625 0.634375 0.00703125 0.0171875
1456 0.5890625 0.63359375 0.0078125 0.02109375
1803 0.65546875 0.63671875 0.00703125 0.01796875
1803 0.66484375 0.63671875 0.00703125 0.01796875
1803 0.6734375 0.63671875 0.00703125 0.01796875
1803 0.6875 0.6375 0.00703125 0.01796875
1803 0.69609375 0.6375 0.00703125 0.01796875
1803 0.7046875 0.6375 0.00703125 0.01796875
1803 0.7140625 0.6375 0.00703125 0.01796875
1803 0.80546875 0.4640625 0.0140625 0.009375
1803 0.80546875 0.509375 0.0140625 0.009375
1803 0.8046875 0.53125 0.0140625 0.009375
736 0.80546875 0.47578125 0.009375 0.00625
736 0.80546875 0.5203125 0.009375 0.00703125
736 0.8046875 0.54296875 0.009375 0.00703125
1803 0.79140625 0.57578125 0.01484375 0.009375
1803 0.7953125 0.63203125 0.00703125 0.01796875
1803 0.7859375 0.63046875 0.00703125 0.01796875
736 0.8046875 0.63203125 0.00625 0.01875
736 0.8046875 0.65390625 0.00703125 0.01875
1803 0.84375 0.6109375 0.0140625 0.009375
1803 0.8671875 0.615625 0.0078125 0.0171875
1803 0.88046875 0.621875 0.01484375 0.009375
717 0.8265625 0.64296875 0.02421875 0.0265625
1803 0.8671875 0.66015625 0.0421875 0.02578125
736 0.94765625 0.734375 0.02578125 0.01875
1803 0.946875 0.75625 0.0140625 0.01015625
717 0.0609375 0.634375 0.0359375 0.05078125
736 0.09140625 0.63515625 0.0046875 0.01171875
736 0.11640625 0.62421875 0.00625 0.0171875
736 0.128125 0.62421875 0.00703125 0.0171875
736 0.1390625 0.62421875 0.0046875 0.0125
736 0.14765625 0.625 0.00546875 0.01328125
736 0.15703125 0.625 0.00546875 0.01328125
736 0.165625 0.625 0.00546875 0.01328125
736 0.17421875 0.625 0.00546875 0.01328125
736 0.1828125 0.625 0.00546875 0.01328125
736 0.1921875 0.625 0.00546875 0.01328125
736 0.2015625 0.625 0.00546875 0.01328125
736 0.36171875 0.71640625 0.00859375 0.0265625
736 0.396875 0.7171875 0.00859375 0.0265625
736 0.38046875 0.65546875 0.009375 0.00703125
736 0.38046875 0.665625 0.009375 0.00703125
736 0.38046875 0.6765625 0.009375 0.00703125
736 0.3796875 0.68828125 0.0140625 0.009375
736 0.3796875 0.7 0.0140625 0.0078125
736 0.37890625 0.7109375 0.01328125 0.00859375
736 0.3796875 0.721875 0.0140625 0.009375
736 0.45078125 0.6171875 0.01328125 0.01875
736 0.46015625 0.6265625 0.015625 0.01796875
736 0.46796875 0.63671875 0.021875 0.02578125
736 0.478125 0.65 0.02734375 0.03359375
736 0.48203125 0.68359375 0.0140625 0.009375
1803 0.47734375 0.7 0.00703125 0.01875
1803 0.4859375 0.70078125 0.00703125 0.01875
717 0.5828125 0.7421875 0.0578125 0.06015625
1803 0.61953125 0.7546875 0.00859375 0.02265625
1803 0.66640625 0.67265625 0.00703125 0.01875
1803 0.68671875 0.67890625 0.0140625 0.009375
1803 0.68046875 0.7921875 0.0140625 0.01015625
736 0.68046875 0.803125 0.01484375 0.009375
736 0.2421875 0.72578125 0.025 0.01875
1803 0.28671875 0.7265625 0.00625 0.01796875
1803 0.29609375 0.7265625 0.00625 0.01796875
736 0.29140625 0.71171875 0.01015625 0.00703125
1803 0.0796875 0.7234375 0.00703125 0.01796875
1803 0.0890625 0.7234375 0.00703125 0.01796875
1803 0.12421875 0.72421875 0.00703125 0.01796875
1803 0.1328125 0.72421875 0.00703125 0.01796875
1803 0.1703125 0.725 0.00703125 0.01796875
1803 0.17890625 0.725 0.00703125 0.01796875
1803 0.0578125 0.80390625 0.0140625 0.009375
1803 0.05703125 0.81640625 0.0140625 0.009375
1803 0.053125 0.8328125 0.0078125 0.01875
1803 0.06171875 0.8328125 0.00703125 0.01875
736 0.0578125 0.84921875 0.0140625 0.009375
1803 0.0828125 0.80390625 0.0140625 0.009375
1803 0.0828125 0.81640625 0.01484375 0.01015625
1803 0.078125 0.8328125 0.0078125 0.01875
1803 0.0875 0.8328125 0.0078125 0.01875
736 0.0828125 0.84921875 0.01484375 0.01015625
1803 0.10859375 0.80390625 0.0140625 0.009375
1803 0.10859375 0.81640625 0.01484375 0.01015625
1803 0.10390625 0.83359375 0.0078125 0.01875
1803 0.1125 0.83359375 0.0078125 0.01875
736 0.10859375 0.85 0.01484375 0.01015625
736 0.13515625 0.85 0.01484375 0.01015625
1803 0.13046875 0.83359375 0.0078125 0.01875
1803 0.1390625 0.83359375 0.0078125 0.01875
1803 0.134375 0.8171875 0.01484375 0.01015625
1803 0.13515625 0.8046875 0.0140625 0.009375
1803 0.16171875 0.8046875 0.0140625 0.009375
1803 0.16171875 0.81796875 0.01484375 0.01015625
1803 0.15703125 0.83359375 0.0078125 0.01875
1803 0.16640625 0.834375 0.0078125 0.01875
736 0.16171875 0.8515625 0.01484375 0.01015625
1803 0.184375 0.80546875 0.01484375 0.009375
1803 0.184375 0.81796875 0.01484375 0.01015625
1803 0.1890625 0.83359375 0.0078125 0.01875
1803 0.18046875 0.834375 0.0078125 0.01875
736 0.184375 0.8515625 0.01484375 0.01015625
1803 0.1078125 0.90078125 0.00703125 0.01875
1803 0.1171875 0.90078125 0.00703125 0.01875
1803 0.1390625 0.90078125 0.0078125 0.01875
1803 0.15234375 0.9015625 0.0078125 0.01875
1803 0.21875 0.90234375 0.00703125 0.01875
1803 0.23203125 0.903125 0.00703125 0.01875
1803 0.2984375 0.90390625 0.00703125 0.01875
1803 0.31171875 0.9046875 0.00703125 0.01875
1803 0.37890625 0.89375 0.00703125 0.01875
1803 0.45 0.8953125 0.00703125 0.01875
1803 0.52109375 0.89609375 0.00703125 0.01875
1803 0.5921875 0.896875 0.00703125 0.01875
717 0.24140625 0.825 0.028125 0.0359375
736 0.26328125 0.83203125 0.0046875 0.0125
1456 0.26796875 0.81171875 0.01640625 0.01015625
736 0.3140625 0.821875 0.01484375 0.03359375
736 0.34453125 0.82109375 0.01484375 0.03359375
1456 0.3296875 0.821875 0.0140625 0.03359375
736 0.35625 0.82109375 0.00703125 0.01796875
736 0.365625 0.821875 0.00703125 0.01796875
1803 0.46796875 0.796875 0.00703125 0.01875
1803 0.4765625 0.79765625 0.00703125 0.01875
736 0.4859375 0.79765625 0.0078125 0.01796875
736 0.4859375 0.81953125 0.0078125 0.01796875
736 0.67265625 0.8859375 0.0078125 0.01875
736 0.79765625 0.88828125 0.0078125 0.01875
1803 0.70859375 0.86328125 0.01484375 0.01015625
1803 0.77109375 0.86328125 0.01484375 0.01015625
1803 0.834375 0.86484375 0.01484375 0.01015625
1803 0.896875 0.86484375 0.01484375 0.01015625
1803 0.9546875 0.85703125 0.01484375 0.01015625
1803 0.690625 0.8875 0.00703125 0.01953125
1803 0.69921875 0.8875 0.00703125 0.01953125
1803 0.69921875 0.9203125 0.00703125 0.01875
1803 0.68984375 0.9203125 0.00703125 0.01875
1803 0.6890625 0.95390625 0.00703125 0.01875
1803 0.6984375 0.95390625 0.00703125 0.01875
717 0.7265625 0.8875 0.025 0.0265625
717 0.72578125 0.9203125 0.025 0.0265625
717 0.7265625 0.95390625 0.025 0.0265625
717 0.8515625 0.8890625 0.025 0.0265625
717 0.8515625 0.921875 0.025 0.0265625
717 0.8515625 0.95546875 0.025 0.0265625
1803 0.753125 0.8875 0.00703125 0.01953125
1803 0.7625 0.8875 0.00703125 0.01953125
1803 0.76171875 0.92109375 0.00703125 0.01953125
1803 0.753125 0.92109375 0.00703125 0.01953125
1803 0.75234375 0.9546875 0.00703125 0.01953125
1803 0.76171875 0.9546875 0.00703125 0.01953125
1803 0.815625 0.88828125 0.00625 0.01875
1803 0.825 0.8890625 0.0078125 0.01796875
1803 0.815625 0.921875 0.0078125 0.01875
1803 0.82421875 0.921875 0.0078125 0.01875
1803 0.81484375 0.95546875 0.0078125 0.01953125
1803 0.82421875 0.95546875 0.0078125 0.01953125
1803 0.87890625 0.8890625 0.0078125 0.01875
1803 0.8875 0.88984375 0.0078125 0.01953125
1803 0.87421875 0.92265625 0.00703125 0.01875
1803 0.88359375 0.92265625 0.00703125 0.01875
1803 0.87421875 0.95625 0.00703125 0.01953125
1803 0.884375 0.95625 0.00703125 0.01953125
4439 0.95078125 0.82890625 0.02890625 0.0359375
1803 0.92890625 0.8234375 0.0078125 0.01875
717 0.50859375 0.8015625 0.02578125 0.028125
1803 0.834375 0.78984375 0.0078125 0.01875
1803 0.84296875 0.81640625 0.00703125 0.01875
1803 0.85234375 0.81640625 0.00703125 0.01875