725 0.16484375 0.078125 0.0578125 0.0671875
1239 0.115625 0.21953125 0.0796875 0.15546875
1247 0.14765625 0.5015625 0.2953125 0.35625
1235 0.11328125 0.7890625 0.07734375 0.209375
1247 0.21796875 0.28125 0.0625 0.05625
4470 0.2046875 0.1609375 0.01796875 0.03828125
728 0.9375 0.08046875 0.05390625 0.06171875
1655 0.90546875 0.1296875 0.02109375 0.015625
1070 0.91640625 0.15234375 0.01953125 0.0140625
1071 0.88203125 0.16796875 0.02265625 0.01640625
1246 0.8640625 0.28046875 0.06640625 0.2015625
1231 0.91328125 0.32734375 0.02734375 0.18125
1072 0.8953125 0.42265625 0.0078125 0.0296875
2210 0.7984375 0.18046875 0.0078125 0.03359375
1063 0.7703125 0.19609375 0.02734375 0.0265625
785 0.7765625 0.315625 0.00859375 0.0359375
1036 0.75078125 0.19375 0.0078125 0.028125
696 0.73359375 0.17421875 0.01796875 0.02734375
951 0.71328125 0.16953125 0.0171875 0.0140625
2222 0.69921875 0.1921875 0.028125 0.01953125
1865 0.6671875 0.23515625 0.0125 0.04453125
1450 0.72890625 0.28046875 0.0390625 0.0671875
1724 0.75078125 0.3875 0.0203125 0.015625
2111 0.75078125 0.403125 0.01953125 0.015625
684 0.7296875 0.3953125 0.0140625 0.0265625
774 0.6765625 0.3140625 0.0078125 0.03046875
1248 0.671875 0.37265625 0.0609375 0.0546875
2033 0.66015625 0.31484375 0.00859375 0.02890625
1716 0.64921875 0.31484375 0.0078125 0.03125
700 0.659375 0.28125 0.015625 0.03046875
1226 0.9546875 0.63125 0.08671875 0.21484375
686 0.93203125 0.77734375 0.01484375 0.02578125
687 0.93203125 0.80625 0.015625 0.02734375
690 0.93203125 0.834375 0.01875 0.025
729 0.9375 0.93203125 0.05 0.06640625
1507 0.97265625 0.8078125 0.0359375 0.06953125
2206 0.92109375 0.878125 0.01875 0.0171875
1616 0.9203125 0.85859375 0.02265625 0.01796875
2198 0.903125 0.77734375 0.01875 0.015625
2202 0.903125 0.80625 0.01953125 0.015625
2204 0.90234375 0.8328125 0.02265625 0.01875
1043 0.89296875 0.6765625 0.01484375 0.02578125
1060 0.85078125 0.75 0.0171875 0.0265625
2205 0.79609375 0.83515625 0.01328125 0.02265625
1062 0.73203125 0.8171875 0.01328125 0.0265625
1600 0.9796875 0.4875 0.01640625 0.0515625
972 0.9640625 0.49375 0.01171875 0.03359375
1759 0.88046875 0.5046875 0.0078125 0.03359375
1760 0.87109375 0.496875 0.00859375 0.03359375
923 0.84921875 0.47265625 0.0140625 0.025
2128 0.69921875 0.4546875 0.021875 0.03984375
2150 0.68828125 0.475 0.02265625 0.0375
908 0.72421875 0.4515625 0.01328125 0.02109375
1602 0.67890625 0.50625 0.0265625 0.0421875
685 0.66796875 0.475 0.01484375 0.025
2212 0.6875 0.41484375 0.01796875 0.01328125
1222 0.63046875 0.4375 0.0609375 0.053125
1223 0.6046875 0.4984375 0.06171875 0.053125
1225 0.56484375 0.5640625 0.06328125 0.0578125
1227 0.56484375 0.63046875 0.06328125 0.05546875
1233 0.528125 0.71640625 0.034375 0.1015625
1230 0.48984375 0.715625 0.034375 0.103125
1751 0.7203125 0.79609375 0.0140625 0.02421875
1749 0.7125 0.78359375 0.0140625 0.0234375
1747 0.70546875 0.76953125 0.01484375 0.0234375
1059 0.69453125 0.7484375 0.0125 0.0234375
1053 0.67421875 0.72265625 0.01328125 0.025
2193 0.6546875 0.70859375 0.01484375 0.02265625
2192 0.64375 0.68828125 0.01328125 0.02421875
1746 0.6359375 0.721875 0.0234375 0.0390625
1609 0.63359375 0.75390625 0.01484375 0.02578125
1610 0.61640625 0.72734375 0.01640625 0.028125
1180 0.61015625 0.76640625 0.04140625 0.06953125
1236 0.653125 0.7984375 0.0671875 0.10703125
1037 0.5265625 0.84453125 0.02734375 0.021875
1065 0.490625 0.84453125 0.02578125 0.02421875
1350 0.5 0.7953125 0.03984375 0.04375
1635 0.61171875 0.61953125 0.021875 0.0546875
1735 0.61328125 0.5609375 0.009375 0.03984375
1734 0.63046875 0.55625 0.0171875 0.05
2182 0.6484375 0.56015625 0.009375 0.0296875
1014 0.66015625 0.54140625 0.00859375 0.028125
1073 0.65390625 0.4953125 0.0078125 0.0296875
1427 0.43125 0.784375 0.08203125 0.16171875
1349 0.37578125 0.734375 0.02578125 0.06640625
1364 0.34296875 0.734375 0.02578125 0.065625
1363 0.31328125 0.734375 0.0265625 0.0671875
1362 0.2796875 0.73515625 0.028125 0.06875
1479 0.24296875 0.7390625 0.0421875 0.10859375
1237 0.3390625 0.89375 0.08515625 0.1984375
1240 0.17578125 0.94609375 0.09765625 0.05390625
1633 0.184375 0.8890625 0.04921875 0.046875
1615 0.2265625 0.88203125 0.02890625 0.02734375
1613 0.2265625 0.853125 0.0328125 0.02734375
1612 0.2265625 0.82265625 0.03046875 0.02734375
1752 0.1921875 0.83359375 0.02265625 0.0140625
688 0.171875 0.83203125 0.01484375 0.02890625
1614 0.14296875 0.88828125 0.028125 0.02890625
689 0.2671875 0.83125 0.0234375 0.03828125
1467 0.2046875 0.71796875 0.021875 0.02734375
2200 0.2046875 0.6890625 0.021875 0.0140625
1058 0.21328125 0.7484375 0.0171875 0.0140625
4483 0.18671875 0.79609375 0.03359375 0.025
4482 0.18671875 0.76875 0.03125 0.02421875
4481 0.17890625 0.73046875 0.01796875 0.053125
1465 0.1546875 0.6953125 0.02421875 0.02578125
1228 0.44453125 0.64609375 0.03359375 0.1046875
1229 0.4078125 0.64765625 0.0328125 0.1015625
2191 0.38125 0.63671875 0.00859375 0.0328125
1040 0.36796875 0.6625 0.0140625 0.03984375
1361 0.34375 0.646875 0.025 0.06953125
1360 0.31328125 0.64765625 0.02734375 0.06796875
1740 0.32265625 0.584375 0.03046875 0.02421875
1733 0.321875 0.5515625 0.02890625 0.0265625
1603 0.32421875 0.525 0.01875 0.01640625
1601 0.32421875 0.4984375 0.01953125 0.01640625
2145 0.321875 0.47265625 0.028125 0.02109375
1727 0.32265625 0.440625 0.02578125 0.021875
1179 0.3734375 0.49609375 0.034375 0.0765625
1758 0.340625 0.39921875 0.01953125 0.0171875
1716 0.34140625 0.38125 0.02109375 0.015625
2052 0.3453125 0.346875 0.01875 0.0140625
2190 0.47265625 0.62734375 0.00859375 0.028125
551 0.5125 0.61171875 0.02578125 0.07265625
1221 0.3875 0.375 0.04453125 0.12890625
1653 0.43203125 0.4234375 0.02734375 0.02734375
1462 0.159375 0.3140625 0.0265625 0.02734375
699 0.17578125 0.26484375 0.01796875 0.02890625
752 0.259375 0.284375 0.0140625 0.04609375
1028 0.43828125 0.57578125 0.01484375 0.01328125
2186 0.465625 0.57578125 0.0171875 0.0140625
1423 0.45390625 0.5109375 0.0515625 0.08515625
1736 0.421875 0.5703125 0.00859375 0.03203125
1737 0.4046875 0.5703125 0.009375 0.034375
1001 0.396875 0.52265625 0.00859375 0.028125
940 0.396875 0.47890625 0.0078125 0.03046875
830 0.41484375 0.3953125 0.009375 0.03359375
2045 0.4328125 0.39921875 0.0171875 0.01953125
4479 0.18203125 0.1609375 0.0171875 0.053125
4484 0.18984375 0.203125 0.0328125 0.025
4486 0.190625 0.228125 0.034375 0.028125
740 0.225 0.15703125 0.0109375 0.03203125
1504 0.2546875 0.17109375 0.0296875 0.02734375
1514 0.2546875 0.20390625 0.028125 0.0265625
1888 0.23671875 0.240625 0.0296875 0.021875
1921 0.2515625 0.14765625 0.01875 0.0140625
1750 0.2796875 0.16328125 0.009375 0.03203125
1756 0.29140625 0.16484375 0.0125 0.0359375
741 0.271875 0.2390625 0.01484375 0.02421875
1922 0.284375 0.265625 0.01484375 0.025
1944 0.2921875 0.27890625 0.01484375 0.025
763 0.30234375 0.29453125 0.015625 0.02734375
796 0.3109375 0.31484375 0.0234375 0.03828125
1628 0.38125 0.23828125 0.01015625 0.03359375
1617 0.38203125 0.20078125 0.01015625 0.03046875
683 0.33984375 0.31953125 0.015625 0.02578125
701 0.35390625 0.30078125 0.015625 0.02421875
1416 0.32734375 0.22109375 0.07890625 0.134375
2156 0.37265625 0.1640625 0.01015625 0.0359375
2189 0.38515625 0.1640625 0.01015625 0.03515625
1177 0.40625 0.21875 0.01796875 0.065625
1933 0.38671875 0.27421875 0.0203125 0.01484375
2016 0.415625 0.2875 0.009375 0.02890625
2025 0.42265625 0.3125 0.01953125 0.0109375
2045 0.42734375 0.340625 0.009375 0.02890625
1245 0.4578125 0.2640625 0.06328125 0.05703125
1480 0.48984375 0.17890625 0.065625 0.0796875
1714 0.4390625 0.15078125 0.0203125 0.01796875
698 0.53203125 0.2484375 0.0140625 0.025
695 0.5875 0.165625 0.01484375 0.02421875
1720 0.4921875 0.33125 0.0203125 0.015625
807 0.4921875 0.365625 0.0203125 0.015625
1451 0.56484375 0.2859375 0.021875 0.0296875
1983 0.54453125 0.28203125 0.0078125 0.02890625
1972 0.5328125 0.2828125 0.00703125 0.0296875
1441 0.56796875 0.19140625 0.01875 0.03671875
1085 0.61796875 0.20859375 0.0140625 0.01484375
1421 0.4578125 0.34921875 0.04375 0.0625
1430 0.61796875 0.1765625 0.0203125 0.03671875
1876 0.63046875 0.23984375 0.009375 0.0359375
1962 0.58671875 0.28359375 0.01015625 0.03203125
1954 0.59765625 0.28359375 0.009375 0.02890625
2036 0.61328125 0.32109375 0.01875 0.0125
1422 0.6015625 0.353125 0.021875 0.034375
1249 0.5609375 0.37421875 0.0453125 0.1265625
1420 0.521875 0.33828125 0.02578125 0.040625
1358 0.54453125 0.50234375 0.03046875 0.04921875
2157 0.5203125 0.5109375 0.0109375 0.0296875
992 0.503125 0.51484375 0.0140625 0.04453125
2123 0.559375 0.44765625 0.0203125 0.015625
2137 0.56015625 0.4671875 0.01953125 0.015625
929 0.51171875 0.47578125 0.02890625 0.02265625
886 0.51953125 0.42578125 0.00859375 0.02890625
918 0.48984375 0.46484375 0.009375 0.0296875
1768 0.50234375 0.43046875 0.01484375 0.0578125
697 0.4 0.16953125 0.015625 0.02734375
682 0.41796875 0.16484375 0.0140625 0.02734375
691 0.5390625 0.16484375 0.015625 0.021875
1954 0.63125 0.28046875 0.00859375 0.034375
1962 0.61953125 0.28203125 0.00859375 0.03203125
2061 0.62578125 0.359375 0.021875 0.015625
2072 0.625 0.3828125 0.02109375 0.01875
4204 0.16953125 0.03359375 0.03984375 0.025
4266 0.20390625 0.0796875 0.01328125 0.04453125
3508 0.1171875 0.10625 0.02578125 0.025
4241 0.140625 0.13359375 0.02265625 0.02109375
4375 0.1625 0.1328125 0.0234375 0.0203125
3561 0.2046875 0.1296875 0.01796875 0.02265625
2844 0.225 0.13046875 0.01484375 0.02890625
3877 0.24609375 0.13125 0.01796875 0.02109375
4234 0.265625 0.1296875 0.02265625 0.02421875
2693 0.2828125 0.1234375 0.01640625 0.02265625
4341 0.16640625 0.15703125 0.01953125 0.02265625
2644 0.159375 0.1984375 0.0078125 0.02734375
2756 0.159375 0.24375 0.0109375 0.02734375
4367 0.21328125 0.203125 0.0125 0.02734375
4369 0.21328125 0.23046875 0.01328125 0.02421875
4241 0.23046875 0.20234375 0.02265625 0.02109375
3280 0.2328125 0.2203125 0.015625 0.01875
3766 0.25703125 0.22890625 0.015625 0.02578125
32 0.10625 0.21640625 0.0421875 0.0515625
4320 0.1734375 0.28828125 0.02421875 0.025
3269 0.26953125 0.14921875 0.01484375 0.01953125
3555 0.309375 0.1640625 0.0203125 0.0390625
4168 0.27734375 0.1921875 0.0125 0.0234375
4368 0.278125 0.21484375 0.01640625 0.01953125
4179 0.28984375 0.19453125 0.01171875 0.02421875
2845 0.27890625 0.253125 0.021875 0.03359375
3563 0.18046875 0.31796875 0.015625 0.0234375
2644 0.19453125 0.3234375 0.00703125 0.0234375
3516 0.22890625 0.3234375 0.0171875 0.021875
2856 0.25625 0.3203125 0.02265625 0.0234375
3878 0.2765625 0.30078125 0.021875 0.03125
3900 0.2859375 0.3140625 0.02109375 0.03359375
4122 0.35 0.15546875 0.01171875 0.025
4157 0.3625 0.15546875 0.0109375 0.02265625
4318 0.35859375 0.178125 0.02265625 0.02421875
4303 0.4015625 0.14765625 0.02265625 0.01953125
2644 0.390625 0.19765625 0.0046875 0.02109375
2728 0.42421875 0.22265625 0.0140625 0.02109375
2728 0.39375 0.25703125 0.00703125 0.021875
3199 0.371875 0.20234375 0.01171875 0.0265625
3232 0.37109375 0.2375 0.01328125 0.02734375
4304 0.34453125 0.27890625 0.02890625 0.0453125
4323 0.36484375 0.2765625 0.02265625 0.03046875
3889 0.3890625 0.290625 0.0203125 0.02109375
4422 0.40703125 0.2640625 0.015625 0.01953125
3976 0.40625 0.290625 0.0109375 0.03671875
3765 0.453125 0.15390625 0.009375 0.02421875
3648 0.525 0.1515625 0.01484375 0.02265625
3507 0.5125 0.2328125 0.02421875 0.02109375
2644 0.57578125 0.15078125 0.0078125 0.02109375
2682 0.60234375 0.15078125 0.01484375 0.02109375
1449 0.61484375 0.240625 0.0203125 0.0390625
4316 0.6015625 0.1796875 0.01171875 0.03515625
4363 0.58828125 0.1921875 0.01796875 0.02109375
2644 0.49375 0.24609375 0.00703125 0.025
4319 0.51171875 0.25546875 0.0234375 0.01875
3514 0.4984375 0.28125 0.01484375 0.021875
3986 0.44296875 0.303125 0.025 0.02265625
4343 0.4671875 0.30546875 0.02265625 0.021875
4006 0.49296875 0.3140625 0.0234375 0.0234375
3932 0.5125 0.28203125 0.01328125 0.03515625
3943 0.525 0.2828125 0.0125 0.0359375
4342 0.51953125 0.30859375 0.02421875 0.02109375
3490 0.4171875 0.3625 0.01171875 0.03984375
4010 0.42890625 0.3734375 0.0125 0.0375
2784 0.415625 0.33046875 0.00859375 0.02265625
2911 0.4921875 0.34921875 0.0234375 0.02109375
4352 0.63359375 0.16484375 0.01484375 0.02578125
3210 0.63515625 0.2078125 0.01875 0.02578125
3833 0.64140625 0.23984375 0.0140625 0.03984375
4321 0.6453125 0.278125 0.0140625 0.03984375
3822 0.68125 0.23515625 0.01328125 0.040625
3993 0.671875 0.27578125 0.0109375 0.03359375
3997 0.6828125 0.2765625 0.0125 0.0359375
3057 0.7125 0.15390625 0.015625 0.02265625
4317 0.73359375 0.15078125 0.021875 0.0234375
3153 0.73671875 0.1984375 0.015625 0.02109375
4190 0.696875 0.2140625 0.01484375 0.021875
2756 0.7078125 0.23984375 0.0078125 0.021875
4371 0.72578125 0.23828125 0.01796875 0.02265625
2644 0.74140625 0.2375 0.00859375 0.021875
2766 0.7015625 0.259375 0.00859375 0.02265625
2775 0.7015625 0.30703125 0.00859375 0.0203125
2685 0.7546875 0.27109375 0.01328125 0.021875
2680 0.7546875 0.29765625 0.015625 0.021875
4372 0.59296875 0.3109375 0.01484375 0.02109375
3518 0.58984375 0.33046875 0.0125 0.02421875
4001 0.61171875 0.30703125 0.0234375 0.0203125
3921 0.628125 0.32265625 0.0125 0.03828125
3911 0.63984375 0.32265625 0.01171875 0.0359375
2844 0.68828125 0.309375 0.0125 0.0265625
2732 0.68828125 0.33359375 0.0140625 0.02421875
2784 0.715625 0.32421875 0.009375 0.02265625
2671 0.73671875 0.325 0.0140625 0.02109375
2811 0.7265625 0.34609375 0.03828125 0.025
1345 0.4328125 0.06953125 0.32109375 0.1375
1345 0.73125 0.0703125 0.26875 0.140625
1345 0.51484375 0.9375 0.26328125 0.1234375
1345 0.7625 0.9359375 0.21875 0.12578125
4370 0.59921875 0.25 0.0125 0.02890625
2249 0.609375 0.2828125 0.01171875 0.0265625
4344 0.60234375 0.378125 0.0234375 0.02109375
3517 0.70859375 0.3734375 0.01328125 0.02578125
4305 0.728125 0.371875 0.02890625 0.021875
3188 0.7703125 0.171875 0.01796875 0.02109375
2644 0.80703125 0.15234375 0.0078125 0.0203125
4178 0.8109375 0.18671875 0.01484375 0.03984375
2889 0.77578125 0.2796875 0.0125 0.0390625
4205 0.821875 0.28046875 0.015625 0.02734375
4047 0.7734375 0.38125 0.025 0.01953125
4083 0.77109375 0.40078125 0.02421875 0.01875
2644 0.83359375 0.16796875 0.00703125 0.0203125
3515 0.86328125 0.16796875 0.0171875 0.02109375
3196 0.88515625 0.14921875 0.02265625 0.01796875
3766 0.8890625 0.128125 0.0140625 0.0234375
2644 0.9 0.08203125 0.00703125 0.021875
3483 0.9359375 0.0375 0.02890625 0.02109375
4270 0.93515625 0.1265625 0.02734375 0.0203125
2700 0.9015625 0.17109375 0.01015625 0.021875
3195 0.9171875 0.16875 0.02421875 0.01875
2836 0.91171875 0.18828125 0.0171875 0.01953125
3500 0.9125 0.2078125 0.03046875 0.02109375
2745 0.9125 0.22890625 0.0125 0.02109375
3433 0.9625 0.34375 0.04453125 0.21640625
352 0.14765625 0.50234375 0.2078125 0.0921875
3493 0.30390625 0.35390625 0.01328125 0.0359375
4183 0.30234375 0.390625 0.0125 0.03828125
2234 0.56875 0.228125 0.01796875 0.0125
2234 0.5921875 0.22734375 0.01796875 0.0125
2234 0.59296875 0.20859375 0.01796875 0.0125
2234 0.57734375 0.25546875 0.01796875 0.0125
1164 0.54609375 0.22734375 0.01953125 0.01171875
1164 0.5140625 0.38046875 0.0078125 0.0265625
2234 0.528125 0.3828125 0.01015625 0.028125
2867 0.3203125 0.3296875 0.02265625 0.03359375
2900 0.32890625 0.3421875 0.02265625 0.02890625
3201 0.30234375 0.4265625 0.01328125 0.03359375
3200 0.3015625 0.46328125 0.01171875 0.03984375
4209 0.30390625 0.51171875 0.01328125 0.04609375
2645 0.35703125 0.3234375 0.01484375 0.02109375
4018 0.34140625 0.3640625 0.02265625 0.01953125
4241 0.3578125 0.37734375 0.01328125 0.03671875
4181 0.346875 0.41640625 0.021875 0.0203125
2700 0.3609375 0.42734375 0.0078125 0.0203125
4182 0.346875 0.4359375 0.02109375 0.02109375
4083 0.346875 0.45546875 0.02265625 0.01953125
4111 0.34765625 0.475 0.021875 0.021875
3069 0.34609375 0.49921875 0.0234375 0.01953125
3120 0.34609375 0.525 0.0203125 0.02109375
4128 0.346875 0.55546875 0.021875 0.02109375
4156 0.346875 0.57578125 0.02265625 0.021875
3290 0.30234375 0.59921875 0.015625 0.02421875
3291 0.34375 0.6 0.01484375 0.01796875
3490 0.41640625 0.3609375 0.0125 0.0390625
4424 0.37265625 0.4484375 0.015625 0.01953125
2644 0.4046875 0.45 0.00625 0.02265625
2933 0.41640625 0.45703125 0.0125 0.03671875
3564 0.43359375 0.44921875 0.0171875 0.02109375
3692 0.453125 0.4578125 0.021875 0.021875
4494 0.45390625 0.41015625 0.01484375 0.0421875
1164 0.47265625 0.42421875 0.0171875 0.0125
1164 0.471875 0.44375 0.0171875 0.0125
3021 0.48828125 0.4328125 0.01328125 0.03671875
2989 0.53046875 0.4234375 0.01171875 0.03671875
3036 0.521875 0.4515625 0.0203125 0.02109375
2700 0.540625 0.4484375 0.00859375 0.02109375
4103 0.540625 0.46640625 0.0234375 0.02109375
4494 0.378125 0.55546875 0.0234375 0.02109375
2234 0.37890625 0.58203125 0.025 0.02109375
2791 0.328125 0.60546875 0.00859375 0.01875
3157 0.36328125 0.62109375 0.01171875 0.03671875
3498 0.38046875 0.60625 0.021875 0.02109375
3047 0.4078125 0.48828125 0.01171875 0.0359375
4153 0.4078125 0.534375 0.0125 0.0359375
3111 0.4203125 0.496875 0.01328125 0.0375
4152 0.41953125 0.53515625 0.01171875 0.0359375
2644 0.396875 0.58046875 0.0046875 0.02578125
4159 0.3828125 0.6734375 0.01171875 0.034375
2644 0.453125 0.58359375 0.00703125 0.0203125
4345 0.4875 0.5171875 0.0140625 0.04140625
3145 0.48671875 0.56328125 0.021875 0.02109375
4154 0.48671875 0.58359375 0.021875 0.02109375
3497 0.46875 0.596875 0.0125 0.03359375
4218 0.4921875 0.615625 0.01171875 0.0375
4158 0.48125 0.61875 0.01171875 0.03984375
3100 0.503125 0.55625 0.01328125 0.03671875
4123 0.51875 0.54453125 0.0125 0.0375
3499 0.48671875 0.65390625 0.0234375 0.01796875
2644 0.46796875 0.68359375 0.00859375 0.0203125
4089 0.58125 0.45859375 0.02265625 0.02109375
3287 0.565625 0.5 0.01171875 0.0296875
3551 0.58984375 0.40390625 0.0125 0.05078125
2644 0.58671875 0.4359375 0.00546875 0.02109375
4038 0.6078125 0.39921875 0.021875 0.01796875
4027 0.6296875 0.40078125 0.02265625 0.021875
3491 0.66796875 0.425 0.0125 0.034375
3492 0.64140625 0.4890625 0.01171875 0.0390625
3494 0.603125 0.5625 0.01171875 0.03828125
2644 0.6 0.58984375 0.00625 0.0203125
3496 0.584375 0.66953125 0.021875 0.02109375
2644 0.59921875 0.653125 0.00703125 0.01875
3288 0.6296875 0.6234375 0.01171875 0.02734375
2718 0.65234375 0.609375 0.01796875 0.02578125
3089 0.66953125 0.52421875 0.0234375 0.03359375
2644 0.65625 0.471875 0.0125 0.009375
4306 0.67890625 0.4421875 0.0265625 0.03984375
4180 0.709375 0.40078125 0.02109375 0.03359375
4094 0.715625 0.42734375 0.021875 0.03359375
4116 0.7078125 0.44375 0.0234375 0.03828125
3011 0.7390625 0.4296875 0.025 0.03359375
2721 0.6515625 0.640625 0.01875 0.02734375
4160 0.64296875 0.6671875 0.021875 0.0328125
2644 0.7609375 0.4328125 0.01171875 0.02109375
2646 0.7765625 0.42578125 0.0203125 0.03515625
3433 0.8140625 0.4453125 0.05390625 0.096875
2769 0.83359375 0.39453125 0.00859375 0.0203125
2775 0.88828125 0.39296875 0.00859375 0.02109375
3027 0.8625 0.459375 0.0125 0.0375
4187 0.87421875 0.4671875 0.0125 0.03671875
3197 0.8828125 0.42578125 0.01328125 0.0421875
4186 0.88671875 0.47265625 0.01328125 0.0390625
2249 0.84140625 0.49453125 0.01015625 0.015625
3557 0.8703125 0.5359375 0.05625 0.084375
2644 0.91328125 0.425 0.0078125 0.02109375
3079 0.9515625 0.503125 0.0140625 0.03984375
3058 0.99453125 0.503125 0.01015625 0.034375
3637 0.99453125 0.53671875 0.01015625 0.02109375
2771 0.88828125 0.60859375 0.01953125 0.02890625
2770 0.8890625 0.63984375 0.01953125 0.028125
3168 0.89921875 0.6921875 0.02109375 0.03203125
3495 0.9 0.72109375 0.02265625 0.02265625
3687 0.99375 0.7265625 0.0109375 0.02890625
32 0.09453125 0.79609375 0.03046875 0.0484375
3565 0.16171875 0.72109375 0.01328125 0.0265625
3504 0.16015625 0.78671875 0.01015625 0.04609375
2756 0.1609375 0.81875 0.0078125 0.021875
4347 0.17890625 0.6921875 0.02265625 0.01953125
4168 0.22421875 0.6875 0.01328125 0.02578125
3566 0.19765625 0.7421875 0.01484375 0.02109375
3183 0.21484375 0.765625 0.021875 0.01953125
4346 0.21484375 0.78359375 0.021875 0.01953125
4350 0.215625 0.8015625 0.02421875 0.01953125
4171 0.19296875 0.81796875 0.025 0.02109375
3192 0.16015625 0.8546875 0.0125 0.04296875
4309 0.18203125 0.85390625 0.03125 0.02265625
3503 0.24765625 0.8015625 0.02265625 0.021875
3189 0.25234375 0.865625 0.02265625 0.0203125
3191 0.25078125 0.8875 0.02265625 0.0203125
3439 0.26953125 0.878125 0.01328125 0.03984375
4310 0.28203125 0.878125 0.0125 0.0515625
3292 0.28125 0.7828125 0.0171875 0.02265625
2791 0.29609375 0.7796875 0.009375 0.01875
3293 0.31171875 0.78359375 0.01796875 0.01796875
2791 0.328125 0.77890625 0.00859375 0.01796875
3294 0.3421875 0.784375 0.0171875 0.02109375
2791 0.3578125 0.7765625 0.00859375 0.021875
3270 0.3734375 0.78203125 0.0203125 0.02109375
2791 0.3859375 0.78046875 0.0078125 0.0203125
2644 0.37265625 0.80703125 0.00703125 0.0234375
3506 0.2984375 0.8875 0.01328125 0.04375
2843 0.29609375 0.69140625 0.009375 0.02109375
2843 0.32734375 0.6921875 0.009375 0.02109375
2843 0.35859375 0.69296875 0.009375 0.02109375
2728 0.41640625 0.71640625 0.00703125 0.02109375
2700 0.44296875 0.71640625 0.009375 0.0203125
2644 0.4671875 0.71484375 0.00703125 0.02109375
4349 0.46015625 0.8453125 0.0140625 0.03828125
2644 0.4 0.86171875 0.01015625 0.01640625
2791 0.4765625 0.82265625 0.009375 0.02109375
3190 0.50546875 0.86484375 0.02265625 0.01953125
3154 0.5390625 0.8640625 0.0234375 0.02109375
3271 0.53671875 0.7828125 0.021875 0.0234375
2644 0.5515625 0.68984375 0.0078125 0.02265625
3502 0.553125 0.75078125 0.01328125 0.03984375
2843 0.528125 0.8171875 0.0109375 0.02109375
4145 0.55546875 0.8265625 0.0140625 0.03671875
3198 0.5796875 0.78984375 0.01328125 0.0375
4137 0.56796875 0.82734375 0.01171875 0.034375
4151 0.5796875 0.82734375 0.0125 0.0375
3186 0.58984375 0.696875 0.0234375 0.01875
3182 0.58984375 0.715625 0.025 0.01875
2644 0.58359375 0.7375 0.0078125 0.02265625
3127 0.59296875 0.8125 0.01328125 0.0375
4426 0.60703125 0.81171875 0.01484375 0.0328125
3135 0.615625 0.84140625 0.02109375 0.0203125
4155 0.61640625 0.8609375 0.02265625 0.01875
2682 0.63359375 0.8859375 0.0140625 0.02109375
3505 0.6578125 0.85078125 0.02109375 0.0328125
2644 0.671875 0.8578125 0.0078125 0.02265625
2644 0.67421875 0.8171875 0.0078125 0.02265625
4161 0.65625 0.68984375 0.021875 0.0359375
4163 0.653125 0.740625 0.02578125 0.034375
3178 0.68125 0.7140625 0.025 0.0390625
3184 0.6859375 0.7625 0.021875 0.034375
4165 0.690625 0.7953125 0.01953125 0.034375
4167 0.69765625 0.81171875 0.0203125 0.034375
4169 0.70703125 0.825 0.021875 0.0328125
3187 0.73984375 0.83203125 0.021875 0.03203125
1381 0.7671875 0.61953125 0.22890625 0.38046875
2757 0.76015625 0.81796875 0.0140625 0.025
2758 0.78125 0.8171875 0.01640625 0.02578125
4346 0.77109375 0.83828125 0.02265625 0.01953125
3557 0.771875 0.859375 0.0296875 0.02109375
4173 0.803125 0.84765625 0.02109375 0.0328125
2655 0.8171875 0.86328125 0.0140625 0.01953125
3185 0.85703125 0.7625 0.01953125 0.03359375
3495 0.9 0.71953125 0.021875 0.02109375
4437 0.9 0.74375 0.021875 0.02265625
4166 0.88125 0.77890625 0.02421875 0.02109375
4188 0.9734375 0.7515625 0.02265625 0.0171875
2220 0.95390625 0.75390625 0.01875 0.0125
3765 0.91875 0.77734375 0.00703125 0.02109375
2833 0.91875 0.80703125 0.0078125 0.02109375
3438 0.91953125 0.83515625 0.00859375 0.01953125
4170 0.88046875 0.8078125 0.02109375 0.0203125
4172 0.88125 0.83359375 0.0234375 0.01953125
2700 0.94296875 0.76953125 0.00703125 0.021875
2644 0.9875 0.759375 0.0046875 0.01875
3272 0.99453125 0.7765625 0.01015625 0.03671875
4206 0.99453125 0.8171875 0.009375 0.0359375
2728 0.94375 0.84453125 0.00703125 0.01875
2745 0.99140625 0.846875 0.00859375 0.01796875
4375 0.1078125 0.9125 0.0125 0.03984375
3556 0.1203125 0.9140625 0.0125 0.0421875
2791 0.1578125 0.90859375 0.0078125 0.01953125
2728 0.15078125 0.9828125 0.00703125 0.0171875
2644 0.203125 0.98203125 0.00625 0.01875
3273 0.228125 0.9046875 0.02265625 0.01953125
3509 0.23203125 0.9421875 0.0125 0.03828125
3193 0.2515625 0.90859375 0.02421875 0.02265625
3751 0.29765625 0.9328125 0.0125 0.03984375
2762 0.29765625 0.9734375 0.0109375 0.028125
2728 0.29140625 0.8390625 0.0078125 0.0203125
4307 0.88984375 0.85859375 0.0296875 0.0203125
4308 0.890625 0.87890625 0.0296875 0.01796875
4311 0.88984375 0.89765625 0.0296875 0.021875
2644 0.903125 0.93203125 0.00625 0.0203125
3194 0.94453125 0.8640625 0.02421875 0.0203125
4174 0.94453125 0.884375 0.025 0.0203125
3484 0.93828125 0.975 0.02890625 0.0203125
4271 0.97421875 0.93203125 0.01484375 0.0453125
2644 0.13203125 0.078125 0.00625 0.02109375
1780 0.55390625 0.25625 0.0203125 0.01484375
1780 0.478125 0.39765625 0.02890625 0.02890625
1238 0.4421875 0.1921875 0.0328125 0.05859375
277 0.66796875 0.234375 0.00859375 0.01953125
277 0.6984375 0.190625 0.01171875 0.0140625
37 0.7265625 0.2796875 0.0203125 0.0390625
5 0.95390625 0.63046875 0.0375 0.13203125
137 0.77421875 0.6265625 0.1203125 0.18125
262 0.5125 0.61015625 0.0078125 0.028125
310 0.54375 0.496875 0.00859375 0.03125
300 0.378125 0.58125 0.01015625 0.0140625
324 0.50234375 0.7953125 0.01640625 0.01171875