1342 0.05625 0.22265625 0.0796875 0.1796875
1352 0.13125 0.2015625 0.0203125 0.0625
1460 0.1609375 0.2203125 0.0265625 0.06328125
725 0.24453125 0.1953125 0.13125 0.121875
1009 0.31796875 0.20703125 0.01875 0.05703125
1341 0.13671875 0.4984375 0.22578125 0.30546875
1343 0.04375 0.7671875 0.08515625 0.184375
715 0.0984375 0.9 0.03203125 0.025
818 0.13515625 0.90234375 0.01953125 0.01640625
1366 0.11796875 0.81796875 0.05546875 0.1
807 0.14453125 0.7359375 0.0390625 0.0265625
1635 0.2 0.68828125 0.08515625 0.05546875
1358 0.19765625 0.7796875 0.08359375 0.084375
1462 0.26484375 0.7828125 0.04921875 0.0953125
897 0.26875 0.70234375 0.0375 0.028125
714 0.1609375 0.8421875 0.03203125 0.0203125
1994 0.2796875 0.84609375 0.0203125 0.01875
1557 0.29375 0.86875 0.0296875 0.0203125
1598 0.3140625 0.81953125 0.040625 0.03125
908 0.31484375 0.7859375 0.03984375 0.0296875
1447 0.31875 0.73359375 0.04453125 0.06015625
1944 0.26953125 0.6703125 0.03046875 0.0203125
1485 0.3203125 0.6375 0.07421875 0.06171875
1245 0.328125 0.575 0.06171875 0.04921875
1604 0.34609375 0.80078125 0.00859375 0.03203125
1983 0.35703125 0.8015625 0.01015625 0.03359375
2025 0.35234375 0.77421875 0.01953125 0.0140625
2031 0.35625 0.7484375 0.021875 0.015625
1972 0.35859375 0.728125 0.0203125 0.0171875
2016 0.3546875 0.70390625 0.0203125 0.02109375
2005 0.35625 0.68125 0.0203125 0.0140625
875 0.3109375 0.678125 0.02109375 0.01328125
1107 0.284375 0.5484375 0.009375 0.02890625
741 0.271875 0.54921875 0.01015625 0.03125
796 0.25703125 0.54921875 0.009375 0.03046875
1365 0.27578125 0.5015625 0.01640625 0.0359375
785 0.25703125 0.49609375 0.01015625 0.0328125
763 0.25703125 0.453125 0.00859375 0.02890625
774 0.2578125 0.421875 0.01171875 0.0328125
752 0.27578125 0.46328125 0.0109375 0.03125
1348 0.30625 0.46640625 0.0203125 0.04140625
1720 0.35859375 0.49765625 0.01953125 0.02109375
1719 0.35859375 0.5171875 0.02109375 0.01640625
1367 0.3359375 0.2046875 0.01171875 0.03359375
2024 0.3375 0.1640625 0.0171875 0.0140625
1806 0.35546875 0.21796875 0.0203125 0.0140625
4440 0.38671875 0.18125 0.0390625 0.05703125
951 0.4140625 0.18359375 0.009375 0.0296875
1441 0.4484375 0.2375 0.06015625 0.07734375
2189 0.45 0.165625 0.0171875 0.0140625
2200 0.47109375 0.18515625 0.015625 0.0140625
1656 0.49609375 0.28359375 0.01953125 0.0140625
2222 0.46640625 0.30390625 0.009375 0.025
2211 0.47109375 0.33515625 0.0171875 0.015625
1732 0.53515625 0.74765625 0.0203125 0.0140625
2045 0.53515625 0.76796875 0.01796875 0.0140625
1430 0.5796875 0.7625 0.0609375 0.0765625
740 0.61796875 0.8015625 0.0171875 0.015625
852 0.62265625 0.7421875 0.021875 0.01640625
1921 0.6203125 0.72421875 0.021875 0.0171875
2080 0.62421875 0.7765625 0.01953125 0.01640625
1888 0.64375 0.7234375 0.01953125 0.01640625
1721 0.64453125 0.74921875 0.0125 0.03046875
1899 0.6734375 0.72265625 0.0203125 0.01328125
1247 0.72578125 0.79765625 0.12265625 0.1046875
1446 0.8140625 0.74921875 0.03203125 0.04296875
886 0.80234375 0.790625 0.0109375 0.0296875
1933 0.81484375 0.7921875 0.01015625 0.03125
1954 0.82734375 0.7921875 0.009375 0.0328125
1922 0.803125 0.71015625 0.009375 0.03125
1910 0.81484375 0.7109375 0.009375 0.03125
1962 0.8265625 0.7109375 0.009375 0.03203125
1829 0.7953125 0.54140625 0.0109375 0.0109375
1840 0.79453125 0.4796875 0.0109375 0.01015625
1622 0.80625 0.47421875 0.00625 0.01796875
1611 0.80546875 0.546875 0.00625 0.01953125
972 0.69609375 0.25546875 0.01875 0.01328125
981 0.696875 0.27578125 0.0203125 0.0125
992 0.69609375 0.29609375 0.01796875 0.01171875
929 0.72890625 0.25625 0.01953125 0.0125
940 0.7296875 0.2765625 0.01796875 0.0125
952 0.7296875 0.296875 0.01796875 0.01328125
830 0.765625 0.2578125 0.01875 0.0125
853 0.76484375 0.27734375 0.01796875 0.01328125
864 0.76484375 0.29921875 0.01796875 0.01484375
963 0.68984375 0.221875 0.01171875 0.04609375
4493 0.709375 0.21953125 0.01796875 0.05625
4492 0.746875 0.22109375 0.01953125 0.05390625
4491 0.7953125 0.225 0.01171875 0.04453125
841 0.77734375 0.22265625 0.021875 0.05234375
1222 0.9109375 0.1640625 0.09375 0.1
1818 0.89765625 0.54453125 0.0109375 0.01171875
1617 0.9140625 0.5265625 0.01015625 0.009375
1623 0.86328125 0.284375 0.00703125 0.01953125
1851 0.8546875 0.2890625 0.009375 0.009375
1340 0.93203125 0.28203125 0.13046875 0.15078125
1338 0.93203125 0.453125 0.13046875 0.1328125
1221 0.909375 0.73671875 0.1421875 0.296875
1187 0.71171875 0.92578125 0.22265625 0.13359375
1186 0.46484375 0.92578125 0.26171875 0.1390625
1249 0.40625 0.65703125 0.06640625 0.38203125
1248 0.3859375 0.340625 0.06640625 0.2328125
1036 0.42421875 0.29375 0.01015625 0.02890625
1246 0.55625 0.225 0.15078125 0.09765625
1185 0.384375 0.075 0.3203125 0.15
1184 0.68125 0.08515625 0.27265625 0.15546875
1419 0.63828125 0.503125 0.30390625 0.41796875
2033 0.73046875 0.7296875 0.01953125 0.01875
1333 0.33046875 0.315625 0.03125 0.09375
4238 0.1515625 0.09765625 0.03125 0.12578125
2591 0.11171875 0.17578125 0.01875 0.10078125
35 0.0421875 0.21171875 0.03359375 0.05
4410 0.08359375 0.31171875 0.0125 0.02734375
2709 0.15625 0.2734375 0.05859375 0.025
2647 0.2390625 0.27421875 0.0953125 0.025
3561 0.17890625 0.21328125 0.01171875 0.02421875
4266 0.29296875 0.1984375 0.0109375 0.03671875
3120 0.303125 0.20234375 0.009375 0.0375
4336 0.3375 0.24375 0.0140625 0.046875
4333 0.30703125 0.34296875 0.01171875 0.05625
3985 0.35546875 0.1640625 0.01640625 0.01953125
3753 0.35625 0.18125 0.015625 0.01640625
3766 0.35546875 0.19609375 0.015625 0.0171875
3057 0.42734375 0.1625 0.01640625 0.01640625
4363 0.4328125 0.18515625 0.01953125 0.02421875
4168 0.4515625 0.1828125 0.0140625 0.01875
4157 0.47265625 0.16484375 0.01484375 0.015625
2392 0.50390625 0.1671875 0.03046875 0.01796875
3515 0.64375 0.1921875 0.0203125 0.0265625
3079 0.64453125 0.2546875 0.02265625 0.01796875
3089 0.64453125 0.27265625 0.021875 0.01640625
3100 0.64375 0.28984375 0.021875 0.015625
3036 0.67109375 0.2546875 0.021875 0.01484375
3047 0.6703125 0.27421875 0.02265625 0.01484375
3058 0.6703125 0.290625 0.02265625 0.01640625
3069 0.67421875 0.22109375 0.01171875 0.0359375
4432 0.70859375 0.1765625 0.015625 0.0171875
3027 0.72734375 0.184375 0.02109375 0.0203125
4431 0.74609375 0.1765625 0.01484375 0.01875
2944 0.7609375 0.19765625 0.0109375 0.034375
2391 0.80859375 0.18671875 0.04296875 0.03125
4430 0.80703125 0.2265625 0.01171875 0.0234375
2933 0.79296875 0.25859375 0.02265625 0.015625
2956 0.79375 0.27734375 0.02265625 0.0171875
2967 0.79296875 0.2953125 0.02109375 0.0171875
3491 0.85390625 0.1828125 0.015625 0.04609375
4408 0.853125 0.228125 0.0140625 0.01953125
3221 0.85859375 0.2609375 0.0109375 0.0234375
3325 0.8359375 0.290625 0.01796875 0.15234375
3811 0.85546875 0.3140625 0.02109375 0.01953125
258 0.140625 0.47421875 0.0375 0.20546875
4409 0.26328125 0.371875 0.0125 0.0265625
2878 0.28125 0.37734375 0.0234375 0.01875
2867 0.28125 0.39609375 0.0234375 0.01875
2889 0.28125 0.4140625 0.0234375 0.01875
2856 0.3078125 0.39609375 0.0234375 0.01953125
4334 0.3125 0.41484375 0.03203125 0.01875
3269 0.32890625 0.4484375 0.015625 0.01875
3517 0.3421875 0.42578125 0.015625 0.034375
3153 0.4265625 0.32265625 0.0125 0.0234375
4179 0.45 0.33359375 0.0171875 0.02109375
4190 0.4765625 0.2921875 0.01171875 0.02578125
3767 0.5171875 0.28359375 0.02265625 0.0171875
2831 0.4578125 0.53125 0.02578125 0.1765625
3752 0.83515625 0.45 0.01953125 0.11953125
3210 0.8078125 0.45 0.01796875 0.0203125
3800 0.8015625 0.49765625 0.0234375 0.0203125
3789 0.80078125 0.5203125 0.021875 0.01953125
3188 0.81953125 0.54609375 0.01640625 0.01875
4405 0.85703125 0.4484375 0.0140625 0.02265625
3199 0.91640625 0.54296875 0.015625 0.01796875
3778 0.9015625 0.56328125 0.02109375 0.0203125
3288 0.14765625 0.6609375 0.01640625 0.01953125
2911 0.13984375 0.7046875 0.025 0.01875
2900 0.25625 0.5828125 0.01171875 0.03515625
2845 0.27109375 0.5828125 0.01171875 0.0375
3232 0.284375 0.57734375 0.01328125 0.025
4006 0.33515625 0.49609375 0.025 0.01953125
4001 0.334375 0.515625 0.02421875 0.01953125
3514 0.328125 0.53671875 0.02109375 0.02578125
3490 0.821875 0.6234375 0.0171875 0.05078125
3878 0.8 0.67265625 0.01171875 0.03671875
3866 0.8125 0.67265625 0.0109375 0.0375
3921 0.825 0.6734375 0.0125 0.0375
35 0.03046875 0.775 0.03046875 0.05234375
4411 0.07109375 0.85625 0.01484375 0.025
2292 0.1015625 0.70703125 0.01875 0.08671875
4429 0.11640625 0.92109375 0.015625 0.02109375
2922 0.140625 0.921875 0.025 0.01875
4335 0.15546875 0.87734375 0.03125 0.0234375
4428 0.1859375 0.83984375 0.01640625 0.02109375
3287 0.21953125 0.8375 0.01796875 0.02421875
3000 0.25703125 0.72421875 0.025 0.01953125
3563 0.28125 0.725 0.0171875 0.01953125
3954 0.25546875 0.8421875 0.02421875 0.01875
4368 0.3125 0.696875 0.01640625 0.01875
2978 0.33359375 0.67734375 0.02421875 0.01875
3574 0.29296875 0.8921875 0.03203125 0.0203125
3011 0.321875 0.86484375 0.025 0.01875
3021 0.32109375 0.88359375 0.02421875 0.01953125
3518 0.35 0.8296875 0.01640625 0.03125
3965 0.46953125 0.7375 0.02265625 0.0203125
3976 0.46875 0.75625 0.0234375 0.01796875
3932 0.46875 0.77421875 0.0234375 0.01796875
3993 0.46796875 0.7921875 0.02265625 0.01875
3986 0.46796875 0.809375 0.02265625 0.01640625
3127 0.46171875 0.83671875 0.01171875 0.03671875
3943 0.4734375 0.8375 0.01171875 0.0359375
4122 0.53359375 0.72578125 0.0171875 0.01796875
4010 0.52578125 0.7859375 0.021875 0.0203125
2393 0.52890625 0.8390625 0.0453125 0.03046875
4352 0.58984375 0.81484375 0.021875 0.02265625
2394 0.59765625 0.83984375 0.040625 0.02890625
2844 0.62109375 0.82109375 0.0140625 0.01796875
3877 0.6421875 0.79375 0.01484375 0.01875
2955 0.6421875 0.81171875 0.0140625 0.01875
4046 0.6421875 0.83125 0.01484375 0.0203125
3516 0.65703125 0.82890625 0.01484375 0.0328125
4018 0.65546875 0.771875 0.01015625 0.034375
3766 0.65625 0.73828125 0.01328125 0.0171875
3855 0.69453125 0.7234375 0.02265625 0.0171875
3997 0.753125 0.728125 0.021875 0.01953125
4341 0.78046875 0.72109375 0.01875 0.025
4367 0.79296875 0.74765625 0.01015625 0.0265625
2989 0.80234375 0.825 0.01171875 0.0359375
3889 0.81484375 0.82578125 0.01171875 0.0359375
3911 0.82734375 0.8265625 0.0109375 0.03828125
2395 0.2796875 0.63359375 0.034375 0.04375
3280 0.1296875 0.16015625 0.01640625 0.01875
97 0.3859375 0.17890625 0.0125 0.0375
175 0.64609375 0.553125 0.18828125 0.16484375
110 0.68828125 0.37734375 0.1046875 0.053125
354 0.26875 0.66796875 0.01171875 0.01171875
193 0.58125 0.7671875 0.034375 0.046875