1342 0.2626643073706945 0.04976442014041835 0.187828614741389 0.08774308057737185
1352 0.23764742999586813 0.11524308720079382 0.06464438145888893 0.027237111795565115
1460 0.253981598023889 0.14625747422410235 0.06478985182361115 0.03348711179556507
725 0.22384146276527797 0.22638891832631983 0.13608558320625014 0.14526291469812272
1009 0.2310376733463544 0.3007986412844778 0.05835801386770836 0.025456356986241692
1341 0.5336872818194793 0.15680562694132555 0.33085518218006965 0.262911750084818
1343 0.8078501740119446 0.0969048704027216 0.1929525258355554 0.10665677168436441
715 0.9367395466371182 0.16775806214268635 0.02888871941479181 0.03379464664195542
818 0.9368129350298613 0.20444953029152094 0.017660278685347208 0.020912700725639423
1366 0.8534185535709724 0.17655765406798557 0.10617857123840295 0.06771826805616735
807 0.7702793984607293 0.1931697459932848 0.030633057370694418 0.04166171034428623
1635 0.7191175951740973 0.24212311196520112 0.06613545269729179 0.09129961179556512
1358 0.8098880655388196 0.2515378067003907 0.09433318787965277 0.09540675843752044
1462 0.8091081219595836 0.3186434611468945 0.10134560087368065 0.061304576949174815
897 0.7285666367772224 0.31270843047685537 0.03215918977951375 0.04015377404661713
714 0.8747857137152085 0.22257948219828672 0.024201219414791808 0.03363095553496276
1994 0.8712996506449308 0.34111122738896327 0.020821646276527873 0.022584328130301045
1557 0.8927570765567363 0.3574728373704298 0.024164851823611146 0.03206845553496276
1598 0.8423576862641322 0.372105767044677 0.03539329255305575 0.04495040145127884
908 0.8087093848773612 0.3685888974445636 0.033830792553055745 0.04489583774894799
1447 0.7563474510817711 0.3659797634164799 0.0636273953265972 0.05062004809323426
1944 0.6964808353904516 0.30924612457907286 0.024201219414791808 0.03363095553496285
1485 0.6600900469214587 0.35559284572313227 0.07060474715020852 0.08208830290255768
1245 0.5976445983082295 0.3557540476298981 0.056251306420763925 0.06909722958157989
1604 0.8219549204965627 0.4010566570632104 0.0315409407294446 0.01359127404661713
1983 0.8214282436348267 0.411966875212045 0.0346659407294446 0.013700401451278843
2025 0.7947020894745143 0.4040080422724205 0.01609777868534721 0.020858137023308566
2031 0.7689572070656948 0.4046702411839614 0.01773301386770836 0.024037700725639332
1972 0.748662890861285 0.40474216305366023 0.01925914627652787 0.022529764427970278
2016 0.7242986704965627 0.39764642566753194 0.023946646276527872 0.022693455534962846
2005 0.7016424204965628 0.39685525198373456 0.016134146276527872 0.022420637023308564
875 0.7013690103523267 0.3515700338349 0.014608013867708358 0.023928573320977708
1107 0.573915504368403 0.30886912394610067 0.028415940729444422 0.013482146641955416
741 0.5752052474345488 0.2972049376484315 0.031540940729444425 0.01359127404661713
796 0.5764222553183336 0.28241575135076236 0.031540940729444425 0.01359127404661713
1365 0.5275308136389586 0.2947594947273404 0.03793641109416672 0.020059528855940555
785 0.5231881525447919 0.2758730854715133 0.0331034407294446 0.013645837748947986
763 0.48012848356684046 0.27046633365741474 0.0284159407294446 0.013482146641955416
774 0.44882393218006966 0.26703130961079763 0.03473867591180557 0.016825401451278844
752 0.4891768284565975 0.2902976840202344 0.03313980832062491 0.015208337748947986
1348 0.49066724648461835 0.3207937158713999 0.04273301386770836 0.024910719962933037
1720 0.5185026121759378 0.3764087988110244 0.02391027868534721 0.021130955534962848
1719 0.5380884135627086 0.37943459509016014 0.01773301386770836 0.024037700725639422
1367 0.22754965064493082 0.3186309820286507 0.036301175911805574 0.016879965153609698
2024 0.18687009925815998 0.3148685757680484 0.01606141109416668 0.019295637023308564
1806 0.23895992933027807 0.3393254279449667 0.016134146276527872 0.022420637023308564
4440 0.20055204597152806 0.36608633538669527 0.06039329255305557 0.04582342068857255
951 0.20118847881718782 0.39343008538669527 0.029978440729444424 0.013536710344286362
1441 0.25287891859670175 0.43426590571244805 0.08433993882958343 0.0685168762235353
2189 0.18089481582316008 0.42706847540522874 0.01606141109416668 0.019295637023308564
2200 0.19939089589527814 0.45035220798203357 0.01602504350298615 0.017733137023308566
1656 0.2954852991056601 0.4872743438242158 0.01609777868534721 0.020858137023308566
2222 0.31826818246441013 0.45996779935917864 0.025254573138263937 0.011810519237293704
2211 0.3489187704203129 0.4688442915546302 0.017623911094166722 0.01935020072563951
1732 0.7566968624602783 0.5822223223094873 0.016134146276527872 0.022420637023308564
2045 0.7770639138470491 0.5852754004397884 0.01609777868534721 0.020858137023308566
1430 0.7687072064001047 0.6286980182258034 0.08281380642076393 0.07002481252120454
740 0.8048271975663894 0.6713319515282477 0.017623911094166545 0.01935020072563951
852 0.7454340137707992 0.6684772808396751 0.01773301386770836 0.02403770072563951
1921 0.7273743447928478 0.6639435482628702 0.019295513867708357 0.02409226442797028
2080 0.7799181165443408 0.674365182290954 0.017660278685347208 0.02091270072563951
1888 0.7255761086605561 0.687299202709374 0.017660278685347208 0.020912700725639333
1721 0.7514300938429173 0.6913245037978332 0.03317617591180557 0.016770837748947897
1899 0.7231420928929866 0.7168775753047123 0.014571646276527872 0.02236607332097762
1247 0.7940371275622575 0.7778994100584353 0.1186798776591667 0.13528771397248338
1446 0.7405140436904174 0.85955614862569 0.04771145459715278 0.03757441106992552
886 0.7825197057345147 0.853216868588623 0.03157730832062491 0.01515377404661713
1933 0.782810646463959 0.865716868588623 0.0315409407294446 0.01359127404661713
1954 0.7823203371934035 0.8781895867374576 0.03310344072944442 0.013645837748947898
1922 0.7019054853697924 0.844156837918584 0.031540940729444425 0.01359127404661713
1910 0.7021782423036466 0.855875587918584 0.031540940729444425 0.01359127404661713
1962 0.7016697492375007 0.8675670560674187 0.031540940729444425 0.01359127404661713
1829 0.5341906552976743 0.8156622717691825 0.012790940729444599 0.012936509618646851
1840 0.472326434932952 0.8072570055271135 0.011192073138263935 0.011319445916316085
1622 0.46634919186680623 0.8187575007177902 0.018931837955902787 0.008467264427970278
1611 0.5391327284359382 0.826763462876175 0.018931837955902787 0.008467264427970278
972 0.2547551155944103 0.682566996456621 0.014535278685347208 0.02080357332097762
981 0.27512216698118114 0.685620074586922 0.014571646276527872 0.02236607332097762
992 0.2954528507767714 0.6871106527172233 0.014535278685347208 0.02080357332097762
929 0.25395633500920195 0.71532493275429 0.014535278685347208 0.02080357332097762
940 0.2735421363959728 0.7183507290334259 0.014535278685347208 0.02080357332097762
952 0.29389100398715334 0.7206225571637269 0.014535278685347208 0.02080357332097762
830 0.25324847340194506 0.7519891190519592 0.014535278685347208 0.02080357332097762
853 0.2727979071975353 0.7534524153310949 0.014535278685347208 0.02080357332097762
864 0.2939280247887159 0.7557515253125615 0.017660278685347208 0.02091270072563951
963 0.22172441004732693 0.6720461587076729 0.04883754350298615 0.018878974772256463
4493 0.2182727549370839 0.6914409994518458 0.05835801386770836 0.0254563569862416
4492 0.2175830771254173 0.7288864357495151 0.05523301386770836 0.025347229581580068
4491 0.21792922245201454 0.7772966538983496 0.045639808320624996 0.01564484736759475
841 0.2167297451534381 0.7593006220471841 0.055305749050069505 0.028472229581580067
1222 0.15018063763024378 0.884997537293461 0.11017639342673621 0.105327395460829
1818 0.5303227325200007 0.9177877669598591 0.0143534407294446 0.01299107332097762
1617 0.5119182246362161 0.9319767525318887 0.011192073138263935 0.011319445916316085
1623 0.27352656544191045 0.8518353516287641 0.018931837955902787 0.008467264427970278
1851 0.27803222748600764 0.8441865427357567 0.011192073138263935 0.011319445916316085
1340 0.26653298945385495 0.9202852512659444 0.1642833183886112 0.1493700613400783
1338 0.4371909815700702 0.933736382256394 0.14705945079743063 0.13252723548721193
1221 0.7206756287965286 0.9313963660567343 0.3114492591180557 0.13720726788653154
1187 0.9217993784184724 0.7792759155007309 0.15640124316305518 0.23815974282842395
1186 0.9276925081681252 0.5345908980775358 0.14461498366374953 0.27878474282842375
1249 0.6746266320275698 0.4435293553417791 0.3882286582443751 0.11191473447572146
1248 0.3602361704965628 0.38493308302444257 0.23950021751493064 0.0942311827542901
1036 0.3102368237069448 0.41675351269868977 0.028415940729444422 0.013482146641955416
1246 0.2334769147969796 0.5397520138798161 0.1130481267092363 0.16163195916315978
1185 0.0955917890376739 0.3507118173305279 0.18274629692145863 0.33892363466105585
1184 0.09545219756638942 0.6465600306700391 0.16755640159486135 0.28999506134007813
1419 0.5062624109972574 0.6554415343830542 0.45164176728618094 0.3545585914619632
2033 0.7260501937666672 0.7747446390070432 0.020785278685347207 0.021021828130301047
1333 0.3385780696228822 0.3264112548941414 0.09778418977951393 0.042445449544513104
4238 0.13243325313413204 0.12249753729346102 0.12754442496187504 0.046607159888799335
2591 0.21291953371934036 0.09252234981466553 0.10221711664125 0.03167164065150563
35 0.25199891109416667 0.027534756075267786 0.05399782218833336 0.0393551658792491
4410 0.3500376740119445 0.08091770561978084 0.03005117591180557 0.016661710344286273
2709 0.307106598023889 0.14811264010335146 0.031105836056041714 0.061974210344286275
2647 0.3027840803564585 0.23070688529402802 0.03506729065319458 0.09802083774894799
3561 0.2458060753224654 0.16392612386128266 0.026889808320625087 0.01499008293962456
4266 0.2241876080918752 0.2747991364751544 0.039389808320625 0.015426592558271413
3120 0.22678593123013915 0.2858184820286507 0.037790940729444424 0.013809528855940556
4336 0.2659400034184725 0.3246552927357566 0.04887391109416672 0.02044147477225646
4333 0.3669933571419447 0.3063269333872623 0.05821254350298606 0.019206356986241603
3985 0.1857258265567364 0.33278276206571755 0.020712543502986146 0.017896828130301135
3753 0.2029678779435072 0.33572671279135696 0.017587543502986146 0.01778770072563942
3766 0.2178298117390975 0.33702631796350013 0.019150043502986148 0.017842264427970277
3057 0.179586235751042 0.4043849435540633 0.017587543502986146 0.01778770072563951
4363 0.20162488991135455 0.41218008538669526 0.02703527868534721 0.021240082939624472
4168 0.19815505100552117 0.43079367613086816 0.020676175911805574 0.016334328130301046
4157 0.17907839589527813 0.4496428798517325 0.017587543502986146 0.01778770072563951
2392 0.17902449771888929 0.48086559800056705 0.022638719414791675 0.03357639183263199
3515 0.19481576472072967 0.6227083576192138 0.028634146276527783 0.022857146641955418
3079 0.2574612350854519 0.6311409057124481 0.020858013867708358 0.024146828130301046
3089 0.27546635267663244 0.633330888289253 0.01773301386770836 0.02403770072563951
3100 0.29267203647222273 0.6347123390148923 0.01773301386770836 0.02403770072563951
3036 0.2557357341355214 0.6576215601589517 0.01773301386770836 0.02403770072563951
3047 0.27528516793111163 0.6590848564380876 0.01773301386770836 0.02403770072563951
3058 0.2917277855222922 0.6612202753125616 0.01773301386770836 0.02403770072563951
3069 0.2221419841355214 0.6564484405588384 0.037863675911805575 0.016934528855940555
4432 0.17519490216354225 0.6852529976377473 0.019150043502986148 0.017842264427970277
3027 0.1818994970532992 0.7050025024470707 0.02242051386770836 0.02420139183263199
4431 0.1729427243518756 0.7226438702330856 0.020712543502986146 0.017896828130301044
2944 0.19285583405927148 0.7397321665122213 0.036264808320624994 0.015317465153609789
2391 0.17910311179468813 0.7860888113400781 0.03542966014423614 0.04651290145127902
4430 0.21898322938586873 0.789042685749515 0.025327308320625 0.014935519237293703
2933 0.2515411562476048 0.7792510234984629 0.01773301386770836 0.02403770072563951
2956 0.27034570763437565 0.7822495379264331 0.019295513867708357 0.02409226442797028
2967 0.28833264142996595 0.7836582705032381 0.019259146276527785 0.022529764427970278
3491 0.17232708814333403 0.8303472428284238 0.04891027868534721 0.02200397477225664
4408 0.21771232332569515 0.8350545901960187 0.020676175911805574 0.016334328130301046
3221 0.24994359507718816 0.8447668960938012 0.025290940729444423 0.013373019237293704
3325 0.28150206639184094 0.8255729519915839 0.15541485182361114 0.036651806530754526
3811 0.3031049626683687 0.8481845619730504 0.020858013867708358 0.024146828130301046
258 0.5087236494106598 0.15749510770403186 0.2106478656913195 0.061999036112334684
4409 0.3988602997712502 0.2668477711362102 0.028452308320625085 0.015044646641955418
2878 0.4031847770698266 0.2849529303920374 0.020894381458888844 0.025709328130301135
2867 0.42197114466100716 0.28717019482000766 0.020894381458888844 0.025709328130301135
2889 0.43997626225218767 0.2893601773968125 0.020894381458888844 0.025709328130301135
2856 0.4202456437110767 0.3136508492665114 0.020894381458888844 0.025709328130301135
4334 0.4383598640757988 0.3205283318433162 0.022638719414791807 0.03357639183263199
3269 0.4708457089655559 0.34117813774109873 0.020712543502986236 0.017896828130301044
3517 0.4476627821038197 0.3512971822061359 0.036373911094166725 0.0200049651536097
3153 0.33927036027607677 0.42323169119181053 0.025327308320625085 0.014935519237293703
4179 0.34842780793937533 0.44775054155463023 0.02387391109416672 0.019568455534962937
4190 0.3059863880114934 0.4689062897405318 0.026889808320624996 0.014990082939624472
3767 0.29441376158659766 0.508313530121885 0.019295513867708357 0.02409226442797028
2831 0.5458846893982642 0.47962556804831813 0.1790705573706944 0.046845262065717465
3752 0.44040494091687565 0.8443924177781656 0.12100348423243049 0.03388890507947586
3210 0.44211225807121596 0.8171305133316619 0.022347778685347208 0.021076391832632168
3800 0.4897139566844452 0.8164509562527531 0.022456881458888845 0.02576389183263217
3789 0.5124065742756256 0.8188046299365505 0.020858013867708358 0.024146828130301046
3188 0.5371162867565632 0.8407441173226786 0.020712543502986236 0.0178968281303014
4405 0.4370078371934035 0.8661310085223384 0.023801175911805573 0.016443455534962938
3199 0.5276341436141674 0.9364286395551973 0.02071254350298606 0.017896828130301044
3778 0.5492000190891326 0.9239112813878293 0.02242051386770836 0.024201391832632167
3288 0.6952066632783682 0.18742568828140369 0.020712543502986236 0.017896828130301135
2911 0.7388657443004167 0.18504722194666767 0.02093074905006951 0.027271828130301136
2900 0.6100523729095142 0.2851513709508758 0.036301175911805574 0.016879965153609698
2845 0.6088353650257294 0.2999405572485449 0.03942617591180557 0.016989092558271413
3232 0.6028944895507641 0.3130035524392215 0.02688980832062491 0.01499008293962456
4006 0.5179570983082294 0.3529712988110244 0.02093074905006951 0.027271828130301136
4001 0.53752471589941 0.35521584509016013 0.02093074905006951 0.027271828130301136
3514 0.5592906131258684 0.3512922369227921 0.027108013867708357 0.024365082939624562
3490 0.6138788085080563 0.8520114887368907 0.05207164627652787 0.023675602176918175
3878 0.6650412650050701 0.8366245909138088 0.03942617591180557 0.016989092558271322
3866 0.6637697057345147 0.849070027211478 0.03938980832062491 0.015426592558271324
3921 0.6640606464639591 0.8615700272114779 0.03942617591180557 0.016989092558271322
35 0.8161529832825 0.08470497076554132 0.05708645459715278 0.037901793283910815
4411 0.8946059448135071 0.13506212403091866 0.026962543502986235 0.01811508293962456
2292 0.7434434883164931 0.14695694490482566 0.08968074905006951 0.02967263103285882
4429 0.9567253915268751 0.18797135842182205 0.02383754350298588 0.01800595553496285
2922 0.9557265891901737 0.2121355447194912 0.02093074905006951 0.027271828130301136
4335 0.9106686623284377 0.22149069735189636 0.027326219414791807 0.03374008293962456
4428 0.870661911378507 0.24663454109129415 0.02383754350298588 0.01800595553496276
3287 0.8667563145888891 0.28006459998430155 0.02703527868534721 0.021240082939624472
3000 0.7509864974345488 0.30334335416065283 0.02093074905006951 0.027271828130301136
3563 0.7499876950978475 0.327507540458322 0.020748911094166544 0.019459328130301136
3954 0.8691552691860419 0.31605666368663243 0.02093074905006951 0.027271828130301046
4368 0.7201917455346878 0.3553497982628703 0.020712543502986236 0.017896828130301135
2978 0.6995525904244447 0.3741444382814037 0.02093074905006951 0.027271828130301136
3574 0.9162309441479171 0.35985379290539266 0.024201219414791808 0.03363095553496285
3011 0.8871616931979863 0.3853795825611064 0.02093074905006951 0.027271828130301046
3021 0.9059298769935766 0.38681559698907664 0.02093074905006951 0.027271828130301223
3518 0.8502435746568754 0.4090700537051658 0.03324891109416654 0.019895837748947896
3965 0.7504819236306949 0.5164336312024947 0.02242051386770836 0.02420139183263199
3976 0.7692501074262852 0.5178696456304651 0.020894381458888844 0.025709328130301044
3932 0.7872552250174657 0.5200596282072698 0.020894381458888844 0.025709328130301044
3993 0.805242158813056 0.5214683607840748 0.02085801386770818 0.024146828130301046
3986 0.8224660264042367 0.5236310615097142 0.017733013867708536 0.024037700725639332
3127 0.8505001074262852 0.5207069581516695 0.03942617591180557 0.016989092558271322
3943 0.8499916143601393 0.5323984263005042 0.037863675911805575 0.016934528855940555
4122 0.7347491272779172 0.5783334304768554 0.02074891109416672 0.019459328130301046
4010 0.7956320758911464 0.5781176648677587 0.02242051386770818 0.02420139183263199
2393 0.8481576638470489 0.5877580488958424 0.035502395326597026 0.049637901451278665
4352 0.81983394851632 0.6453150885515562 0.023983013867708534 0.024255955534962938
2394 0.8442709040634032 0.6555358259376844 0.03223192496187508 0.04327877404661713
2844 0.824467550339931 0.6767014978073833 0.020676175911805574 0.016334328130301046
3877 0.7959977114340978 0.6944420693142626 0.020712543502986236 0.017896828130301044
2955 0.8140028290252783 0.6966320518910674 0.020676175911805574 0.016334328130301046
4046 0.833570446616459 0.6988765981702031 0.02227504350298588 0.017951391832631815
3516 0.8300096887326742 0.7135839389143759 0.03481141109416654 0.019950401451278844
4018 0.772832968367952 0.7053423637792997 0.03466594072944442 0.013700401451278843
3766 0.739184666981181 0.7018254941791863 0.01907730832062491 0.014717264427970278
3855 0.7220705553739242 0.7379167616023814 0.019295513867708357 0.02409226442797028
3997 0.7234343400431951 0.7965105116023814 0.020858013867708358 0.024146828130301046
4341 0.7146775890932646 0.8227456293883962 0.02703527868534721 0.021240082939624472
4367 0.7400230812094799 0.8384623986256899 0.026817073138263935 0.011865082939624471
2989 0.8169674409168757 0.8575422700399018 0.037863675911805575 0.016934528855940555
3889 0.8164771316463202 0.8700149881887365 0.037863675911805575 0.016934528855940555
3911 0.8167680723757647 0.8825149881887364 0.03938980832062491 0.015426592558271324
2395 0.6591444895507641 0.3149678457231323 0.04774782218833344 0.039136911069925694
3280 0.19611389342673619 0.10832839908902611 0.020712543502986146 0.017896828130301135
97 0.1981901121759378 0.365223239833199 0.03942617591180557 0.016989092558271413
175 0.5549726679311118 0.6688517591553106 0.18594141926229177 0.20789188947037934
110 0.37746591698118115 0.6891939970895932 0.065045731382639 0.11155754809323426
354 0.6941189015948612 0.30838302902557657 0.014389808320624909 0.014553573320977708
193 0.7734310739912853 0.6304242093327959 0.05090918977951393 0.04080853847458741