725 0.87109375 0.8348027760705035 0.075 0.07199371838316751
1239 0.72421875 0.8731212037375397 0.165625 0.11061373226282782
1247 0.4484375 0.8095440692506448 0.39375 0.34867014651162903
1235 0.16015625 0.8327054711609445 0.21875 0.1202681369509051
1247 0.67734375 0.7659688402270193 0.0640625 0.07441781153562203
4470 0.79453125 0.7889278740033202 0.0390625 0.025940738741233104
728 0.97109375 0.061988234892946914 0.0578125 0.0646422933370249
1655 0.9234375 0.09082343615725122 0.01875 0.024639054595791875
1070 0.90234375 0.07811268507751705 0.0171875 0.021413925046142524
1071 0.88203125 0.11144561922295822 0.01875 0.024639054595791875
1246 0.76796875 0.12109882634735866 0.209375 0.10716735965300903
1231 0.728125 0.06818337986341635 0.1828125 0.06484015730897057
1072 0.63125 0.07907891194167427 0.03125 0.01450259099298643
2210 0.8578125 0.1942476272425227 0.034375 0.014702850092285091
1063 0.83828125 0.2212804966131392 0.0296875 0.03315246144333717
785 0.72109375 0.20535271283683834 0.0375 0.01646560919158375
1036 0.83828125 0.2408117466131392 0.0296875 0.012839961443337166
696 0.85546875 0.2592415715669967 0.0296875 0.023777461443337165
951 0.85703125 0.2802351920173473 0.015625 0.01975129549649317
2222 0.8328125 0.29194345003691186 0.021875 0.031089313695090492
1865 0.78515625 0.32077865130121613 0.0453125 0.021653756939830338
1450 0.74921875 0.2558941309431505 0.071875 0.0530434592838688
1724 0.64609375 0.2257839312200057 0.01875 0.023076554595791877
2111 0.63046875 0.22444147671649892 0.01875 0.021514054595791875
684 0.6359375 0.24674727329272628 0.028125 0.018989831893687813
774 0.70859375 0.30537249923403287 0.0328125 0.014602720542635695
1248 0.65 0.30600235734588244 0.0625 0.07119268198597287
2033 0.70546875 0.3219790083333315 0.0296875 0.014402461443337077
1716 0.70390625 0.33301663788298086 0.0328125 0.014602720542635695
700 0.7390625 0.3252949730158711 0.0328125 0.022415220542635693
1226 0.4328125 0.034267971160944585 0.225 0.06853594232188917
686 0.28515625 0.015320107188998894 0.0265625 0.02045220234403846
687 0.25703125 0.013216189082686675 0.0296875 0.0206524614433371
690 0.22890625 0.011475468461609174 0.028125 0.022950936923218347
729 0.1328125 0.014864733960871046 0.071875 0.02972946792174209
2206 0.184375 0.018653463141380104 0.0203125 0.021614184145441175
1616 0.203125 0.020576908545588253 0.021875 0.0264018136950905
2198 0.28125 0.044476681063122206 0.01875 0.021514054595791855
2202 0.253125 0.041591512956809976 0.01875 0.021514054595791855
2204 0.2265625 0.040949965300848434 0.021875 0.026401813695090492
1043 0.3796875 0.061606019435214966 0.0265625 0.02045220234403846
1060 0.3015625 0.09864374691768103 0.028125 0.02211483189368777
2205 0.209375 0.14673889034699097 0.0234375 0.0171269432447398
1062 0.21796875 0.21181317782391967 0.028125 0.017427331893687815
1600 0.57890625 0.001052102099482491 0.053125 0.002104204198964982
972 0.57109375 0.007277069712070161 0.0359375 0.014554139424140322
1759 0.5484375 0.08751077807308828 0.034375 0.014702850092285068
1760 0.5546875 0.09726650987449101 0.0359375 0.016365479641934376
923 0.57578125 0.12091476095422515 0.0265625 0.018889702344038462
2128 0.57265625 0.2726775200535238 0.04375 0.029366127390180984
2150 0.55078125 0.2818918337486143 0.040625 0.029165868290882368
908 0.57890625 0.2472770018549265 0.0234375 0.017126943244739755
1602 0.51875 0.28863198951642544 0.0453125 0.03571625693983034
685 0.5484375 0.30235452807308827 0.0265625 0.02045220234403846
2212 0.61015625 0.28746191086194006 0.015625 0.02131379549649317
1222 0.5796875 0.34253943708010187 0.0609375 0.07109255243632351
1223 0.51640625 0.36378218384089933 0.0609375 0.0726550524363235
1225 0.4453125 0.39802557834994345 0.065625 0.07451794108527157
1227 0.3796875 0.39363726943521493 0.0640625 0.07441781153562221
1233 0.28984375 0.42361346854005094 0.1046875 0.05514617982650449
1230 0.28515625 0.4614138571889989 0.10625 0.055246309376153845
1751 0.2375 0.2254053084533032 0.0265625 0.018889702344038462
1749 0.2484375 0.2340794016057579 0.025 0.018789572794389107
1747 0.26171875 0.24260330043373868 0.025 0.02035207279438911
1059 0.28125 0.25463293106312224 0.025 0.01722707279438911
1053 0.30390625 0.27739980259320707 0.0265625 0.01732720234403846
2193 0.31484375 0.2977926457456618 0.0234375 0.020251943244739844
2192 0.33359375 0.30987234114986995 0.0265625 0.01732720234403846
1746 0.29921875 0.31520019124215504 0.0421875 0.030828497840531634
1609 0.2671875 0.31490909700996605 0.0265625 0.02045220234403846
1610 0.29140625 0.3344508389904016 0.0296875 0.020652461443337166
1180 0.2515625 0.3377853925064593 0.0734375 0.05470608883351815
1236 0.22578125 0.29256253007567307 0.1140625 0.08855945712440043
1037 0.1625 0.41536777683647064 0.025 0.032852072794389106
1065 0.1578125 0.4516056654854186 0.028125 0.029927331893687813
1350 0.2078125 0.44527651989664035 0.0484375 0.04997901603912887
1635 0.396875 0.34722334438907243 0.0578125 0.03339229333702489
1735 0.45546875 0.35049973627722286 0.0421875 0.018328497840531633
1734 0.4625 0.333642903303801 0.0515625 0.02674177513842757
2182 0.4609375 0.31499303285345026 0.03125 0.01606509099298643
1014 0.48125 0.30509759870800907 0.0296875 0.014402461443337167
1073 0.52578125 0.31474390654300344 0.03125 0.01450259099298643
1427 0.20859375 0.5147577051218157 0.171875 0.11413925046142523
1349 0.25078125 0.5745542072812839 0.06875 0.0387807001845701
1364 0.24609375 0.606885845930232 0.06875 0.0387807001845701
1363 0.2421875 0.6368236698043552 0.0703125 0.04044332973421945
1362 0.23671875 0.6699866232281279 0.071875 0.0421059592838688
1479 0.22734375 0.7065249005260238 0.1140625 0.06355945712440043
1237 0.0953125 0.5985795974713914 0.190625 0.1247158050572171
1240 0.02265625 0.7571418715300848 0.0453125 0.10759125693983033
1633 0.07109375 0.7540378554909559 0.053125 0.05965440468807692
1615 0.08359375 0.7126118190937614 0.03125 0.033252590992986344
1613 0.1125 0.7146656724252489 0.0328125 0.03804022054263569
1612 0.1421875 0.7166694609819118 0.0328125 0.03647772054263569
1752 0.1265625 0.750483256478405 0.0171875 0.024538925046142523
688 0.12578125 0.7708458212532296 0.0296875 0.02065246144333699
1614 0.065625 0.7950133089147285 0.03125 0.03325259099298652
689 0.13984375 0.6754134053063858 0.040625 0.030728368290882456
1467 0.24296875 0.7461486050295306 0.03125 0.027002590992986342
2200 0.271875 0.7489837083610181 0.0171875 0.024538925046142523
1058 0.2140625 0.735501001698043 0.015625 0.01975129549649317
4483 0.16328125 0.758286462061646 0.0296875 0.037839961443337164
4482 0.190625 0.7604404449427828 0.0296875 0.03627746144333699
4481 0.22734375 0.7713686505260238 0.0546875 0.030067034237726276
1465 0.25859375 0.7982723095330374 0.028125 0.029927331893687813
1228 0.34765625 0.5120961752030261 0.1078125 0.055346438925803196
1229 0.340625 0.5492655081764479 0.1046875 0.05358367982650449
2191 0.3484375 0.5761086104282014 0.034375 0.016265350092285046
1040 0.32109375 0.5872358775470645 0.0421875 0.023015997840531634
1361 0.3328125 0.6130474059246946 0.071875 0.0389809592838688
1360 0.328125 0.6430352945736425 0.071875 0.0421059592838688
1740 0.39140625 0.638980047812845 0.0296875 0.03627746144333699
1733 0.42421875 0.6423460772702093 0.0296875 0.033152461443336986
1603 0.45078125 0.6414251249261709 0.01875 0.021514054595791875
1601 0.47734375 0.6436291725821324 0.01875 0.021514054595791875
2145 0.50234375 0.6482770997877433 0.025 0.032852072794389106
1727 0.534375 0.6493494440199321 0.025 0.02972707279438911
1179 0.4859375 0.5946409600590611 0.08125 0.050519236581764736
1758 0.57734375 0.6348771314045758 0.0203125 0.02161418414544123
1716 0.5953125 0.6352881415836087 0.01875 0.024639054595791875
2052 0.63046875 0.6338164767164989 0.0171875 0.021413925046142524
2190 0.3703125 0.4856442967331109 0.0296875 0.014402461443337167
551 0.39140625 0.446792547812845 0.075 0.0391812183831675
1221 0.6078125 0.5899558551864141 0.1328125 0.06944851172019231
1653 0.56640625 0.541828038252121 0.03125 0.033252590992986344
1462 0.63671875 0.8224784585179016 0.03125 0.03169009099298634
699 0.6875 0.8098492481542987 0.0296875 0.02377746144333699
752 0.6796875 0.7244123959025452 0.0484375 0.023416516039128865
1028 0.41640625 0.5240967250184558 0.0140625 0.01808866594684382
2186 0.4203125 0.4965026511443327 0.015625 0.01975129549649317
1423 0.4828125 0.5128099691583599 0.090625 0.06830751387966068
1736 0.41953125 0.5410839659191573 0.0328125 0.016165220542635694
1737 0.4171875 0.5576404102436313 0.0359375 0.0163654796419344
1001 0.46328125 0.5695303385289763 0.0296875 0.014402461443337167
940 0.50625 0.57224552591362 0.0328125 0.014602720542635695
830 0.5921875 0.5612696506829072 0.0359375 0.0163654796419344
2045 0.590625 0.5426197802325566 0.0203125 0.02161418414544123
4479 0.79140625 0.8110031331026188 0.0546875 0.028504534237726274
4484 0.75078125 0.8003252513935012 0.0296875 0.03783996144333699
4486 0.7265625 0.7979710094130658 0.0328125 0.039602720542635694
740 0.8015625 0.7689460410298983 0.0328125 0.017727720542635696
1504 0.79140625 0.7383468831026189 0.03125 0.03481509099298634
1514 0.759375 0.7357120388704299 0.0296875 0.033152461443336986
1888 0.7203125 0.7507152776116629 0.0265625 0.03451470234403846
1921 0.8140625 0.7431450046327037 0.0171875 0.021413925046142524
1750 0.803125 0.7133771614802489 0.0328125 0.016165220542635694
1756 0.803125 0.7016584114802489 0.0375 0.01959060919158375
741 0.7265625 0.7159397594130656 0.0265625 0.02045220234403846
1922 0.70234375 0.7010855174326301 0.0265625 0.02045220234403846
1944 0.68984375 0.6925115538298248 0.0265625 0.02045220234403846
763 0.67578125 0.6809127197766687 0.0296875 0.02065246144333699
796 0.65703125 0.6711767743724605 0.040625 0.03072836829088228
1628 0.74296875 0.6062946491417478 0.0359375 0.0163654796419344
1617 0.7796875 0.6086291047249888 0.0328125 0.016165220542635694
683 0.65625 0.6415393391472851 0.0265625 0.02045220234403846
701 0.6765625 0.6293001550018439 0.0265625 0.02045220234403846
1416 0.75234375 0.6619438718438518 0.14375 0.1045244185677376
2156 0.81484375 0.6204386898578791 0.0375 0.01646560919158375
2189 0.81640625 0.6078385603082297 0.0359375 0.0163654796419344
1177 0.765625 0.5829677706718327 0.0671875 0.03243057063492074
1933 0.7078125 0.5983913140088575 0.01875 0.023076554595791877
2016 0.6984375 0.5685233413067534 0.0296875 0.014402461443336989
2025 0.675 0.5590877845514933 0.0140625 0.021213665946843818
2045 0.64765625 0.5522463016703564 0.0296875 0.014402461443337167
1245 0.728125 0.5283396298634163 0.0640625 0.07441781153562221
1480 0.81640625 0.5023698103082297 0.0875 0.08216975478036197
1714 0.8375 0.5549243113879638 0.021875 0.02483931369509058
698 0.75390625 0.45481249229420256 0.0265625 0.018889702344038462
695 0.84296875 0.40613635796419123 0.0265625 0.02045220234403846
1720 0.66640625 0.4885447470745645 0.01875 0.023076554595791877
807 0.63203125 0.48606009716684967 0.01875 0.023076554595791877
1451 0.72109375 0.41941521283683836 0.0328125 0.028665220542635695
1983 0.721875 0.43967764806201365 0.0296875 0.012839961443336989
1972 0.71953125 0.4515465923864877 0.0296875 0.012839961443336989
1441 0.81484375 0.42356368985787896 0.0390625 0.025940738741233104
1085 0.8046875 0.37187078193059964 0.0171875 0.016726425046142523
1421 0.64375 0.5212466255444796 0.06875 0.05596820018457009
1430 0.83671875 0.37450562616278854 0.040625 0.02760336829088228
1876 0.77578125 0.35731692859911207 0.0375 0.01646560919158375
1962 0.7265625 0.3979710094130657 0.0328125 0.016165220542635694
1954 0.728125 0.38693337986341636 0.0296875 0.014402461443337167
2036 0.69296875 0.36809254473052605 0.015625 0.02131379549649317
1422 0.659375 0.37727658004798653 0.0375 0.028965609191583752
1249 0.6328125 0.41647878239202496 0.13125 0.07091088217054295
1420 0.66328125 0.45827625617386314 0.04375 0.03249112739018116
1358 0.50390625 0.4231769702380939 0.053125 0.04090440468807692
2157 0.4921875 0.4465841918604639 0.03125 0.01762759099298634
992 0.4859375 0.4633909600590611 0.0453125 0.023216256939830336
2123 0.56015625 0.41254105645071837 0.01875 0.023076554595791877
2137 0.540625 0.41066767582133484 0.01875 0.021514054595791875
929 0.52578125 0.4577126565430034 0.025 0.032852072794389106
886 0.5765625 0.45367719617940044 0.0296875 0.014402461443336989
918 0.53359375 0.48064950879475693 0.03125 0.016065090992986343
1768 0.56953125 0.47053402915282244 0.059375 0.027242422886674156
697 0.81328125 0.5931950694075283 0.0296875 0.02065246144333699
682 0.8203125 0.5755569864341064 0.0296875 0.019089961443336988
691 0.8375 0.4541430613879639 0.0234375 0.020251943244739758
1954 0.7359375 0.35362023211516974 0.0359375 0.0163654796419344
1962 0.7328125 0.3647579912144684 0.0328125 0.016165220542635694
2061 0.65703125 0.35320802437246046 0.01875 0.024639054595791875
2072 0.63359375 0.35158496761720026 0.021875 0.026401813695090492
4204 0.915625 0.8335115839054978 0.0296875 0.04565246144333699
4266 0.875 0.7954899521963802 0.0453125 0.021653756939830338
3508 0.83671875 0.8799743761627884 0.028125 0.029927331893687636
4241 0.8125 0.854963884182353 0.025 0.02660207279438893
4375 0.81640625 0.8328385603082296 0.0234375 0.028064443244739577
3561 0.82578125 0.7908315330103337 0.025 0.023477072794389108
2844 0.82734375 0.7704189034606845 0.0296875 0.02065246144333699
3877 0.8296875 0.7499562091362104 0.025 0.023477072794389108
4234 0.834375 0.7301245704872625 0.028125 0.028364831893687815
2693 0.84296875 0.7131676079641913 0.0234375 0.020251943244739935
4341 0.79296875 0.8273092535529696 0.025 0.023477072794389285
2644 0.7515625 0.8307439366186766 0.0296875 0.012839961443336989
2756 0.70625 0.8273976935585068 0.0296875 0.01596496144333699
4367 0.75390625 0.7766874922942025 0.0296875 0.017527461443337167
4369 0.72734375 0.774483444638241 0.0265625 0.01732720234403846
4241 0.75703125 0.7600809831949039 0.025 0.026602072794389107
3280 0.73984375 0.7557136582410464 0.0203125 0.02005168414544123
3766 0.734375 0.7310641116648191 0.0265625 0.02045220234403846
32 0.72578125 0.8831773241878903 0.05625 0.05204216378737527
4320 0.6640625 0.8105699413990386 0.028125 0.029927331893687636
3269 0.815625 0.7250761250830544 0.0203125 0.02005168414544123
3555 0.80625 0.6834894023809504 0.0421875 0.02770349784053163
4168 0.77421875 0.7136670581487614 0.025 0.017227072794389287
4368 0.7515625 0.7112126866186765 0.0203125 0.02005168414544123
4179 0.7734375 0.701217122923586 0.0265625 0.01732720234403846
2845 0.7140625 0.7073657958102603 0.0375 0.028965609191583752
3563 0.6359375 0.8006535232927263 0.025 0.020352072794389286
2644 0.63203125 0.7868413471668496 0.025 0.012539572794389286
3516 0.6375 0.752115893743077 0.0234375 0.021814443244739933
2856 0.64375 0.7251528755444797 0.0265625 0.026702202344038462
3878 0.66640625 0.7065134970745646 0.034375 0.028765350092285046
3900 0.6546875 0.6955457186969344 0.0375 0.028965609191583752
4122 0.8203125 0.6443069864341064 0.0265625 0.01732720234403846
4157 0.821875 0.631706856884457 0.0234375 0.015564443244739934
4318 0.79921875 0.6339399853543722 0.028125 0.026802331893687813
4303 0.83515625 0.5933557557124379 0.021875 0.026401813695090582
2644 0.784375 0.5997349660760408 0.021875 0.00921431369509058
2728 0.7640625 0.564317900221482 0.0234375 0.018689443244739933
2728 0.72578125 0.5925523241878903 0.021875 0.010776813695090582
3199 0.7765625 0.6182043638242873 0.028125 0.017427331893687815
3232 0.7421875 0.6165009639165724 0.0296875 0.01752746144333699
4304 0.69765625 0.6396671560815781 0.0484375 0.037479016039128864
4323 0.70234375 0.6198355174326301 0.034375 0.028765350092285046
3889 0.6921875 0.5947051095053507 0.025 0.02503957279438911
4422 0.7203125 0.578840277611663 0.0203125 0.02005168414544123
3976 0.69453125 0.5773674151808768 0.0390625 0.018128238741233104
3765 0.8359375 0.5409619409376132 0.0265625 0.014202202344038461
3648 0.8484375 0.4690671545404186 0.0234375 0.020251943244739935
3507 0.76640625 0.475886455897008 0.025 0.02972707279438911
2644 0.85625 0.418566506792172 0.0234375 0.012439443244739935
2682 0.86015625 0.3917536829180487 0.0234375 0.020251943244739758
1449 0.77265625 0.3731421876984107 0.0421875 0.02770349784053163
4316 0.83125 0.3904810795865611 0.0359375 0.0194904796419344
4363 0.8171875 0.4031009955334051 0.025 0.023477072794389285
2644 0.75078125 0.49329400139350116 0.025 0.010977072794389286
4319 0.74375 0.4749945843669231 0.021875 0.02796431369509058
3514 0.71640625 0.48612185148578624 0.0234375 0.020251943244739935
3986 0.68671875 0.5395868129291234 0.025 0.02972707279438911
4343 0.68828125 0.5152679333794741 0.025 0.026602072794389107
4006 0.6828125 0.4890558868032467 0.0265625 0.02826470234403846
3932 0.71796875 0.47195922193613693 0.0359375 0.0194904796419344
3943 0.71875 0.45940915716131225 0.0375 0.01959060919158375
4342 0.6921875 0.4626738595053507 0.025 0.02972707279438911
3490 0.625 0.5607294301402715 0.0421875 0.021453497840531632
4010 0.615625 0.5488302074381675 0.0390625 0.019690738741233105
2784 0.65625 0.5649768391472851 0.0234375 0.014001943244739756
2911 0.6484375 0.48735248689553173 0.025 0.02816457279438911
4352 0.85078125 0.35954196021594464 0.0265625 0.02045220234403846
3210 0.8078125 0.35526427283130096 0.028125 0.023677331893687814
3833 0.77734375 0.3462792990494627 0.0421875 0.023015997840531634
4321 0.73984375 0.33930740824104644 0.0421875 0.023015997840531634
3822 0.7875 0.30656595697674216 0.0421875 0.021453497840531632
3993 0.74609375 0.31312564004244914 0.0359375 0.017927979641934398
3997 0.746875 0.3021380752676245 0.0375 0.01959060919158375
3057 0.87265625 0.28157764652085415 0.0234375 0.020251943244739844
4317 0.878125 0.2609146930970815 0.0265625 0.026702202344038462
3153 0.83125 0.25454357958656115 0.0234375 0.020251943244739844
4190 0.8109375 0.29256401373200236 0.0234375 0.020251943244739844
2756 0.78671875 0.28005352175156684 0.0234375 0.012439443244739844
4371 0.790625 0.2618344478774435 0.025 0.023477072794389108
2644 0.79375 0.24679043877814485 0.0234375 0.014001943244739756
2766 0.76640625 0.284480205897008 0.0234375 0.014001943244739756
2775 0.71953125 0.28123409238648767 0.021875 0.013901813695090493
2685 0.7625 0.2308242797711313 0.0234375 0.017126943244739845
2680 0.7359375 0.22862023211516974 0.0234375 0.020251943244739844
4372 0.7 0.38951696175710415 0.0234375 0.020251943244739758
3518 0.68046875 0.39076858112772067 0.0265625 0.01732720234403846
4001 0.70625 0.37114769355850685 0.0234375 0.028064443244739758
3921 0.69375 0.35319872995570145 0.0390625 0.019690738741233015
3911 0.6953125 0.3413798504060521 0.0375 0.01959060919158375
2844 0.71484375 0.29403448103543556 0.028125 0.017427331893687815
2732 0.690625 0.292461489055 0.0265625 0.018889702344038462
2784 0.70390625 0.26582913788298085 0.0234375 0.014001943244739756
2671 0.70625 0.24458519355850683 0.0234375 0.018689443244739756
2811 0.68359375 0.253068322028422 0.0296875 0.04252746144333717
1345 0.91328125 0.5680367782299719 0.1734375 0.3486143800110746
1345 0.934375 0.27059127930970595 0.13125 0.29434838217054293
1345 0.07421875 0.4194625963916573 0.1484375 0.2860748072166855
1345 0.1046875 0.17297882017349547 0.1546875 0.2442878254152828
4370 0.76171875 0.38790559454595597 0.0296875 0.017527461443337167
2249 0.73046875 0.3750644355389424 0.028125 0.017427331893687815
4344 0.63515625 0.37492233806755093 0.025 0.02816457279438911
3517 0.6546875 0.2689832186969344 0.0265625 0.01732720234403846
4305 0.65859375 0.2499828948228111 0.025 0.032852072794389106
3188 0.8625 0.22285348859357476 0.025 0.023477072794389108
2644 0.88671875 0.18770773057401025 0.021875 0.012339313695090493
4178 0.853125 0.18126676589147067 0.0421875 0.02457849784053163
2889 0.75625 0.20934979796972858 0.040625 0.01979086829088237
4205 0.7625 0.1628555297711313 0.0296875 0.02065246144333708
4047 0.65546875 0.20408940392210978 0.021875 0.02952681369509049
4083 0.6359375 0.20455977329272632 0.021875 0.02952681369509049
2644 0.875 0.15955245219638017 0.0203125 0.01067668414544114
3515 0.8796875 0.1303458135474322 0.0234375 0.021814443244739846
3196 0.90078125 0.10946281462716638 0.021875 0.026401813695090492
3766 0.92265625 0.10727975093207587 0.025 0.018789572794389153
2644 0.96953125 0.09958836444259625 0.021875 0.010776813695090492
4270 0.93046875 0.06146660318382927 0.0234375 0.032751943244739824
2700 0.88125 0.0919644339977829 0.0234375 0.0140019432447398
3195 0.8859375 0.07603904534883492 0.021875 0.02952681369509049
2836 0.865625 0.0804657294942761 0.0203125 0.021614184145441185
3500 0.846875 0.07776103409006795 0.0265625 0.03607720234403846
2745 0.82578125 0.07598778301033379 0.0234375 0.017126943244739824
3433 0.71875 0.03089039520579471 0.2203125 0.06178079041158942
352 0.4484375 0.8197003192506449 0.1203125 0.22645997532299766
3493 0.6171875 0.6752925778885182 0.0375 0.01959060919158375
4183 0.58046875 0.6737393723052773 0.0390625 0.019690738741233105
2234 0.77890625 0.41961666949981336 0.015625 0.02131379549649317
2234 0.7828125 0.39671009562569015 0.015625 0.02131379549649317
2234 0.8015625 0.39707104102989826 0.015625 0.02131379549649317
2234 0.753125 0.40955005706902725 0.015625 0.02131379549649317
1164 0.7765625 0.4424231138242874 0.015625 0.02131379549649317
1164 0.6203125 0.4625923187892195 0.028125 0.012739831893687815
2234 0.6203125 0.44852981878921944 0.0296875 0.014402461443336989
2867 0.64375 0.6603091255444797 0.0375 0.028965609191583752
2900 0.6328125 0.650853782392025 0.03125 0.027002590992986342
3201 0.5453125 0.671304787172387 0.0359375 0.0194904796419344
3200 0.50859375 0.668970331589146 0.0421875 0.02145349784053181
4209 0.4609375 0.6626492828534503 0.0484375 0.021854016039128864
2645 0.6546875 0.6244519686969344 0.0234375 0.020251943244739935
4018 0.6125 0.636530466537466 0.021875 0.026401813695090582
4241 0.6015625 0.6192626233850114 0.0390625 0.019690738741233105
4181 0.56171875 0.6272846769010691 0.0234375 0.026501943244739933
2700 0.55234375 0.612260454198965 0.021875 0.012339313695090582
4182 0.5421875 0.6261925462716855 0.025 0.026602072794389107
4083 0.52265625 0.624319165642302 0.021875 0.026401813695090582
4111 0.50390625 0.6223957202380939 0.025 0.026602072794389288
3069 0.4796875 0.6216039782576583 0.021875 0.02796431369509058
3120 0.45390625 0.6201311158268722 0.025 0.02503957279438911
4128 0.4234375 0.616614892045034 0.025 0.026602072794389107
4156 0.40390625 0.6155227614156505 0.025 0.026602072794389288
3290 0.37421875 0.6580502228589876 0.0265625 0.02045220234403846
3291 0.37890625 0.6163435842100397 0.0203125 0.02005168414544123
3490 0.62578125 0.5622418653654468 0.040625 0.01979086829088228
4424 0.53359375 0.5993995087947568 0.0203125 0.02005168414544123
2644 0.5359375 0.5672180644702829 0.021875 0.010776813695090582
2933 0.53125 0.5550184531192308 0.0390625 0.019690738741233105
3564 0.54140625 0.5379613610465103 0.0234375 0.021814443244739756
3692 0.53515625 0.5180493792451075 0.025 0.026602072794389288
4494 0.5828125 0.5204641779808032 0.04375 0.024678627390180986
1164 0.57109375 0.5009026496031732 0.0140625 0.019651165946843817
1164 0.5515625 0.5005917689737898 0.0140625 0.019651165946843817
3021 0.56484375 0.4848969178017704 0.0390625 0.019690738741233105
2989 0.5796875 0.4433206870801019 0.0390625 0.019690738741233105
3036 0.55078125 0.4498605837486143 0.025 0.02503957279438911
2700 0.55703125 0.43149131555001696 0.0234375 0.014001943244739934
4103 0.5390625 0.42951780537098416 0.025 0.02816457279438911
4494 0.428125 0.585845753396086 0.025 0.02816457279438911
2234 0.4015625 0.5828604557401245 0.025 0.02972707279438911
2791 0.371875 0.6316379171834615 0.0203125 0.013801684145441228
3157 0.3609375 0.5956200740310068 0.0390625 0.019690738741233105
3498 0.378125 0.5796748989848644 0.025 0.026602072794389107
3047 0.4984375 0.5610274236618665 0.0375 0.01959060919158375
4153 0.453125 0.5576811806016969 0.0375 0.01959060919158375
3111 0.4921875 0.5481466918604638 0.0390625 0.019690738741233105
4152 0.45390625 0.5459123658268722 0.0375 0.01959060919158375
2644 0.40625 0.5645913170911765 0.025 0.00941457279438911
4159 0.31171875 0.5722116548449605 0.0359375 0.0194904796419344
2644 0.4109375 0.5088221784422287 0.0203125 0.010676684145441229
4345 0.48125 0.4793163487080091 0.0421875 0.023015997840531634
3145 0.43515625 0.4768014204226641 0.025 0.026602072794389107
4154 0.415625 0.4749280397932806 0.025 0.026602072794389107
3497 0.4 0.4915543352897738 0.0359375 0.0194904796419344
4218 0.384375 0.4667743807862671 0.0390625 0.019690738741233105
4158 0.3796875 0.47801226943521496 0.0421875 0.021453497840531632
3100 0.44453125 0.46057564312476806 0.0390625 0.019690738741233105
4123 0.45859375 0.4456119771779242 0.0390625 0.019690738741233105
3499 0.34609375 0.4692275547526753 0.021875 0.02796431369509058
2644 0.3140625 0.4861239605204865 0.021875 0.013901813695090581
4089 0.55234375 0.38960420419896497 0.025 0.026602072794389107
3287 0.509375 0.40251401681432136 0.03125 0.019190090992986342
3551 0.6078125 0.3852683551864141 0.0515625 0.02205427513842757
2644 0.57578125 0.38575851095422514 0.021875 0.010776813695090492
4038 0.61484375 0.36763027221299216 0.021875 0.026401813695090492
4027 0.61640625 0.34565514266334285 0.025 0.026602072794389107
3491 0.59765625 0.30545044725913467 0.0359375 0.0194904796419344
3492 0.53046875 0.32772476789405547 0.040625 0.01979086829088237
3494 0.45234375 0.36007499537652154 0.0390625 0.019690738741233015
2644 0.425 0.36104601249538465 0.0203125 0.01067668414544114
3496 0.34375 0.37094024907714934 0.025 0.026602072794389107
2644 0.3625 0.3572386944813575 0.01875 0.010576554595791876
3288 0.39609375 0.3293046591638971 0.0296875 0.017527461443337167
2718 0.41328125 0.30710948411775457 0.028125 0.023677331893687814
3089 0.5 0.2968647941122172 0.0375 0.030528109191583754
2644 0.54921875 0.31402321329826366 0.0109375 0.01476340684754529
4306 0.58203125 0.29395174275562785 0.04375 0.03405362739018099
4180 0.62734375 0.2660479858157975 0.0375 0.028965609191583752
4094 0.60234375 0.25827505861018674 0.0375 0.028965609191583752
4116 0.584375 0.2648952984311539 0.040625 0.03072836829088237
3011 0.603125 0.23478749383536207 0.0375 0.032090609191583755
2721 0.38203125 0.305987075110741 0.0296875 0.023777461443337165
4160 0.3546875 0.3124268422296041 0.0359375 0.0288654796419344
2644 0.603125 0.21213124383536205 0.0234375 0.017126943244739755
2646 0.61171875 0.1975180313122908 0.0375 0.02740310919158371
3433 0.59765625 0.15857544725913467 0.103125 0.07223355027685523
2769 0.65078125 0.14267104257105773 0.021875 0.013901813695090493
2775 0.66015625 0.08816401527316182 0.0234375 0.0140019432447398
3027 0.590625 0.10902603023255661 0.0390625 0.019690738741233015
4187 0.584375 0.09692654843115389 0.0390625 0.019690738741233015
3197 0.6265625 0.09109805059062223 0.04375 0.021553627390180984
4186 0.58125 0.08384555753045254 0.040625 0.019790868290882346
2249 0.553125 0.12705413942414032 0.0171875 0.012038925046142523
3557 0.515625 0.09508224861572404 0.090625 0.07299501387966063
2644 0.63203125 0.061060097166849604 0.0234375 0.012439443244739824
3079 0.559375 0.016497371225543036 0.0421875 0.023015997840531672
2771 0.446875 0.07136294880029416 0.0296875 0.0237774614433371
2770 0.415625 0.06867803979328059 0.0296875 0.0237774614433371
3168 0.365625 0.054694685382058864 0.034375 0.028765350092285046
3495 0.33671875 0.0518595820505713 0.025 0.026602072794389132
32 0.15 0.8505438132336651 0.0515625 0.04080427513842757
3565 0.23359375 0.7889368823274265 0.028125 0.017427331893687815
3504 0.16875 0.7860610086378733 0.0484375 0.018729016039128864
2756 0.1375 0.7825948496308598 0.0234375 0.012439443244739935
4347 0.26484375 0.7744342913344401 0.021875 0.026401813695090582
4168 0.27578125 0.7292021344868949 0.0265625 0.01732720234403846
3566 0.21796875 0.7516569278239198 0.0234375 0.018689443244739933
3183 0.19765625 0.7326461119693608 0.021875 0.026401813695090582
4346 0.1796875 0.731453851790328 0.021875 0.026401813695090582
4350 0.16171875 0.7294803416112952 0.021875 0.02952681369509058
4171 0.1421875 0.7510444609819118 0.025 0.02972707279438911
3192 0.1015625 0.7809915792727942 0.0453125 0.021653756939830338
4309 0.10546875 0.7588662553986708 0.0265625 0.03607720234403846
3503 0.16640625 0.6971487029623473 0.025 0.026602072794389107
3189 0.103125 0.6879226997231449 0.0234375 0.028064443244739935
3191 0.08125 0.6877620134182353 0.0234375 0.026501943244739933
3439 0.09375 0.6697734770210407 0.0421875 0.023015997840531634
4310 0.0953125 0.6571733474713914 0.053125 0.023716904688076922
3292 0.18984375 0.6651780097176074 0.0234375 0.021814443244739756
2791 0.19453125 0.6508151210686595 0.0203125 0.013801684145441228
3293 0.19296875 0.6345090006183088 0.021875 0.023276813695090583
2791 0.2 0.6184334176448869 0.0203125 0.013801684145441228
3294 0.19609375 0.6038399915190101 0.0234375 0.021814443244739933
2791 0.20625 0.5891266494462896 0.0234375 0.014001943244739934
3270 0.203125 0.5729206585455883 0.025 0.02503957279438911
2791 0.20625 0.5610016494462895 0.021875 0.012339313695090582
2644 0.178125 0.5721789813399774 0.0234375 0.010876943244739933
3506 0.08828125 0.6396551804448134 0.0453125 0.021653756939830338
2843 0.28203125 0.6569266162882975 0.0234375 0.014001943244739756
2843 0.2859375 0.6262075424141742 0.0234375 0.014001943244739756
2843 0.2890625 0.5947572833148757 0.0234375 0.014001943244739934
2728 0.27421875 0.5347710140365441 0.021875 0.010776813695090582
2700 0.278125 0.5087394401624209 0.021875 0.013901813695090581
2644 0.2828125 0.48422030151347284 0.021875 0.010776813695090582
4349 0.15234375 0.48164361890919116 0.0390625 0.021253238741233103
2644 0.128125 0.5402268769287557 0.0171875 0.012038925046142523
2791 0.17734375 0.466760296114802 0.0234375 0.014001943244739934
3190 0.13984375 0.4347884053063858 0.021875 0.026401813695090582
3154 0.14453125 0.40167551665743784 0.025 0.02816457279438911
3271 0.225 0.40980009485049773 0.0265625 0.026702202344038462
2644 0.31953125 0.4021797570967138 0.0234375 0.012439443244739935
3502 0.259375 0.3958784947582127 0.0421875 0.021453497840531632
2843 0.18984375 0.4159592597176075 0.0234375 0.015564443244739757
4145 0.184375 0.38818471314138014 0.0390625 0.021253238741233103
3198 0.22421875 0.36610015962532244 0.0390625 0.019690738741233015
4137 0.18515625 0.37563464836655547 0.0359375 0.0194904796419344
4151 0.18671875 0.36381576881690614 0.0390625 0.019690738741233015
3186 0.3171875 0.3632674514211878 0.021875 0.027964313695090493
3182 0.29921875 0.36207519124215504 0.021875 0.02952681369509049
2644 0.2765625 0.3666520697120702 0.0234375 0.012439443244739756
3127 0.203125 0.3510456585455882 0.0390625 0.019690738741233015
4426 0.20625 0.33756414944628965 0.034375 0.022515350092285048
3135 0.178125 0.3268664813399774 0.0234375 0.026501943244739846
4155 0.15859375 0.3242118507105939 0.021875 0.026401813695090492
2682 0.13671875 0.3053011644056844 0.0234375 0.018689443244739846
3505 0.17421875 0.2833668052141007 0.0359375 0.0288654796419344
2644 0.16953125 0.2688234438630487 0.0234375 0.012439443244739844
2644 0.21015625 0.2701263255721663 0.0234375 0.012439443244739756
4161 0.33359375 0.29737234114986993 0.0390625 0.029065738741233017
4163 0.2828125 0.29672030151347284 0.0375 0.032090609191583755
3178 0.31328125 0.2705490252953111 0.0421875 0.032390997840531635
3184 0.265625 0.26266547655961536 0.0375 0.028965609191583752
4165 0.234375 0.25529306755260184 0.0359375 0.025740479641934398
4167 0.21875 0.24691936304909506 0.0375 0.02740310919158375
4169 0.20703125 0.23673283467146494 0.0359375 0.0288654796419344
3187 0.2046875 0.20328927899593893 0.034375 0.028765350092285046
1381 0.41875 0.19191528069398195 0.409375 0.3059214420081221
2757 0.22109375 0.18426916872462107 0.0265625 0.018889702344038462
2758 0.225 0.16292509485049775 0.0265625 0.02045220234403846
4346 0.203125 0.17135815854558825 0.021875 0.026401813695090492
3557 0.18203125 0.16880365746585407 0.0265625 0.03451470234403846
4173 0.19765625 0.13889611196936089 0.0359375 0.0288654796419344
2655 0.184375 0.12334096314138013 0.0203125 0.01848918414544114
3185 0.28984375 0.09158221854005093 0.0359375 0.025740479641934398
3495 0.33828125 0.051759452500921975 0.025 0.026602072794389132
4437 0.3140625 0.050186460520486455 0.025 0.026602072794389132
4166 0.2765625 0.06587081971207016 0.025 0.02972707279438913
2220 0.31171875 0.00276240129660352 0.015625 0.00552480259320704
3765 0.28359375 0.028701486738648217 0.021875 0.010776813695090492
2833 0.25390625 0.026697698181985318 0.0234375 0.012439443244739824
3438 0.2265625 0.02376246530084844 0.0203125 0.013801684145441173
4170 0.2484375 0.06454815160575794 0.0234375 0.026501943244739822
4172 0.22265625 0.06151278917497174 0.021875 0.027964313695090493
2700 0.29453125 0.005366368369324108 0.021875 0.010732736738648215
2728 0.2203125 0.0018350053986708234 0.01875 0.0036700107973416467
4375 0.03671875 0.828896955583241 0.0421875 0.02145349784053181
3556 0.0375 0.8163468908084163 0.04375 0.021553627390181164
2791 0.04765625 0.7789772987356958 0.0203125 0.012239184145441229
3273 0.06171875 0.7093261327888518 0.021875 0.026401813695090582
3509 0.025 0.7023041772056109 0.0390625 0.019690738741233105
3193 0.0609375 0.6851574475636765 0.025 0.02972707279438911
3751 0.04296875 0.6370901873846437 0.0421875 0.021453497840531632
2762 0.00859375 0.6330430374769287 0.0171875 0.015163925046142524
2728 0.13515625 0.6507137939553337 0.021875 0.012339313695090582
4307 0.19921875 0.05129598241971156 0.025 0.034414572794389156
4308 0.17890625 0.04869141656515273 0.0234375 0.032751943244739824
4311 0.16015625 0.04833047116094459 0.0265625 0.03451470234403846
2644 0.128125 0.032414376928755664 0.0203125 0.010676684145441174
3194 0.20078125 0.0056609122462160716 0.0234375 0.011321824492432143
4174 0.18046875 0.004749254318936659 0.0234375 0.009498508637873318
3484 0.08984375 0.005309261258766971 0.0234375 0.010618522517533943
2644 0.86640625 0.8679156647194514 0.021875 0.010776813695090226
1780 0.74921875 0.4324566309431505 0.01875 0.023076554595791877
1780 0.5984375 0.49758788248431 0.03125 0.033252590992986344
1238 0.796875 0.5489339296788462 0.0640625 0.044730311535622215
277 0.78671875 0.3198972717515668 0.0203125 0.01380168414544114
277 0.83359375 0.29345588526208716 0.015625 0.01506379549649317
37 0.75 0.25818781616832587 0.0421875 0.02770349784053163
5 0.43359375 0.017972342691029427 0.1359375 0.035944685382058854
137 0.4125 0.18450329889257922 0.196875 0.15636632325581443
262 0.39296875 0.44747366826319573 0.0296875 0.012839961443337166
310 0.509375 0.42438901681432134 0.0328125 0.016165220542635694
300 0.40234375 0.5835916409652999 0.015625 0.011938795496493172
324 0.2078125 0.4429327698966404 0.0140625 0.01808866594684382