1342 0.9087599349349735 0.6950697573663416 0.0965851156156063 0.18882183540139544
1352 0.8331761060098959 0.7236971379402741 0.025515210466873838 0.06402964901126432
1460 0.8037084138882861 0.7086402204916779 0.03185621572854558 0.06602919158591121
725 0.7193033218090288 0.7417747846057499 0.14330892619541977 0.13606817599857096
1009 0.646366350748224 0.7383162848578515 0.023588689420186527 0.0576703883676025
1341 0.8347966030967113 0.42869599437689143 0.25422955759604166 0.330560857192922
1343 0.9342252686276129 0.15097554994098855 0.10154563140062187 0.1938371173323806
715 0.8824947106080483 0.023877454400134508 0.034359589448421345 0.028856973516896433
818 0.8458214632388842 0.02566382952618528 0.01966005261671846 0.01693612772394082
1366 0.8604839317394403 0.10789182148041361 0.06529034200867016 0.10571440445914596
807 0.8322231528708322 0.19234323113533963 0.04226309471009344 0.03096577673520513
1635 0.7754047344973332 0.24611272334166948 0.08939569994353036 0.06538433540139543
1358 0.7799472923051363 0.15476110366350032 0.09259629465362344 0.09361859604505715
1462 0.7128052949359722 0.15867806134095494 0.05876732622365459 0.10058986188449896
897 0.707337273959872 0.2392014416627858 0.04079159997176518 0.032419016091543365
714 0.818053508033682 0.08829486950294216 0.032524073663405775 0.024060212873234697
1994 0.699303508033682 0.09659867842123404 0.021404563140062293 0.020170388367602543
1557 0.685733831697088 0.07576165453602052 0.030961573663405774 0.023950952229572952
1598 0.6648529133235888 0.12701815193813046 0.04409861049510884 0.03576253737886681
908 0.6628963001976441 0.16061190193813046 0.04400760523343692 0.03420003737886681
1447 0.6575038739316371 0.21311954290362306 0.0488617052052021 0.06410605866619026
1944 0.7054716660955991 0.2712326916627858 0.032524073663405775 0.024060212873234656
1485 0.6542508003388183 0.30904940193813046 0.08038472099021768 0.070978771539425
1245 0.6451418398719444 0.37193181419094656 0.06706567363517095 0.05604218639013112
1604 0.6316840975526907 0.14878924513319602 0.012757605233436919 0.03201482450563216
1983 0.6207465975526907 0.14955406963882817 0.012939615756780754 0.035139824505632154
2025 0.6254040054734334 0.17646077706418123 0.01956904735504672 0.01537362772394082
2031 0.6207774186558479 0.20246054835150468 0.02278505261671846 0.01715464901126431
1972 0.6180318502541138 0.22288230899516645 0.021313557878390378 0.018607888367602587
2016 0.6213087686982002 0.24677327706418123 0.021586573663405773 0.023295388367602497
2005 0.6192079424039584 0.26948415738601217 0.02113154735504672 0.015482888367602499
875 0.6644294371422864 0.2678780987198218 0.022603042093374624 0.01402964901126431
1107 0.6882170056851948 0.39381788584658706 0.012575594710093263 0.028889824505632156
741 0.7007625083160308 0.39216255069729317 0.012757605233436919 0.03201482450563216
796 0.7156517609468667 0.39034332458250676 0.012757605233436919 0.03201482450563216
1365 0.6956430978350394 0.4399826916627858 0.019280621018452494 0.037139367080279054
785 0.7141200820500239 0.44335906393884505 0.012848610495108836 0.03357732450563198
763 0.7131799373540479 0.4862185532951832 0.012575594710093441 0.02888982450563198
774 0.711359832120611 0.5174685532951833 0.015973610495108835 0.0337958457929556
752 0.6941947189240791 0.478209311340955 0.014320105233436919 0.03212408514929379
1348 0.6638624768165868 0.4779961438923587 0.024241136803468066 0.04215464901126431
1720 0.612421074157516 0.4528047557768578 0.02002407366340577 0.023186127723940863
1719 0.6127773899284141 0.4333281360986886 0.02278505261671846 0.01715464901126431
1367 0.6282610928557162 0.7419165322599613 0.016064615756780753 0.0353583457929556
2024 0.6258949560522481 0.7825415322599614 0.01800654735504672 0.015264367080279052
1806 0.608676634949091 0.7308369206275639 0.02113154735504672 0.015482888367602499
4440 0.5767595060381308 0.771194122857137 0.04399219468185844 0.060653276735205
951 0.5495067612998026 0.7715436841212172 0.01266659997176518 0.030452324505632157
1441 0.5166634401966455 0.7209316789254372 0.06714126834526439 0.08405792574646931
2189 0.5132129455289045 0.7935332986036062 0.01800654735504672 0.015264367080279229
2200 0.4924755112998026 0.7755316976148705 0.01644404735504672 0.015155106436617416
1656 0.4699928375234572 0.6806233892007818 0.01956904735504672 0.015373627723940686
2222 0.5001731611868631 0.6567270672930396 0.012393584186749606 0.02576482450563198
2211 0.4956977637894641 0.6266953598676867 0.01809755261671846 0.01682686708027905
1732 0.4414616449783246 0.22200214205077334 0.02113154735504672 0.015482888367602499
2045 0.4418634633800586 0.20174427237260426 0.01956904735504672 0.015373627723940863
1430 0.39692268970253525 0.2118894507169637 0.06861276308359247 0.08260468639013112
740 0.3600443159826596 0.17712096680850706 0.01809755261671846 0.016826867080279095
852 0.35346111603912933 0.2367144880958305 0.02278505261671846 0.01715464901126431
1921 0.3555395555299031 0.2544647168085071 0.022876057878390376 0.01871714901126431
2080 0.3531194817959101 0.20250337906132315 0.01966005261671846 0.016936127723940774
1888 0.33201105026823124 0.2576661264634331 0.01966005261671846 0.016936127723940864
1721 0.3319501370858168 0.23199413710709482 0.015882605233437007 0.0322333457929556
1899 0.3022325450065594 0.26130457869300605 0.021040542093374803 0.0139203883676025
1247 0.2518222923051363 0.1916912012211668 0.1313703683170294 0.1181158514929388
1446 0.16210036866996527 0.24931766694439306 0.03545165258848364 0.04760697351689647
886 0.17466825810426928 0.2072012227605918 0.01422909997176509 0.030561585149293878
1933 0.16225926336594113 0.2065128079098857 0.012757605233437008 0.03201482450563216
1954 0.1497137607351052 0.20816814305917958 0.012848610495108836 0.03357732450563215
1922 0.17232523712816908 0.2875060817950992 0.012757605233437008 0.03201482450563216
1910 0.160651989759005 0.2875442866225622 0.012757605233437008 0.03201482450563216
1962 0.14888773712816908 0.2891449914500252 0.012757605233437008 0.03201482450563216
1829 0.17582342149844526 0.45454611632397446 0.01157453683170293 0.011702324505632156
1840 0.17535371366240723 0.5160463450366509 0.011483531570031102 0.010139824505632156
1622 0.16327094261571987 0.523115799864114 0.007342063140062205 0.019187042574646894
1611 0.16594018728346083 0.45056881050777575 0.007342063140062205 0.019187042574646894
972 0.2687264691358406 0.729710371267653 0.019478042093374802 0.013811127723940863
981 0.2683470375375746 0.7095071319113148 0.021040542093374803 0.0139203883676025
992 0.26953010593930865 0.6891946319113147 0.019478042093374802 0.013811127723940863
929 0.2359139691358406 0.7320048447845494 0.019478042093374802 0.013811127723940686
940 0.23553453753757464 0.7118016054282112 0.019478042093374802 0.013811127723940686
952 0.23593635593930867 0.691543735750042 0.019478042093374802 0.013811127723940863
830 0.1991952191358406 0.7345724699106002 0.019478042093374802 0.013811127723940863
853 0.20033278490673873 0.7150412199106002 0.019478042093374802 0.013811127723940863
864 0.20082560857014461 0.6932208502324311 0.01966005261671846 0.016936127723940687
963 0.27462785864073175 0.7619765680493443 0.01679265785015547 0.0478583457929556
4493 0.2549145981173881 0.766467326095116 0.023588689420186527 0.0576703883676025
4492 0.21741459811738806 0.7690895815429977 0.02340667889684287 0.0545453883676025
4491 0.16911360600989583 0.7701329114965114 0.016610647326811768 0.044733345792955605
841 0.18699135074822398 0.7704389140944015 0.02653167889684287 0.05476390965492613
1222 0.05135753064284256 0.8429526884838181 0.10271506128568512 0.10989915990702777
1818 0.07343416886760937 0.4624839384838181 0.011665542093374804 0.013264824505632156
1617 0.05671710572754716 0.4823265449204355 0.009921031570031102 0.01003056386197052
1623 0.10212279806091833 0.7180183904612896 0.007342063140062205 0.019187042574646894
1851 0.11098956384593388 0.71272995692115 0.009921031570031102 0.01003056386197052
1340 0.052786646364329656 0.7275133587824059 0.10557329272865931 0.16419317599857094
1338 0.05439391997126582 0.5568566513570528 0.10878783994253163 0.14700567599857095
1221 0.07600178690229012 0.271552935885928 0.15200357380458024 0.31227004307885
1187 0.2686597237622279 0.07096289201233608 0.23484397881213823 0.14192578402467215
1186 0.5152540027014231 0.05994381050777573 0.2757419945971538 0.11988762101555146
1249 0.5684876055863729 0.29870711766135677 0.10042128910960316 0.38827553218308675
1248 0.5813545427286593 0.6121469047881221 0.08708828925077743 0.23951025025210165
1036 0.5418601322476679 0.6623707799141728 0.012575594710093263 0.028889824505632156
1246 0.407895384949091 0.7448769133380968 0.15904034200867018 0.11227004307885
1185 0.5760854008752809 0.8762804606043207 0.3342825366905286 0.18210121388164105
1184 0.28008265613695277 0.8954228525782195 0.2860270472138723 0.18183913392812698
1419 0.33250606100333646 0.4762686609923083 0.34221394695975843 0.45186741066333236
2033 0.24551981342241086 0.2598238421866593 0.019842063140062115 0.020061127723940864
1333 0.6362849664344175 0.6308697716162996 0.039926320961982856 0.09771623416055811
4238 0.8106725034778819 0.8295318746987222 0.043308926195419775 0.12907549480421993
2591 0.8520325218231463 0.7472767495726715 0.027699336746998426 0.10152964901126431
35 0.9230121507341066 0.7041880312515552 0.03894067363517095 0.054075494804219915
4410 0.8834329822194331 0.6089190899177455 0.01570059471009344 0.029108345792955605
2709 0.809973095415965 0.6545154492043543 0.06248458944842135 0.030823665102807672
2647 0.7270240875234573 0.6626500133184263 0.09851309471009326 0.03489915990702759
3561 0.7861113902107629 0.7168733375719569 0.015518584186749607 0.025983345792955602
4266 0.6709113244398648 0.7443806145592637 0.01468412628012441 0.03837408514929379
3120 0.6609825875940444 0.741184558743065 0.01312162628012441 0.03826482450563198
4336 0.6273657217666765 0.7038538035472849 0.01835515785015538 0.04796760643661742
4333 0.6605793111445107 0.6011604922832045 0.017338689420186525 0.0572333457929556
3985 0.6078807034214122 0.7845792796620713 0.016717063140062292 0.019842606436617415
3753 0.6073192612998025 0.767501040305733 0.01653505261671846 0.016717606436617415
3766 0.6081838112856851 0.752657290305733 0.016626057878390377 0.018280106436617417
3057 0.5357781902672325 0.793511519270511 0.01653505261671846 0.016717606436617415
4363 0.5308022639306385 0.7720735618451581 0.021768584186749606 0.0264203883676025
4168 0.5118702534072949 0.7765096895690988 0.015154563140062294 0.019733345792955603
4157 0.4904656902672325 0.7966800779367015 0.01653505261671846 0.016717606436617415
2392 0.45930669552890446 0.7973027908099362 0.03243306840173403 0.02249771287323483
3515 0.3198647639306385 0.7868237487394923 0.023422089448421436 0.028092149011264313
3079 0.3203799743975124 0.7245422700268158 0.022967063140062118 0.020279649011264313
3089 0.3206452849067387 0.7066281503486466 0.02278505261671846 0.01715464901126431
3100 0.32242759278512906 0.6893860200268158 0.02278505261671846 0.01715464901126431
3036 0.2937719717666766 0.7271809509690652 0.02278505261671846 0.01715464901126431
3047 0.29490953753757465 0.7076497009690652 0.02278505261671846 0.01715464901126431
3058 0.29508384278512906 0.6912980812908961 0.02278505261671846 0.01715464901126431
3069 0.29020735600989583 0.7616652116127269 0.01615562101845249 0.036920845792955605
4432 0.25475570342141224 0.8092721851296234 0.016626057878390377 0.018280106436617417
3027 0.23563397709893552 0.803606693175395 0.023058068401734032 0.02184214901126431
4431 0.21716469815974038 0.813456940577505 0.016717063140062206 0.019842606436617415
2944 0.20276826919231034 0.7934557970141224 0.014502115756780665 0.03524908514929379
2391 0.15433847446809962 0.8100694966458054 0.047223610495108835 0.03598105866619008
4430 0.15665910864073176 0.7702257466458053 0.015427578925077734 0.024420845792955604
2933 0.1718514691358406 0.7364845311746805 0.022785052616718503 0.01715464901126431
2956 0.1713810322759028 0.7178437918183423 0.022876057878390376 0.01871714901126431
2967 0.17242759278512904 0.6998750418183424 0.02287605787839033 0.01871714901126431
3491 0.10870745605224814 0.8187068053119957 0.01991765785015547 0.04807686708027923
4408 0.11056535864073176 0.7734489356338264 0.015154563140062204 0.019733345792955603
3221 0.10622646913584059 0.7410734782084735 0.013865078925077734 0.02431158514929379
3325 0.12987607173844165 0.7090750791972091 0.032356015643841204 0.15476390965492612
3811 0.11088314803268347 0.6878392175648117 0.022967063140062204 0.020279649011264313
258 0.8302610215407975 0.45313326566421486 0.057416199802355905 0.21098105866619027
4409 0.7053226637471118 0.5676870745825068 0.015609589448421345 0.027545845792955603
2878 0.6868456795321274 0.5643107023064475 0.024620568401734034 0.021951409654926125
2867 0.6871564926721896 0.5456153326282784 0.024620568401734034 0.021951409654926125
2889 0.6882030531814158 0.5276465826282785 0.024620568401734034 0.021951409654926125
2856 0.6605484900413536 0.5482540135705279 0.024620568401734034 0.021951409654925945
4334 0.6569075505505799 0.5306130455015131 0.03243306840173403 0.02249771287323483
3269 0.6408954136765247 0.49827579290362306 0.016717063140062115 0.019842606436617415
3517 0.6270303347514469 0.5225873780529169 0.019189615756780753 0.03557686708027905
3153 0.5403732269577611 0.6344643012014963 0.015427578925077868 0.024420845792955604
4179 0.5167460111586282 0.6260015911782533 0.018461573663405773 0.02307686708027905
4190 0.4892888690934883 0.669937261476841 0.015518584186749607 0.025983345792955602
3767 0.4488535848926213 0.6828796578902152 0.022876057878390376 0.01871714901126431
2831 0.5141956767601171 0.42932868697120885 0.04153359456891899 0.17874771287323465
3752 0.13368985842897024 0.5500824914500253 0.030353899887060543 0.12038890965492613
3210 0.16107911105980618 0.5473891801859448 0.019933068401734033 0.021623627723940685
3800 0.1685877741716335 0.4986238982549597 0.024711573663405862 0.023513909654925946
3789 0.16990735046587532 0.47596764825495963 0.022967063140062204 0.020279649011264313
3188 0.15183218465262488 0.4523334063007313 0.016717063140062206 0.019842606436617415
4405 0.11245960053646246 0.5539012601394586 0.01533657366340586 0.022858345792955603
3199 0.05454766097510159 0.46613881620775893 0.01671706314006218 0.019842606436617415
3778 0.06983873200767154 0.4440617204148033 0.023058068401734032 0.02184214901126431
3288 0.8278549003105835 0.26734323113533964 0.016717063140062292 0.019842606436617415
2911 0.8366530476373952 0.22315618856069266 0.026183068401734032 0.02206067029858776
2900 0.7168271240728115 0.35680420490433756 0.016064615756780753 0.0353583457929556
2845 0.7019378714419755 0.3586234310191241 0.016246626280124233 0.038483345792955606
3232 0.6883381030261241 0.3650208964902488 0.015518584186749607 0.025983345792955602
4006 0.6358130715266801 0.45194709612193174 0.026183068401734032 0.02206067029858776
4001 0.6369506372975783 0.43241584612193174 0.026183068401734032 0.02206067029858776
3514 0.6436934609609841 0.41015843386911566 0.024893584186749605 0.026638909654925946
3490 0.15164944510538142 0.3753174382317165 0.021662168373499168 0.051311127723940864
3878 0.17482861084804466 0.324678299864114 0.01624662628012441 0.038483345792955606
3866 0.16232861084804467 0.3255523850134079 0.01468412628012441 0.03837408514929388
3921 0.14982861084804466 0.32642647016270177 0.01624662628012441 0.038483345792955606
35 0.9472257975668082 0.14150771479169472 0.03599768415851443 0.05698197351689642
4411 0.9088983159120725 0.0648248824923924 0.018643584186749607 0.026201867080279096
2292 0.874380560791575 0.21662768311281103 0.026971294653623447 0.08902964901126431
4429 0.8649277790097823 0.008179942671192004 0.016899073663405772 0.016359885342384008
2922 0.8407090290097823 0.008799978625063048 0.026183068401734032 0.017599957250126096
4335 0.8247886264212987 0.05281083757195697 0.03426858418674961 0.02729447351689642
4428 0.7936527475103384 0.09311340947969907 0.016899073663405772 0.022967606436617372
3287 0.7598314843561588 0.09936876331842638 0.021768584186749606 0.026420388367602566
3000 0.7195943502541138 0.21578036715715365 0.026183068401734032 0.02206067029858776
3563 0.6953756002541137 0.2174739071339106 0.018279563140062294 0.019951867080279052
3954 0.7241214975103384 0.09797550812264628 0.026183068401734032 0.02206067029858776
4368 0.6631777502823487 0.24929198968531438 0.016717063140062292 0.019842606436617328
2978 0.6416821818806147 0.2710248780529169 0.026183068401734032 0.02206067029858776
3574 0.6870989106221657 0.05232415453602052 0.032524073663405775 0.024060212873234697
3011 0.6581170659120724 0.08236121580010088 0.026183068401734032 0.02206067029858776
3021 0.6592091290521347 0.06361121580010087 0.026183068401734032 0.02206067029858776
3518 0.628634692262784 0.12099202706418125 0.01900760523343692 0.03245186708027905
3965 0.5066316186699653 0.2252256950169805 0.023058068401734032 0.02184214901126431
3976 0.5085049318100274 0.20642106469514965 0.024620568401734034 0.021951409654926035
3932 0.5087702423192537 0.1885069450169805 0.024620568401734034 0.021951409654926035
3993 0.50981680282848 0.1705381950169805 0.022967063140062294 0.020279649011264313
3986 0.5100366107068703 0.15340532533881138 0.02278505261671846 0.01715464901126431
3127 0.5170979527861277 0.1256791630859953 0.016246626280124233 0.038483345792955606
3943 0.5054247054169636 0.1257173679134583 0.01615562101845249 0.036920845792955605
4122 0.4425313213149186 0.2437132510852808 0.018279563140062117 0.019951867080279052
4010 0.4515492765201207 0.1823933388324647 0.023058068401734032 0.02184214901126431
2393 0.44991045278612773 0.1303773707634499 0.048786110495108836 0.03609031930985207
4352 0.38825261596854216 0.1603651555444267 0.02314907366340595 0.023404649011264312
2394 0.3810694475244558 0.13674733908456624 0.04391659997176518 0.032637537378866856
2844 0.35727563175355775 0.15786286841766142 0.015154563140062204 0.019733345792955603
3877 0.3353250370434645 0.18740825678526396 0.016717063140062115 0.019842606436617328
2955 0.33559034755269074 0.16949413710709482 0.015154563140062204 0.019733345792955603
4046 0.33594666332358886 0.1500175174289257 0.016808068401734034 0.021405106436617326
3516 0.32096640543108107 0.15339924354371218 0.019098610495108838 0.03401436708027909
4018 0.32155096338005856 0.21015734193455785 0.012939615756780664 0.035139824505632154
3766 0.3195943502541138 0.24375109193455785 0.013501057878390376 0.01806158514929388
3855 0.2811387950065594 0.2627795973824395 0.022876057878390376 0.01871714901126431
3997 0.2227270555299031 0.26375187151975454 0.022967063140062204 0.020279649011264313
4341 0.1948827765907079 0.2742576827838349 0.021768584186749606 0.026420388367602587
4367 0.18314861603912935 0.24862389825495965 0.012484589448421434 0.027327324505632154
2989 0.17588912386104996 0.17288085308242268 0.016155621018452537 0.036920845792955605
3889 0.16343462649188586 0.17297368823171655 0.01615562101845249 0.036920845792955605
3911 0.15093462649188588 0.17384777338101043 0.01468412628012441 0.03837408514929388
2395 0.6947392924463107 0.30855237520292533 0.03857665258848364 0.047825494804219916
3280 0.8338894665755919 0.7648848666529506 0.016717063140062292 0.019842606436617415
97 0.577404248145623 0.773483242535306 0.01624662628012441 0.038483345792955606
175 0.32599772674599964 0.42770547485427873 0.2037605787839034 0.1854233198140552
110 0.27977663217708076 0.6067809696584987 0.10952618942018652 0.06367972376899793
354 0.7061164082030913 0.27352181134095493 0.013228042093374803 0.01337408514929388
193 0.3956332054875508 0.2073112113606254 0.038758663111827296 0.05095049480421991