725 0.9540813690499104 0.30441320958169105 0.07617518083635914 0.07318215060882309
1239 0.8247877998862693 0.2264480930615728 0.1696996877564409 0.11351985030926075
1247 0.5403172993919776 0.2055785151720874 0.40686540121604475 0.3540165309239029
1235 0.2640678171864748 0.09837282455550554 0.2230793557412186 0.12410640606883494
1247 0.7460314471108 0.31251339669511513 0.06692751482874755 0.07554187606301595
4470 0.8661847796203143 0.3262406700329743 0.04001750494291585 0.0266261439408634
1071 0.7381222217510175 0.9875305970598699 0.019705004942915848 0.02493880588026016
1246 0.6300842286710997 0.9448013499348077 0.21325868676785795 0.11039730013038458
1231 0.575240219773851 0.9748157665249675 0.18497717787060922 0.05036846695006503
1072 0.4851073096977389 0.9449440330499348 0.0317593359695552 0.015050915152690792
2210 0.7407789895455146 0.9031064457867295 0.0348843359695552 0.015306006667959693
1063 0.7302699124732079 0.8724623526044706 0.030960839923887918 0.03367336939505634
785 0.6111843314465688 0.8517676021454286 0.03807300296574958 0.01712359818322895
1036 0.7365344999256379 0.8533775127561913 0.030133168973360824 0.013360869395056341
696 0.7582012528913874 0.8410368804842576 0.03057883794672147 0.024298369395056342
951 0.7668095903438173 0.8221433592724303 0.016389003954332716 0.020025457576345218
2222 0.7471974273019557 0.8032977644231813 0.02308467292769336 0.031473140606883374
1865 0.710444185210621 0.7626728933611352 0.046076503954332715 0.022448826971401558
1450 0.6543095903438173 0.8129600647227437 0.07384867688202608 0.05430460485118864
1724 0.5454293388609426 0.8111268845671435 0.01964133794672147 0.023405549091614474
2111 0.5298998393552342 0.8075076769907982 0.019577670950527093 0.021843049091614476
684 0.541633176807664 0.7888692472942399 0.028825336958138336 0.019483323637421536
774 0.6308203522068154 0.7546055597217739 0.03332183596955503 0.015178460910325242
1248 0.5742984381763705 0.7374501395681133 0.0652376808363588 0.0722893303053814
2033 0.6330513556668566 0.7383268554794085 0.030196835969555202 0.014923369395056164
1716 0.6350595246402173 0.727516901237043 0.0333218359695552 0.015178460910325242
700 0.6664859381763706 0.744975339268551 0.03364017095052709 0.022990960910325244
1226 0.2690538867700455 0.9446584734127498 0.22977502471457933 0.1106830531745004
686 0.12861722916539123 0.9025185774304434 0.027326503954332716 0.020918277879787082
687 0.10065139665587722 0.8963165037930217 0.030451503954332715 0.02117336939505634
690 0.07268556414636321 0.8901144301556002 0.029016337946721472 0.024170823637421533
729 0.006247411027514298 0.875350686364518 0.012494822055028595 0.063201372729036
1507 0.09199663825292023 0.9355862978836665 0.07528384288963737 0.05130715060882309
2206 0.0319796511045015 0.869546967578285 0.021140170950527094 0.021970594849248924
1616 0.05141540061020992 0.8734850395487168 0.022893671939110273 0.02678564060688373
2198 0.1344507350968903 0.8747762147033471 0.019577670950527093 0.021843049091614476
2202 0.10573548608547345 0.8677291181871082 0.019577670950527093 0.021843049091614476
2204 0.07933215357595944 0.8616545903073209 0.022893671939110273 0.02678564060688373
1043 0.2350728176064043 0.8869091660707745 0.027326503954332716 0.020918277879787082
1060 0.1707994119789164 0.8291447213713068 0.028952670950527094 0.022608323637421535
2205 0.09612967581908087 0.7572062063683973 0.024137836958138294 0.019100686364518005
1062 0.12595643867066214 0.6985007571270018 0.028761669961943914 0.017920823637421535
1600 0.40552062737850536 0.9999036315230277 0.05401633794672147 0.00019273695394446123
972 0.4022828808385464 0.9930637001594796 0.03663783695813834 0.013872599681040754
1759 0.4065021486330435 0.9118766994105736 0.03488433596955502 0.015306006667959693
1760 0.4161954836140155 0.9048294739563808 0.03651050296574958 0.016996052425594144
923 0.44349015407025105 0.8890290018361678 0.027262836958138338 0.019355777879787085
2128 0.4885055182144266 0.7461238957770313 0.044832338935304604 0.030133781213767107
2150 0.4703285211801761 0.7305308466854168 0.04170733893530461 0.02987868969849785
908 0.4867055962753163 0.7710601228982139 0.02407416996194378 0.017538186364518003
1602 0.44118219064782843 0.7148262272903606 0.046649506920082115 0.03651132697140156
685 0.4742811921307032 0.7104734382006859 0.027326503954332716 0.020918277879787082
2212 0.5301664361992042 0.7432538583543463 0.016452670950527094 0.02158795757634522
1222 0.5177420320545911 0.6826671736568184 0.06367518083635879 0.07216178454774677
1223 0.4621114559708676 0.6436367535031577 0.06373884783255335 0.07372428454774678
1225 0.40471013285289387 0.5903525147130454 0.06849001482874754 0.07566942182065048
1227 0.33946713483006014 0.5756205928923949 0.06692751482874755 0.07554187606301603
1233 0.2617533117120863 0.5206782592530337 0.10666117688202617 0.056983065761513886
1230 0.26875006962075176 0.48362466940475457 0.10822367688202608 0.057110611519148334
1751 0.14818160714973128 0.6916926477338852 0.027262836958138338 0.019355777879787085
1749 0.16249877513450886 0.6865905595525961 0.02570033695813829 0.019228232122152633
1747 0.17756535962118922 0.682333494250124 0.025764003954332714 0.020790732122152634
1059 0.19975869460216117 0.6763066348570076 0.02563666996194396 0.01766573212215263
1053 0.2293334480622023 0.6622599813732466 0.027199169961943957 0.017793277879787083
2193 0.24644003502034062 0.6464117118284092 0.024201503954332716 0.020663186364518006
2192 0.2686333700013126 0.6403848524352926 0.027199169961943957 0.017793277879787083
1746 0.23711145597086772 0.6252701644037847 0.04333350593149898 0.0315687354561323
1609 0.20536670745374247 0.6156242263722767 0.027326503954332716 0.020918277879787082
1610 0.2348141269213948 0.6047025728885156 0.030451503954332715 0.021173369395056162
1180 0.19779162939285272 0.5899227247052867 0.0754748438782205 0.055994650608823096
1236 0.1579505379860901 0.6250791036432407 0.11737318380210837 0.09056084030732095
1037 0.13598664916451622 0.4908158028846362 0.026273339923887827 0.03329073212215263
1065 0.14210665657889002 0.4560421901575399 0.029271005931499026 0.030420823637421535
1350 0.1891262366169461 0.47555733576539316 0.05034750988583174 0.05082891848667046
1635 0.34221279144613126 0.6236594801652986 0.059022172927693364 0.03440669303247788
1735 0.39961145597086767 0.6385349231977763 0.04282416996194387 0.019068735456132302
1734 0.4004736190127294 0.6558499689554109 0.05251750494291585 0.02764651000193972
2182 0.39352328205459103 0.6725272859248728 0.03182300296574958 0.01661341515269079
1014 0.41010594559074437 0.6887740392588526 0.030196835969555202 0.014923369395056164
1073 0.45698094559074437 0.6926004119878886 0.0317593359695552 0.015050915152690792
1427 0.21214458395520772 0.41080918061464217 0.17607702174882983 0.11715503333979882
1349 0.2711176773391367 0.3678083507683027 0.07015067391627668 0.039987013335919565
1364 0.2771421842592189 0.3353784880412063 0.07015067391627658 0.039987013335919565
1363 0.28222627368881514 0.3067911024352926 0.07177684091247105 0.041677059093554104
1362 0.28750136410699456 0.273516216829379 0.07340300790866543 0.043367104851188644
1479 0.29056003851756274 0.23692501258701348 0.11635451186299806 0.06556084030732112
1237 0.12116143969642637 0.2967788893989355 0.21233285672980182 0.12790108576539322
1240 0.09834997528542064 0.1256055200038793 0.06982702174882985 0.10848192182065049
1633 0.15315022182537952 0.14653964439990533 0.05541701186299806 0.06058655575957417
1615 0.15221246292813095 0.1887909172787226 0.032523339923887826 0.0338009151526907
1613 0.18095954543764498 0.19505676379496154 0.034276840912471004 0.038615960910325244
1612 0.21123729444906178 0.20223140606883497 0.03421317391627667 0.03705346091032524
1752 0.20645163536153283 0.1657837230382968 0.01814250494291585 0.024840503333979892
688 0.2119349728139627 0.1466351103112004 0.030451503954332715 0.021173369395056162
1614 0.1610873972245309 0.10564357743044347 0.032523339923887826 0.0338009151526907
689 0.19558311954420202 0.24014599425012415 0.04177100593149907 0.03144118969849785
1467 0.31777379593193655 0.20387326758798335 0.032268671939110226 0.027550915152690703
2200 0.3465208784414506 0.21013911410422229 0.01814250494291585 0.024840503333979847
1058 0.2863646284414506 0.20522860243529265 0.016389003954332716 0.020025457576345395
4483 0.24395163536153283 0.16884482122152566 0.03121550790866543 0.03992336939505616
4482 0.2711362178710468 0.17498312198013002 0.031088173916276673 0.036798369395056166
4481 0.31029421836533844 0.17582801592099342 0.0557698389353047 0.031026601517208707
1465 0.3493394723196711 0.1602028869830395 0.029271005931498985 0.030420823637421622
1228 0.3459638270351255 0.4546543886500295 0.10978617688202608 0.05723815727678279
1229 0.35058500144569377 0.4181907301652985 0.10659750988583169 0.055420565761513885
2191 0.36644742338480396 0.3944024148628266 0.03494800296574949 0.016868506667959783
1040 0.34367842684484506 0.3760829784983086 0.04301517095052709 0.02375623545613248
1361 0.3633197647915666 0.355738527589923 0.07327567391627668 0.04024210485118864
1360 0.3676862712173572 0.32552486910519207 0.07340300790866534 0.043367104851188644
1740 0.4286728507611217 0.3485316765317562 0.031088173916276673 0.036798369395056166
1733 0.46054493327063567 0.3550526145632642 0.030960839923887918 0.03367336939505616
1603 0.4868527652858582 0.3634708924430513 0.019577670950527093 0.021843049091614476
1601 0.5125066812934694 0.36870039744402117 0.019577670950527093 0.021843049091614386
2145 0.538224264297275 0.37236740244499095 0.026273339923887917 0.03329073212215263
1727 0.5700326798105946 0.38045084047649896 0.026146005931498982 0.030165732122152632
1179 0.5058136709133461 0.4175365101711176 0.08309634288963733 0.0519448793969957
1758 0.6073589248676787 0.4070132115385451 0.021140170950527094 0.021970594849248924
1716 0.62520034087529 0.41160498775134224 0.019705004942915848 0.024968049091614476
2052 0.6584439223962208 0.4229409715404847 0.01801517095052709 0.021715503333980025
2190 0.35878482060933486 0.4862710504687403 0.030196835969555115 0.014923369395056164
551 0.3672538952101835 0.5285063478933647 0.07640067391627667 0.040497196366457724
1221 0.6225090809894582 0.458416214872525 0.13529551285158128 0.07177888939893542
1653 0.56710665657889 0.49073463623413344 0.032523339923887916 0.03380091515269079
1462 0.7235781269585757 0.24797266457296252 0.03245967292769336 0.0322384151526907
699 0.76949812201566 0.2752365373019986 0.03057883794672147 0.02429836939505616
752 0.735001105209746 0.3523731221493079 0.04926517095052709 0.02426641848667064
1028 0.4161489930427368 0.46351894774358354 0.014762836958138337 0.01833541181871077
2186 0.4111285706093349 0.49054383334949725 0.016389003954332716 0.020025457576345395
1423 0.47684907110362645 0.4935570051701477 0.09317167984777566 0.06989765394280312
1736 0.4245981630046806 0.44853167653175624 0.03338550296574958 0.01674096091032524
1737 0.4276104164647217 0.432316745168208 0.03651050296574958 0.016996052425594144
1001 0.47611158346091614 0.43470816365487863 0.030196835969555202 0.014923369395056164
940 0.5188256654761385 0.44446567198982834 0.03332183596955503 0.015178460910325242
830 0.5980847425484452 0.4807217785080069 0.03651050296574958 0.01699605242559432
2045 0.5911344055903068 0.49739909547746886 0.021140170950527094 0.021970594849248924
4479 0.8702329510651328 0.3038395115482434 0.05570617193911005 0.029464101517208796
4484 0.8279499505708412 0.30273952609211097 0.031151840912470873 0.03836086939505616
4486 0.8030772845632301 0.29757379396995837 0.03434050790866543 0.040178460910325245
740 0.8668877751716899 0.34746196579060884 0.033449169961944136 0.018303460910325243
1504 0.8478048527382882 0.3733389395778117 0.03258700692008247 0.0353634151526907
1514 0.8151833537268711 0.36597297866748646 0.03096083992388756 0.03367336939505616
1888 0.7825446086697871 0.33979324487834395 0.02789950692008212 0.03498077787978708
1921 0.871242352738288 0.37525212594232976 0.01801517095052709 0.021715503333979848
1750 0.8506605973010807 0.39943905397189805 0.03338550296574923 0.01674096091032524
1756 0.8470899283277198 0.410121462456629 0.038200336958138334 0.020248598183228772
741 0.7772058512554133 0.3746306304842576 0.027326503954332716 0.020918277879787082
1922 0.7487306827763441 0.38092855684683596 0.027326503954332716 0.020918277879787082
1944 0.7344135147915666 0.3860306450281252 0.027326503954332716 0.020918277879787082
763 0.7176889298105946 0.3925039145729626 0.030451503954332715 0.021173369395056162
796 0.6955910953239142 0.3961870239660791 0.04177100593149916 0.03144118969849794
1628 0.7587184950199031 0.4820764686655468 0.03651050296574958 0.01699605242559432
1617 0.7951825770351254 0.49132379396995834 0.03338550296574958 0.01674096091032524
683 0.6858513393924153 0.4236105222990891 0.027326503954332716 0.020918277879787082
701 0.7023703359323741 0.441419775633069 0.027326503954332716 0.020918277879787082
1416 0.7850064223962209 0.4332721779088821 0.14763368676785796 0.10704670970237729
2156 0.8336548280237087 0.48976116503200445 0.03807300296574958 0.01712359818322895
2189 0.8308017420541536 0.5020698463955526 0.03651050296574958 0.01699605242559432
1177 0.7732293225865012 0.5106956762418922 0.06833350593149916 0.03360946757828494
1933 0.7219679115218058 0.4798603933611352 0.019641337946721647 0.023405549091614474
2016 0.7036980725865012 0.5050198900271553 0.030196835969555202 0.014923369395056164
2025 0.6777894885941125 0.5060403850261854 0.014890170950527092 0.021460411818710768
2045 0.6496326550960152 0.5045258113887638 0.030196835969555025 0.014923369395056164
1245 0.7198204796968639 0.5517991662399524 0.06692751482874755 0.07554187606301603
1480 0.7977571373015182 0.6012727498793138 0.09061968281352524 0.08370506242753387
1714 0.8347915636892527 0.5580487794260909 0.02283000494291585 0.025223140606883555
698 0.721451963879533 0.6271818035128561 0.027262836958138338 0.019355777879787085
695 0.7929648665412714 0.6996464770004965 0.027326503954332716 0.020918277879787082
1720 0.6469586412558508 0.5701508113887639 0.01964133794672147 0.023405549091614474
807 0.613555892244434 0.5627210775996213 0.01964133794672147 0.023405549091614474
1451 0.6789315414461312 0.6511455909355409 0.03389483893530461 0.029240960910325242
1983 0.6859773788985611 0.632124523966079 0.030133168973360824 0.013360869395056162
1972 0.687236131370019 0.6204695468448963 0.030133168973360824 0.013360869395056162
1441 0.7712317879860902 0.6751408135147957 0.04001750494291585 0.0266261439408634
1085 0.7451030281002584 0.7200388542714604 0.017824169961943782 0.017028003333980024
1421 0.635954815666419 0.5324116953276876 0.070851010874415 0.057174513335919386
1430 0.7769432771116752 0.7273410423029685 0.04164367193911023 0.028316189698497852
1876 0.7127216096211892 0.7260179162399525 0.03807300296574958 0.017123598183228773
1962 0.6772589534994097 0.6729568180567236 0.03338550296574958 0.01674096091032524
1954 0.675250784526049 0.6837667722990891 0.030196835969555025 0.014923369395056164
2036 0.6357744490507855 0.6907343783582258 0.016452670950527094 0.02158795757634522
1422 0.6059423690127294 0.6726222360843522 0.038582338935304605 0.02962359818322895
1249 0.5928494614080752 0.6284418013868243 0.13379667984777566 0.07321384364130097
1420 0.6348433018262545 0.5981642410853221 0.04495967292769336 0.03325878121376711
1358 0.4692501353243518 0.5838631407760614 0.05465300790866543 0.041836555759574165
2157 0.46558130726346203 0.5584805035031577 0.03188666996194396 0.01817591515269079
992 0.46475097771969753 0.5403842077455232 0.046140170950527096 0.02401132697140156
2123 0.520670713879533 0.6107921736568184 0.01964133794672147 0.023405549091614474
2137 0.5012349643738248 0.6068541016863866 0.019577670950527093 0.021843049091614476
929 0.501677974753948 0.557507805928752 0.026273339923887917 0.03329073212215263
886 0.5495106382901012 0.5763054744154227 0.030196835969555025 0.014923369395056164
918 0.5157868957044751 0.5382794448686455 0.03182300296574958 0.01661341515269079
1768 0.5478990587463368 0.5581454057789709 0.06033000494291585 0.028284238790112326
697 0.823197489088404 0.5155583904861973 0.030451503954332538 0.021173369395056162
682 0.8239959851340715 0.5344359362438318 0.030387836958138337 0.019610869395056164
691 0.8027192099252005 0.6526279557886692 0.024201503954332536 0.020663186364518006
1954 0.6723194441078697 0.7172329765414546 0.03651050296574958 0.01699605242559432
1962 0.6727969465793275 0.7055142265414546 0.03338550296574958 0.01674096091032524
2061 0.5956441975679108 0.6945132115385451 0.019705004942915848 0.024968049091614476
2072 0.5723658650583967 0.688693775174027 0.022893671939110228 0.026785640606883376
4204 0.9864163665784524 0.31881042049201624 0.009595175893443298 0.04438772878817261
4266 0.9469891106469536 0.3438105494299702 0.046076503954332534 0.022448826971401558
3508 0.9358062129281309 0.2527551147324421 0.029271005931499162 0.030420823637421712
4241 0.9045416254757012 0.26979922245856863 0.02601867193911005 0.027040732122152633
4375 0.9020877875289794 0.2915466767009341 0.02451983893530496 0.028475686364518006
3561 0.8972437786317311 0.33347908518566505 0.02589133794672165 0.023915732122152544
2844 0.8925416911793012 0.3526914707915787 0.030451503954332538 0.021173369395056162
3877 0.888557186730677 0.37353012927630963 0.02589133794672165 0.023915732122152544
4234 0.8861988492782469 0.39293383351867506 0.029143671939110403 0.027295823637421713
2693 0.8893729288220115 0.4112214479127614 0.024201503954332536 0.020663186364518183
4341 0.8770877875289795 0.28950594457878154 0.02589133794672165 0.023915732122152544
2644 0.8377533734985347 0.2737535277591009 0.030133168973360824 0.013360869395056162
2756 0.7926955414833122 0.26380470078769935 0.03026050296574958 0.01648586939505616
4367 0.8231205291260226 0.3250769116980246 0.03032416996194378 0.018048369395056163
4369 0.7966853631184114 0.3197836338182375 0.027199169961943957 0.017793277879787083
4241 0.8208576921678844 0.34213686594039006 0.02601867193911005 0.027040732122152633
3280 0.8028889421678844 0.3406700897275929 0.021076503954332537 0.020408094849248926
3766 0.7902470207230656 0.3623697465453339 0.027326503954332716 0.020918277879787082
32 0.8298573018634358 0.2174557303344764 0.0582236768820259 0.053029147274843244
4320 0.7470647065023404 0.26791837381629785 0.029271005931498985 0.030420823637421622
3269 0.8666357657801498 0.3921207615482434 0.021076503954332537 0.020408094849248926
3555 0.8447952578714844 0.42796266669899446 0.04320617193911005 0.02844373545613248
4168 0.8227902652858582 0.3908932303344764 0.025636669961943782 0.017665732122152545
4368 0.8002295157801498 0.38670006684877567 0.021076503954332537 0.020408094849248926
4179 0.8184065128144002 0.4022931159403901 0.027199169961944138 0.017793277879787083
2845 0.762139266768733 0.37888769578672954 0.038582338935304605 0.02962359818322886
3563 0.7165004560080488 0.2677749815424244 0.025764003954332714 0.020790732122152634
2644 0.7081467865403963 0.28041850275425173 0.023819501977166268 0.011288186364518005
3516 0.7020586126241197 0.3144108654813481 0.024265170950527094 0.022225686364518004
2856 0.7001631901907179 0.34169084260253085 0.027581171939110406 0.027168277879787085
3878 0.7156462687458992 0.3656863230576935 0.0354573389353046 0.029368506667959694
3900 0.7012654337649273 0.3723509112389826 0.038582338935304605 0.029623598183228773
4122 0.8454518324723331 0.4695602353354462 0.027199169961944138 0.017793277879787083
4157 0.8433799965027777 0.48193268957781166 0.024010502965749227 0.015975686364518005
4318 0.8217914979856527 0.4731157989709282 0.02914367193911005 0.027295823637421713
4303 0.844100238099821 0.5219677582142636 0.02289367193911005 0.026785640606883376
2644 0.7971761585560564 0.5001088626064101 0.02219333498097189 0.009598140606883377
2728 0.7662789856283629 0.527372993211354 0.024137836958138335 0.01910068636451818
2728 0.7379921595446396 0.4905746238162978 0.02225700197716627 0.011160640606883376
3199 0.795596412510389 0.4811675439699584 0.02876166996194396 0.017920823637421535
3232 0.7614760804951667 0.47211153730199856 0.03032416996194378 0.018048369395056163
4304 0.7252812539171517 0.4370191891187698 0.04983817391627667 0.03832891848667046
4323 0.7236723329666246 0.4572679162399524 0.0354573389353046 0.029368506667959694
3889 0.7055616615218059 0.4785211629059726 0.02595500494291585 0.02547823212215263
4422 0.7289209070731817 0.5015918721493079 0.021076503954332537 0.020408094849248926
3976 0.7025494080617648 0.4947360942695208 0.03969916996194396 0.0188136439408634
3765 0.8287816442216004 0.57088361927437 0.027071835969555025 0.014668277879787084
3648 0.8180404623966584 0.6421208904861972 0.024201503954332536 0.020663186364518006
3507 0.7401210508376714 0.6114610797256532 0.026146005931498982 0.030165732122152632
2644 0.8097531185184378 0.6916107074556591 0.023883168973360826 0.012850686364518004
2682 0.804764529583133 0.7178543430615728 0.024201503954332536 0.020663186364518006
1449 0.7141395295831331 0.7104566891187698 0.04320617193911023 0.028443735456132303
4316 0.7768305305717164 0.7108710194241512 0.03663783695813834 0.020121052425594144
4363 0.766497867035563 0.6951344491207093 0.025891337946721472 0.023915732122152634
2644 0.7307924717881985 0.5903195323010287 0.02538200197716627 0.011415732122152633
4319 0.7184052183281574 0.6057691891187698 0.022957338935304605 0.028348140606883378
3514 0.6956362217881985 0.5874497527542517 0.024201503954332716 0.020663186364518006
3986 0.683929400647391 0.5284893409355409 0.026146005931499162 0.030165732122152632
4343 0.6767243957044751 0.5514166579050027 0.026018671939110227 0.027040732122152633
4006 0.6640188072634621 0.5746788147227437 0.027644838935304606 0.028730777879787082
3932 0.6919382188224489 0.6012571612389827 0.03663783695813834 0.02012105242559432
3943 0.689116966350991 0.6127845926025308 0.038200336958138334 0.02024859818322895
4342 0.6644671348300601 0.6021501104803783 0.026146005931499162 0.030165732122152632
3490 0.6298294910655704 0.49036771653951494 0.04295150395433271 0.022193735456132478
4010 0.616947489088404 0.4987223504784386 0.039762836958138335 0.0203761439408634
2784 0.6617652405712787 0.49532615457102286 0.023946835969555026 0.014413186364518004
2911 0.6298666417501424 0.5664040580547839 0.026082338935304605 0.028603232122152634
4352 0.7856179401535369 0.7452938168487757 0.02732650395433254 0.020918277879787082
3210 0.7428401911421201 0.7370988085138259 0.029016337946721472 0.024170823637421533
3833 0.7107134406478285 0.7368278704823179 0.04301517095052709 0.02375623545613248
4321 0.6717146076440229 0.7320767265414545 0.04301517095052709 0.02375623545613248
3822 0.7075274322448715 0.7765440747246835 0.04295150395433271 0.022193735456132478
3993 0.6698510187087182 0.7585754536626373 0.03657416996194378 0.018558552425594323
3997 0.6670615997353575 0.7693216350261854 0.038200336958138334 0.02024859818322895
3057 0.7823709233476229 0.8249813168487755 0.024201503954332716 0.020663186364517826
4317 0.7815114188989987 0.8460750668487756 0.02758117193911023 0.027168277879787085
3153 0.7339825028913874 0.8390599212409224 0.024201503954332716 0.020663186364517826
4190 0.725545261788636 0.7960433738162978 0.024201503954332716 0.020663186364518183
2756 0.698664426807664 0.8016875959365107 0.023883168973360826 0.012850686364518183
4371 0.6971510063514286 0.8195925730576935 0.025891337946721472 0.023915732122152634
2644 0.6949518363894847 0.835090027300059 0.023946835969555026 0.014413186364517827
2766 0.6802964287848304 0.7907820468448963 0.023946835969555026 0.014413186364518004
2775 0.633676096769608 0.7807056741158602 0.022384335969555202 0.014285640606883376
2685 0.6594454179104154 0.8408139977532819 0.02407416996194378 0.017538186364517826
2680 0.6330420854009015 0.8347394698734949 0.024201503954332716 0.020663186364517826
4372 0.649006619507021 0.673785994419302 0.024201503954332716 0.020663186364518006
3518 0.6305112874917985 0.6660054453276876 0.027199169961943957 0.017793277879787083
4001 0.6498051155526883 0.6926635401769365 0.024519838935304607 0.028475686364518006
3921 0.6312633625869387 0.7052592639641394 0.039762836958138335 0.0203761439408634
3911 0.6292233601154809 0.7168504682065049 0.038200336958138334 0.020248598183228772
2844 0.6334360162372603 0.767360651237043 0.02876166996194396 0.017920823637421535
2732 0.6093764337277463 0.7614774419937077 0.027262836958138338 0.019355777879787085
2784 0.6136673442981501 0.7908301021454285 0.023946835969555026 0.014413186364518183
2671 0.609714673347623 0.8108875106301596 0.024137836958138335 0.019100686364517828
2811 0.590692759317178 0.7967931886597278 0.031342841901054186 0.043048369395056164
1345 0.9025374792025722 0.5690657698831931 0.16843957117798852 0.35012703000581913
1345 0.8608169169218323 0.8558899075908929 0.1882135603035735 0.28822018481821415
1345 0.06547646688246365 0.45899210485118863 0.1309529337649273 0.2898592097023773
1345 0.04284543870784318 0.7029016015172087 0.08569087741568636 0.2433032030344174
4370 0.7078086165412715 0.6926952332094143 0.03032416996194396 0.018048369395056163
2249 0.6739920320545911 0.6954217494202718 0.02876166996194378 0.017920823637421535
4344 0.5810697030051182 0.6674565039621998 0.026082338935304605 0.028603232122152634
3517 0.5665840972638996 0.7728774565375752 0.027199169961943957 0.017793277879787083
4305 0.5650070098114697 0.7923449336587579 0.026273339923887917 0.03329073212215263
3188 0.7543613284808192 0.8775643118478058 0.02589133794672165 0.023915732122152634
2644 0.7668321535759594 0.9177747236665166 0.022320668973360824 0.012723140606883732
4178 0.7324889870740566 0.9141874669985569 0.043078837946721474 0.025318735456132658
2889 0.6469308304579856 0.8593886545710229 0.04132533695813834 0.020503689698497852
4205 0.6380532375683482 0.9041271986616675 0.030451503954332715 0.02117336939505634
4047 0.5475993339180267 0.8348194760824125 0.023021005931498983 0.029910640606883733
4083 0.5282909184047071 0.8277564041119809 0.02302100593149916 0.029910640606883733
2644 0.7463140651349465 0.9403991516960849 0.02069450197716627 0.011033094849248925
3515 0.741198142207253 0.9697677873019988 0.024265170950527094 0.022225686364517827
3196 0.7558363037662399 0.9909345872874511 0.022893671939110228 0.018130825425097898
3766 0.7758941357814623 0.9967779868332582 0.025700336958138337 0.006444026333483422
2700 0.7310763842985876 0.9996798462263747 0.023946835969555203 0.0006403075472505293
3500 0.6933535498119072 0.9953511492559433 0.027963173916276673 0.009297701488113574
2745 0.6723871338042959 0.9976789882707273 0.02407416996194378 0.004642023458545452
3433 0.5502747118651857 0.9906720237969011 0.22266817885919252 0.018655952406197683
352 0.5407311348672412 0.19542226517208738 0.1292258794672147 0.2285710233378592
3493 0.6586004312934695 0.3806259257828502 0.038200336958138334 0.020248598183228862
4183 0.622917599278247 0.37144237335725594 0.039762836958138335 0.0203761439408634
2234 0.7346722054765762 0.6682372382103842 0.016452670950527094 0.021587957576345396
2234 0.7314052840317574 0.6907021695739324 0.016452670950527094 0.02158795757634522
2234 0.7499961165412714 0.6961389686655468 0.016452670950527094 0.021587957576345396
2234 0.706356204487993 0.6706289145729626 0.016452670950527094 0.02158795757634522
1164 0.7395016269213948 0.6458998526044705 0.016452670950527094 0.021587957576345396
1164 0.5947913047920041 0.5807855513868242 0.028570668973360823 0.013233323637421534
2234 0.5903120518262546 0.5945291869927378 0.030196835969555025 0.014923369395056164
2867 0.6796477603429423 0.4027240663897337 0.038582338935304605 0.029623598183228773
2900 0.6661118423581647 0.4078899274498401 0.032268671939110226 0.027550915152690793
3201 0.5871711002668301 0.3638213209316616 0.03663783695813834 0.02012105242559432
3200 0.5514882682516077 0.35463776850606726 0.04295150395433271 0.022193735456132478
4209 0.5032417692401909 0.34599635001939666 0.04920150395433272 0.022703918486670638
2645 0.6789328359323741 0.4395065892685509 0.024201503954332716 0.020663186364518006
4018 0.6422923403809984 0.4153517410853221 0.022893671939110228 0.026785640606883376
4241 0.6260625039171517 0.4289200335089768 0.039762836958138335 0.0203761439408634
4181 0.5892310073771927 0.4094526853257479 0.024456171939110226 0.026913186364518005
2700 0.5762216714076377 0.42093231926467156 0.022320668973360824 0.012723140606883376
4182 0.5698270913695815 0.4047333633553162 0.026018671939110404 0.027040732122152633
4083 0.5511725918638731 0.4008590642637017 0.022893671939110228 0.026785640606883376
4111 0.5317368423581648 0.39692099229327005 0.026018671939110227 0.027040732122152543
3069 0.507709093346748 0.3902565330499348 0.022957338935304605 0.028348140606883555
3120 0.4828682608372339 0.38430955092778224 0.02595500494291585 0.02547823212215263
4128 0.45252684482962263 0.3786974086539088 0.026018671939110227 0.027040732122152633
4156 0.43234167882201147 0.37391431380465984 0.026018671939110404 0.027040732122152543
3290 0.4170641887078432 0.32563631047068 0.027326503954332716 0.020918277879787082
3291 0.409158846806789 0.3657511274401418 0.021076503954332713 0.020408094849248926
3490 0.6314238245636676 0.48971401229714945 0.04132533695813834 0.020503689698497852
4424 0.5532152529285684 0.4276766557789708 0.021076503954332713 0.020408094849248926
2644 0.5456919130046807 0.4584164727484327 0.02225700197716627 0.011160640606883553
2933 0.5366524940313199 0.4686524710814428 0.039762836958138335 0.0203761439408634
3564 0.5413890735750844 0.48706763123316366 0.024265170950527094 0.022225686364518004
3692 0.5297194031188489 0.5041435609297219 0.026018671939110404 0.027040732122152633
4494 0.5762760681378769 0.515782433658758 0.04464133794672147 0.02544628121376693
1164 0.5592013146778358 0.5308494532035953 0.014826503954332715 0.019897911818710767
1164 0.5398292321683218 0.5253488812331637 0.014826503954332715 0.019897911818710767
3021 0.5476908117120863 0.5440191329001536 0.039762836958138335 0.0203761439408634
2989 0.5498462193167406 0.5873067472942399 0.039762836958138335 0.0203761439408634
3036 0.5230118052862957 0.5725746965356355 0.02595500494291585 0.02547823212215263
2700 0.5229972178338658 0.5921697194144528 0.023946835969555026 0.014413186364518183
4103 0.5051558018262545 0.5875779432016557 0.026082338935304605 0.028603232122152634
4494 0.44656600490573484 0.4095647713810052 0.026082338935304605 0.028603232122152634
2234 0.4209120888981236 0.40433526638003536 0.026146005931499162 0.030165732122152632
2791 0.40670235026683005 0.3490897859248728 0.020821835969555023 0.014158094849248926
3157 0.38505284334674783 0.38024419107562374 0.039762836958138335 0.0203761439408634
3498 0.39675700589431806 0.40079580713670004 0.026018671939110227 0.027040732122152633
3047 0.5075061634989723 0.4529478516863866 0.038200336958138334 0.02024859818322895
4153 0.4624483314837498 0.4429990247149851 0.038200336958138334 0.02024859818322895
3111 0.4968724110275143 0.4638375542617621 0.039762836958138335 0.0203761439408634
4152 0.4596270790122919 0.45452645607853326 0.038200336958138334 0.02024859818322895
2644 0.41861741844188816 0.42217647062240077 0.02531833498097207 0.009853232122152633
4159 0.32985600737719273 0.38828008955841503 0.03663783695813834 0.02012105242559432
2644 0.4054197400769873 0.47675240031895905 0.02069450197716627 0.011033094849248925
4345 0.4646063976816414 0.5246954348667059 0.04301517095052709 0.02375623545613248
3145 0.4195803991645162 0.5139653578953045 0.026018671939110227 0.027040732122152633
4154 0.39939523315690495 0.5091822630460555 0.026018671939110227 0.027040732122152633
3497 0.39003482060933486 0.488821965621431 0.03663783695813834 0.02012105242559432
4218 0.3673321496588078 0.5073488250145475 0.039762836958138335 0.0203761439408634
4158 0.3662153186321685 0.49628377925691297 0.04295150395433271 0.022193735456132478
3100 0.42356756220637787 0.531535495168208 0.039762836958138335 0.0203761439408634
4123 0.4322422252482395 0.5494882697140152 0.039762836958138335 0.0203761439408634
3499 0.33024598513407133 0.49413147683131864 0.022957338935304605 0.028348140606883555
2644 0.30460665657888997 0.46930694895153147 0.022384335969555202 0.014285640606883376
4089 0.5058123764271032 0.6291755118381074 0.026018671939110404 0.027040732122152633
3287 0.46760938087572745 0.6048931178972442 0.031950336958138335 0.019738415152690793
3551 0.5582688729670621 0.6499183175976817 0.05232650395433271 0.022959010001939718
2644 0.5273372079480341 0.6395549024449909 0.02225700197716627 0.011160640606883376
4038 0.5598486190127294 0.6688596362341335 0.022893671939110228 0.026785640606883376
4027 0.5543016145641051 0.6895707489612299 0.026018671939110227 0.027040732122152633
3491 0.5232134406478285 0.7215223795661737 0.03663783695813834 0.02012105242559432
3492 0.46527094806220226 0.6815193907760614 0.04132533695813834 0.020503689698497852
3494 0.39924404144613124 0.6283149003189591 0.039762836958138335 0.0203761439408634
2644 0.372968042929006 0.619115372439172 0.02069450197716636 0.011033094849248925
3496 0.29748788186431063 0.5863031303150799 0.026018671939110227 0.027040732122152633
2644 0.31088187840426956 0.6038572921337906 0.019132001977166357 0.010905549091614475
3288 0.3344812044879929 0.6402730242559431 0.03032416996194396 0.018048369395056163
2718 0.34440003254888263 0.6661658445593849 0.029016337946721472 0.024170823637421533
3089 0.42525344311928637 0.701768246835198 0.03864600593149916 0.03118609818322895
2644 0.47941436110406405 0.6999185754735894 0.01151050296574958 0.014955320303441866
4306 0.5041132721687592 0.7285855804745592 0.04502333992388792 0.03482128121376711
4180 0.5393676812562884 0.7675204057789708 0.038582338935304605 0.02962359818322895
4094 0.5127096807619967 0.7676958778991837 0.038582338935304605 0.02962359818322895
4116 0.49749851623726027 0.7562641703228384 0.04177100593149916 0.03144118969849785
3011 0.5062859258190808 0.7906869677474628 0.03870967292769336 0.03274859818322877
2721 0.314154117035563 0.6582099522855114 0.03057883794672147 0.02429836939505616
4160 0.28966345300511814 0.6436692201633589 0.037019838935304604 0.029496052425594322
2644 0.4991764213704566 0.8112705347169247 0.024074169961943958 0.017538186364517826
2646 0.5031954179104154 0.8280594219898283 0.038518671939110405 0.02806109818322895
3433 0.47679474399413885 0.8603936898676757 0.10579901384016441 0.07404302000387944
2769 0.5233686550588341 0.8908463354755292 0.022384335969555025 0.014285640606883376
2775 0.5149221436901277 0.9442424024449909 0.023946835969555026 0.014413186364517827
3027 0.45460406760640437 0.9048293450184268 0.039762836958138335 0.0203761439408634
4187 0.4448152321311408 0.9142203204726196 0.039762836958138335 0.0203761439408634
3197 0.4840859791653912 0.9315352372923001 0.04451400395433271 0.022321281213766753
4186 0.4373064796596829 0.9253651145632642 0.04132533695813834 0.020503689698497852
2249 0.42362332304361183 0.876433406986919 0.017633168973360824 0.012340503333980023
3557 0.3773876515987931 0.8953908300155173 0.09336268083635879 0.07458515394280311
2644 0.47893822273960057 0.9616851228982138 0.023883168973360826 0.012850686364517827
3079 0.3957928003061988 0.9823327206224007 0.04301517095052709 0.023756235456132656
2771 0.3028505666178211 0.8971449065278769 0.03057883794672147 0.024298369395056342
2770 0.2717597341083071 0.8906877413751861 0.03057883794672147 0.024298369395056342
3168 0.21850740011591832 0.8894761856156119 0.0354573389353046 0.029368506667960047
3495 0.18972848410830712 0.883991589099373 0.026018671939110227 0.027040732122152633
3687 0.1680352148309352 0.9739310628865759 0.030260502965749492 0.016485869395056342
32 0.2609574046389047 0.0785227101614192 0.05309050790866543 0.041709010001939675
3565 0.32264963832728233 0.16115960910325242 0.02876166996194396 0.017920823637421625
3504 0.2582515573006431 0.1449289601614192 0.049074169961943956 0.019578918486670593
2756 0.22637947479112905 0.13840802212991124 0.023883168973360736 0.012850686364518004
4347 0.34835263387865806 0.18442163698303954 0.022893671939110228 0.026785640606883508
4168 0.3441625409890207 0.22954281834658774 0.027199169961943957 0.017793277879787083
3566 0.29553138140720014 0.1918676041022826 0.024201503954332716 0.020663186364518006
3183 0.2692089619395478 0.20304434910131275 0.022893671939110228 0.026785640606883467
4346 0.2513357124338394 0.1992338228885156 0.022893671939110228 0.026785640606883508
4350 0.23343062943003376 0.19620454667571846 0.023021005931499073 0.02991064060688351
4171 0.22194930136914398 0.17018418061464216 0.026146005931498982 0.030165732122152546
3192 0.19144605927780942 0.1300694925831342 0.046076503954332715 0.022448826971401513
4309 0.18821097133108794 0.15175317394668236 0.027963173916276583 0.03654327787978708
3503 0.22825103950614595 0.22713568228163208 0.026018671939110227 0.027040732122152633
3189 0.1643477069966319 0.21800005621861612 0.02445617193911027 0.026913186364518005
3191 0.14266370798521508 0.21152691561173267 0.02445617193911027 0.026913186364518005
3439 0.14886728703468802 0.23241337152108804 0.04295150395433271 0.022193735456132478
4310 0.14682728456323008 0.24400457576345352 0.053952670950527096 0.024649055759574167
3292 0.24006794859367492 0.26415732122152563 0.024265170950527094 0.022225686364518004
2791 0.24099377863173102 0.27990986697916015 0.020821835969555114 0.014158094849248926
3293 0.23413894216788428 0.29424343394862207 0.02276633794672147 0.023660640606883464
2791 0.23581418870784318 0.31084100258507386 0.020821835969555114 0.014158094849248926
3294 0.22824176924019085 0.3235482966757185 0.024265170950527094 0.022225686364518004
2791 0.23301018228205256 0.3411822068274393 0.023946835969555113 0.014413186364518004
3270 0.22462467931630306 0.3546069780392666 0.02595500494291585 0.02547823212215263
2791 0.2241153433467479 0.3671069780392666 0.022320668973360734 0.012723140606883555
2644 0.200565096806789 0.34872376879593137 0.023819501977166358 0.011288186364518005
3506 0.13450369809938334 0.2578917325811945 0.046076503954332715 0.022448826971401558
2843 0.32801627616027307 0.2987711794066942 0.023946835969555203 0.014413186364518004
2843 0.32127418623638526 0.32957476925497325 0.023946835969555203 0.014413186364518004
2843 0.3153451798105946 0.3596608819820697 0.023946835969555113 0.014413186364518004
2728 0.2818986684418881 0.41101621682937906 0.022257001977166357 0.011160640606883376
2700 0.2769100795065834 0.43725985243529264 0.022384335969555115 0.014285640606883554
2644 0.2743607410655704 0.4613510566776581 0.02225700197716627 0.011160640606883553
4349 0.14647316300468063 0.425828531672809 0.039826503954332716 0.021938643940863402
2644 0.14117550935435913 0.3634720528846363 0.017633168973360737 0.012340503333979846
2791 0.16598982555225078 0.44701787652205793 0.023946835969555113 0.014413186364518004
3190 0.11975415410743206 0.46597529955065636 0.022893671939110228 0.026785640606883376
3154 0.11447906368925267 0.49925018515657005 0.026082338935304695 0.028603232122152634
3271 0.1945976452101835 0.5144125416747486 0.027581171939110315 0.027168277879787085
2644 0.2832953892786845 0.5498714227387345 0.023883168973360736 0.012850686364518004
3502 0.2234256407615592 0.5379296610698048 0.04295150395433271 0.022193735456132478
2843 0.16232631467783584 0.49845283076442337 0.02401050296574949 0.015975686364518005
4145 0.14799455924062838 0.5231499418245298 0.039826503954332716 0.021938643940863402
3198 0.17962921981103214 0.5547346527348551 0.039762836958138335 0.0203761439408634
4137 0.14514147327107324 0.535458623188078 0.03663783695813834 0.02012105242559432
4151 0.1431014707996153 0.5470498274304434 0.039762836958138294 0.0203761439408634
3186 0.26929921486811625 0.5855698066776581 0.022957338935304605 0.028348140606883555
3182 0.251457798860505 0.580978030464861 0.023021005931499073 0.029910640606883553
2644 0.2307142173395742 0.5706624127367947 0.023883168973360736 0.012850686364518004
3127 0.15499663433576857 0.5629139434915198 0.039762836958138335 0.0203761439408634
4426 0.15364238137001907 0.5769126706127026 0.03520267095052709 0.02311850666795969
3135 0.12298263038143589 0.579113028338829 0.02445617193911027 0.026913186364518005
4155 0.10354688087572747 0.5751749563683973 0.02295733893530465 0.028348140606883555
2682 0.07563012790997796 0.587005405609793 0.024137836958138294 0.01910068636451818
3505 0.10570228848038173 0.6184625707624838 0.03701983893530465 0.029496052425594145
2644 0.09659920251082658 0.6302610690954937 0.023883168973360736 0.012850686364518004
2644 0.13612461752985464 0.6413259859151743 0.023883168973360736 0.012850686364518183
4161 0.2650308675298546 0.6518485109200236 0.04014483893530461 0.029751143940863402
4163 0.21544470300511817 0.6376107966757184 0.03870967292769345 0.03274859818322895
3178 0.23601452958313313 0.6714276872826019 0.043397172927693364 0.03313123545613248
3184 0.18767253007742474 0.6651300187959313 0.038582338935304696 0.02962359818322895
4165 0.15486003007742472 0.6624515578856061 0.03689250494291585 0.026371052425594142
4167 0.13748152908884154 0.6657360545516262 0.03851867193911027 0.028061098183228772
4169 0.12231944410786959 0.6723368698540981 0.03701983893530465 0.029496052425594322
3187 0.10932735418398176 0.7026302766718391 0.03545733893530465 0.029368506667959694
1381 0.31406659232098366 0.775780089558415 0.42077139231879607 0.31310448850024813
2757 0.12015476623726026 0.7254618698540981 0.027262836958138338 0.019355777879787085
2758 0.11695151178863598 0.7463643012176464 0.027326503954332716 0.020918277879787082
4346 0.09796143125628834 0.7314887292472146 0.022893671939110273 0.026785640606883376
3557 0.07693134825248271 0.7282043615191485 0.027899506920082206 0.03498077787978708
4173 0.08265742483049769 0.7608095674285038 0.03701983893530465 0.029496052425594322
2655 0.06499242235903975 0.7711253140945239 0.02101283695813829 0.018845594849248925
3185 0.15732716099033323 0.8327480824314133 0.03689250494291585 0.026371052425594142
3495 0.1912909841083071 0.8841191348570077 0.026018671939110227 0.027040732122152633
4437 0.1679808181006959 0.8790809484924896 0.026018671939110272 0.027040732122152633
4166 0.13690457304361175 0.8530287604609816 0.026146005931499072 0.030165732122152632
4188 0.14711521977385109 0.9487079222796926 0.02126750494291585 0.025095594849248927
2220 0.14791105722628098 0.9291766722796926 0.016452670950527094 0.02158795757634522
3765 0.13150214863304358 0.8894286460668953 0.023883168973360736 0.012850686364518183
2833 0.10197381612352956 0.8830990266718391 0.023883168973360736 0.012850686364517827
3438 0.07397615011591833 0.8776782030344175 0.020821835969555114 0.014158094849248926
4170 0.10822115753029213 0.8452004139447429 0.02445617193911027 0.026913186364517828
4172 0.08253540802458373 0.8407521589437728 0.02295733893530465 0.02834814060688373
2700 0.1343897266939333 0.9147475104609818 0.023883168973360736 0.012850686364517827
2644 0.13641780030619874 0.9611601248550679 0.01906833498097198 0.009343049091614476
3272 0.11825804931761559 0.9643808486422708 0.03969916996194391 0.0188136439408634
4206 0.07866896730239314 0.9548784318225902 0.03807300296574954 0.01712359818322895
2728 0.060552978671099655 0.8993140869733413 0.019132001977166357 0.01090554909161412
2745 0.05004921878526791 0.9454875853063512 0.020821835969555134 0.014158094849248926
4375 0.1438972386312935 0.06583177833882906 0.04295150395433271 0.022193735456132437
3556 0.14026290266173835 0.07807668682355998 0.04451400395433271 0.022321281213766996
2791 0.13873489475307296 0.11557668682355997 0.020758168973360736 0.012595594849248926
2728 0.06677898171121127 0.0924583090935541 0.017505834980971958 0.00921550333397989
2644 0.05839613733869915 0.14429187606301594 0.019132001977166357 0.01090554909161443
3273 0.12961987992432536 0.18537900379302186 0.022893671939110273 0.026785640606883467
3509 0.09215171342242254 0.18153665560979299 0.039762836958138294 0.0203761439408634
3193 0.12166545847950667 0.20746129788366643 0.026146005931499027 0.030165732122152546
3751 0.0894776995822581 0.247161655609793 0.04295150395433269 0.022193735456132478
2762 0.049856784068938474 0.23844048879011231 0.030260502965749513 0.01648586939505616
2728 0.18294119809938333 0.26184565106786517 0.022320668973360734 0.012723140606883555
4307 0.056563157036000546 0.8433351539428031 0.026337006920082208 0.03485323212215263
4308 0.03631432403219494 0.8401145590935541 0.02471083992388783 0.03316318636451783
4311 0.018504741522680924 0.8347415328807569 0.027899506920082216 0.03498077787978708
3194 0.04108539566729404 0.8961572650029094 0.02458350593149905 0.030038186364517827
4174 0.02168147965968283 0.8914379430324779 0.02458350593149905 0.030038186364517827
2644 0.9608234589737983 0.2736096197334119 0.02225700197716627 0.011160640606883465
1780 0.7096549594309087 0.6473827332094143 0.01964133794672147 0.023405549091614474
1780 0.5846005627006695 0.5423289582045652 0.032523339923887916 0.03380091515269079
1238 0.7926995641835444 0.5522612939699585 0.06571784190105419 0.04585437606301603
277 0.7111936017125238 0.7635179162399525 0.020821835969555023 0.014158094849248926
277 0.7487599273019556 0.8034253101808158 0.01619800296574958 0.015337957576345217
37 0.6559675908381088 0.8107438604803783 0.04320617193911023 0.028443735456132657
5 0.26986697026814266 0.9563765142540035 0.13816584486680378 0.06578398091420468
137 0.3059994243362061 0.7813923607702424 0.20273236364988403 0.15982076546195145
262 0.3688163952101835 0.5286338936509993 0.030133168973360734 0.013360869395056162
310 0.4747188853243518 0.5843095509277823 0.03338550296574958 0.01674096091032524
300 0.42172517239622087 0.4036177892588526 0.016070668973360826 0.012212957576345395
324 0.18824948612265452 0.47783731288657594 0.014762836958138292 0.01833541181871077