4339 0.0743067045469524 0.217386323052483 0.01704322402541769 0.08152273538950343
4251 0.07740838514791737 0.26341188920510716 0.01110114123370205 0.009565914772652385
3997 0.10384420008272552 0.22546187581242655 0.014253414772652384 0.011182961850553053
3027 0.11997771469322212 0.24080050365344796 0.014362508928453721 0.017432961850553052
3489 0.11013115625123573 0.17849141842610033 0.012718188311602718 0.012718188311602718
3587 0.15092375162485308 0.21292491964391633 0.01776024431795715 0.03311250892845372
4405 0.18529479748493777 0.16780728855648402 0.011155688311602718 0.012690914772652384
3993 0.19072659131642758 0.2145731944006827 0.012690914772652384 0.011155688311602675
2955 0.19684990625123572 0.17697773701435648 0.00953864123370205 0.00953864123370205
3633 0.22639135592692416 0.22957090300482488 0.03944432954530477 0.02255683847375849
3431 0.2353708896121442 0.2520635117711228 0.056522735389503434 0.01660684740221221
3501 0.2564430945628384 0.16344134253424356 0.012718188311602674 0.012718188311602718
4006 0.2588044354722289 0.20713679545634286 0.014253414772652384 0.011182961850553053
3058 0.26863340300482486 0.22570951745316567 0.014389782467404012 0.018995461850553053
3588 0.2949328502448813 0.19557200406048508 0.01776024431795715 0.033112508928453764
4408 0.32764593871863984 0.1559503965120031 0.012718188311602674 0.012718188311602718
3011 0.34469707102388814 0.16346288758354938 0.012690914772652384 0.011155688311602763
3510 0.4019874196439163 0.14762365341186195 0.014307961850553141 0.014307961850553053
2561 0.3679067000827255 0.2208526477298191 0.06030230032431154 0.054161394480112965
4066 0.40433512378383163 0.19210035633396128 0.012663641233702094 0.009593188311602718
3178 0.41106636485537795 0.20916512540868473 0.014362508928453721 0.017432961850553052
3589 0.44212149594281025 0.1750395413991531 0.01937729139585791 0.0362647824674041
4409 0.47553401379971766 0.14009179708119596 0.012718188311602674 0.012718188311602718
4094 0.4786220576312076 0.18689861323382012 0.014226141233702094 0.009620461850553052
3145 0.5016658656661568 0.07481167045799053 0.018968188311602675 0.0128272824674041
4116 0.5419851282480586 0.18110653490633136 0.012690914772652384 0.011155688311602718
3513 0.5444476550334197 0.12951676136738102 0.011128414772652384 0.011128414772652384
3154 0.5510873928585551 0.1965678936726293 0.0144170560063543 0.02055796185055305
3590 0.582115250407037 0.16400480966309766 0.01776024431795715 0.03311250892845372
4410 0.6171857256502709 0.12356104180619021 0.012718188311602674 0.012718188311602718
4111 0.6210141091733351 0.1726979711893392 0.014253414772652384 0.011182961850553053
3210 0.6331362337679456 0.23887239610826133 0.009538641233702095 0.009538641233702095
3514 0.679781183036597 0.1170013502481766 0.009538641233702095 0.009538641233702006
4178 0.6851993400986116 0.16454850609237523 0.014226141233702094 0.009620461850553052
3214 0.6918760340922571 0.1847382751670987 0.014389782467404189 0.018995461850553053
3591 0.716722075488115 0.14837803531336843 0.01776024431795715 0.03311250892845372
3877 0.7462186607154626 0.15879733807331198 0.009538641233702095 0.00953864123370205
4411 0.7494078904229232 0.11031892776488647 0.009538641233702095 0.009538641233702006
2625 0.7823022110397742 0.10505868344692933 0.01857845048646727 0.07998750892845372
2513 0.7783123660731939 0.24414845698587967 0.042035315745587096 0.1709943384737585
3209 0.7152532585247119 0.27727064854389327 0.014253414772652384 0.011182961850553142
3211 0.7172833628267831 0.2951984882354678 0.012690914772652384 0.011155688311602675
3213 0.7178055142067548 0.31002860146599265 0.012690914772652384 0.011155688311602675
3526 0.6694458806836905 0.2616689679429283 0.008221603084255059 0.023573867694751716
3351 0.6842078100668395 0.26609736932290007 0.017596603084255237 0.02373750892845372
3439 0.6937270860414217 0.3471564545502477 0.01595228246740419 0.019022735389503432
4261 0.6932185714309252 0.3315450913197228 0.017569329545304768 0.02217500892845372
3314 0.6911339200509534 0.31674225162814834 0.019213650162155815 0.026889782467404012
2249 0.6802003741908688 0.3614507796313256 0.014389782467404012 0.018995461850553053
2700 0.7552958315771949 0.3546728997617093 0.006440914772652384 0.011046594155801337
3168 0.6374964513005416 0.2575405754914103 0.012690914772652384 0.011155688311602675
3157 0.5932009805215348 0.2895542345820198 0.012690914772652384 0.011155688311602675
4083 0.594545292209932 0.3020269610430694 0.012690914772652384 0.011155688311602675
4077 0.595875967128854 0.3152809375041191 0.014253414772652384 0.011182961850553053
4038 0.5956577788172515 0.32778093750411913 0.012690914772652384 0.011155688311602675
4089 0.596947543427748 0.34337866396516875 0.014253414772652384 0.011182961850553053
3280 0.6457026432655922 0.3690820474882331 0.011101141233702094 0.009565914772652385
4046 0.5821310669666984 0.342075262585197 0.009538641233702095 0.009538641233702006
3208 0.5665197037361736 0.3415667479747004 0.014253414772652384 0.011182961850553053
3127 0.541583933443634 0.293579261367381 0.014253414772652384 0.011182961850553053
3111 0.5421469951320314 0.3060656245979058 0.014253414772652384 0.011182961850553053
3089 0.5427100568204286 0.3185519878284307 0.014253414772652384 0.011182961850553053
3524 0.5245737114468112 0.2837230202958348 0.009784103084255058 0.023601141233702095
3350 0.5134043863657334 0.29719518506848713 0.017569329545304768 0.02217500892845372
3349 0.48623791436891056 0.28751622200011806 0.017596603084255057 0.02373750892845372
3312 0.5146123303593789 0.31748041152953677 0.017651150162155814 0.02686250892845372
3311 0.4866646083625561 0.3078150852306429 0.01762387662320535 0.025300008928453722
4260 0.5165606140445991 0.34009575122111124 0.016006829545304767 0.02214773538950343
4259 0.48940777881725134 0.3296355381527422 0.0159795560063543 0.02058523538950343
3439 0.5177549212687694 0.361162227682161 0.016006829545304767 0.02214773538950343
3439 0.48827197281089696 0.34996167492221736 0.017569329545304768 0.02217500892845372
3520 0.4996418952941871 0.2802531469190402 0.008030688311602674 0.012636367694751715
4010 0.48628673295716673 0.37420769846116775 0.012690914772652384 0.011155688311602675
4018 0.4868634314150391 0.38591281169169256 0.014253414772652384 0.011182961850553053
3135 0.4491100612846555 0.31159465016545107 0.012690914772652384 0.011155688311602675
4056 0.45045437297305274 0.3240673766265007 0.012690914772652384 0.011155688311602675
4032 0.4502089111224997 0.33812987662650074 0.015815914772652383 0.011210235389503432
4047 0.4507583360414218 0.35139748985702557 0.014253414772652384 0.011182961850553053
4066 0.45207537419086874 0.3654327163180752 0.014253414772652384 0.011182961850553053
3120 0.4318952877457051 0.3134571590939048 0.014253414772652384 0.011182961850553053
3100 0.4316498258951521 0.3275196590939048 0.014253414772652384 0.011182961850553053
3079 0.4322128875835493 0.34000602232442967 0.012690914772652384 0.011155688311602675
3986 0.4335162889635211 0.3548224987854793 0.012690914772652384 0.011155688311602675
3525 0.3879776923720878 0.2790782049539895 0.009811376623205437 0.025163641233702006
4386 0.3779072171288541 0.31908559618769156 0.017569329545304768 0.02217500892845372
2277 0.3783202743530245 0.34016570941821633 0.017623876623205435 0.025300008928453722
3439 0.3819128786550956 0.35806627557084053 0.01603410308425506 0.023710235389503433
3544 0.35046405560261257 0.28051401988879765 0.008167056006354478 0.020448867694751717
3348 0.33610154667415887 0.2979469817393507 0.017596603084255057 0.02373750892845372
3310 0.3373640377457051 0.3151072082004004 0.019213650162155815 0.0268897824674041
4258 0.3393532317393507 0.33537879789197483 0.016006829545304767 0.02214773538950343
3439 0.33977992573299626 0.3556776611224997 0.01597955600635448 0.02058523538950343
3976 0.325912294645564 0.38950323620357763 0.012690914772652384 0.011155688311602675
3036 0.3075810803593789 0.32109415544045683 0.012690914772652384 0.011155688311602675
3965 0.3072947082004004 0.33750040544045684 0.012690914772652384 0.011155688311602675
3954 0.30861174634984734 0.3515356319015065 0.012690914772652384 0.011155688311602675
3911 0.30922935511614524 0.36089699513203133 0.012690914772652384 0.011155688311602675
3539 0.31057366680454257 0.373369721593081 0.0081397824674041 0.018886367694751716
3535 0.2886713932655922 0.37531405113838573 0.00816705600635439 0.020448867694751627
3536 0.25106229910979083 0.3822186160731939 0.008139782467404011 0.018886367694751716
2956 0.26222767005095343 0.3242288380700167 0.014253414772652384 0.011182961850553053
2933 0.26199584496987555 0.3375100880700167 0.014253414772652384 0.011182961850553053
2911 0.2625861801972232 0.34843395130054156 0.014253414772652384 0.011182961850553053
3542 0.20723620698258438 0.29785329870275373 0.0081397824674041 0.018886367694751625
3347 0.2224793774372796 0.3194555633132504 0.015843188311602675 0.012772735389503432
3309 0.2260856185088259 0.3365748794658745 0.022120461850553053 0.014444329545304769
4257 0.2265123125024715 0.3568737426963994 0.015843188311602675 0.012772735389503432
3439 0.22551287419086874 0.3693873794658745 0.015843188311602675 0.012772735389503432
3439 0.20631286079818817 0.3954959119332786 0.017487508928453722 0.017487508928453722
2554 0.22592593141503917 0.39046749269639935 0.027053423701106104 0.028588650162155817
2552 0.23843956818451434 0.38946805438479665 0.023901150162155816 0.026971603084255148
3182 0.2483367195644861 0.40413452638161945 0.008112508928453721 0.017323867694751627
3921 0.1619276611224997 0.3431618445628385 0.014253414772652384 0.011182961850553053
3900 0.1624770860414218 0.35642945779336327 0.012690914772652384 0.011155688311602675
3943 0.16460264772981908 0.36888854748493777 0.014253414772652384 0.011182961850553053
3011 0.16594695941821636 0.38136127394598746 0.012690914772652384 0.011155688311602675
3932 0.16575604464556398 0.39229877394598744 0.012690914772652384 0.011155688311602675
2944 0.13636459943410242 0.3311118579555191 0.012690914772652384 0.011155688311602675
2922 0.15005890665827282 0.35196014610496607 0.012690914772652384 0.011155688311602675
2900 0.1387259403434929 0.37480731087761837 0.012690914772652384 0.011155688311602763
2967 0.11920041883313744 0.285331753653448 0.008248876623205437 0.025136367694751714
2978 0.12157539651200308 0.3282459565755473 0.009756829545304768 0.022038641233702007
2989 0.12312821388244322 0.37351754626712175 0.0081397824674041 0.018886367694751716
3000 0.12033445048976263 0.3993397065755473 0.014253414772652384 0.011182961850553142
4218 0.15199750771393303 0.4198743490270653 0.012690914772652384 0.011155688311602675
3541 0.19267705479183372 0.4160402370143565 0.012690914772652384 0.011155688311602675
3523 0.18139863555495447 0.43576240178700887 0.012690914772652384 0.011155688311602675
3540 0.19313102232442964 0.4347766002448813 0.012690914772652384 0.011155688311602675
3207 0.18221111323382014 0.4787038782480586 0.00816705600635439 0.020448867694751627
3985 0.17780030276323883 0.5076783120954345 0.008030688311602719 0.012636367694751627
3766 0.19546904383478508 0.5245521663975055 0.008030688311602719 0.012636367694751627
2844 0.20409006737373545 0.5228396619332786 0.008030688311602674 0.012636367694751627
3877 0.19196794277912488 0.4566652370143565 0.008030688311602719 0.012636367694751627
2744 0.2092509001654511 0.4508964780859028 0.01754205600635448 0.020612508928453722
2550 0.23189351339597586 0.4512822617711228 0.026971603084255058 0.023901150162155816
2556 0.24827248985702557 0.4525583896121443 0.031768197240056396 0.030232970779006864
3410 0.21225712338008984 0.5023907942385268 0.00972955600635439 0.020476141233702096
3185 0.2209054204579905 0.49911578977430004 0.008139782467404011 0.018886367694751625
3477 0.23200656169169256 0.48954987500164765 0.011319329545304768 0.022065914772652385
4151 0.21634460552318235 0.536683973621676 0.012690914772652384 0.011155688311602675
3765 0.23221506737373546 0.5223487382321725 0.006359094155801337 0.006359094155801337
2728 0.23163836891586298 0.5106436250016476 0.006359094155801337 0.006359094155801337
3184 0.23857416152953678 0.5159896440763712 0.0081397824674041 0.018886367694751625
4160 0.25855937906213267 0.5343850880700167 0.008139782467404011 0.018886367694751625
4162 0.27033267614003337 0.5310555365278891 0.014226141233702094 0.009620461850553142
3476 0.28086284740550754 0.4199680320636623 0.012690914772652384 0.011155688311602675
3189 0.27704632630218917 0.5043839423720877 0.0081397824674041 0.018886367694751625
4155 0.2775548409126858 0.5199953056026126 0.012690914772652384 0.011155688311602675
4156 0.30788722321793405 0.527275971593081 0.012690914772652384 0.011155688311602675
2856 0.32456620860743746 0.5113645994341024 0.012800008928453722 0.017405688311602673
4128 0.30405488555495447 0.43362142897940714 0.012690914772652384 0.011155688311602675
4137 0.304563400165451 0.44923279220993206 0.014253414772652384 0.011182961850553142
4158 0.30512646185384834 0.46171915544045683 0.014253414772652384 0.011182961850553142
4145 0.3057167970811959 0.47264301867098163 0.012690914772652384 0.011155688311602675
3190 0.30710201907801876 0.48277199513203134 0.012690914772652384 0.011155688311602675
2867 0.3497258957012242 0.4570356095803721 0.0143897824674041 0.01899546185055314
3455 0.37867305600964973 0.45418729910979094 0.02055796185055305 0.0144170560063543
3473 0.4053134224865854 0.4045185357171103 0.009756829545304768 0.022038641233702094
2889 0.4060986266265007 0.44902251217815986 0.014417056006354479 0.02055796185055314
2744 0.41034975000329527 0.4739406915613089 0.017405688311602673 0.012800008928453722
3527 0.4265378116916926 0.48615431940233034 0.014362508928453721 0.017432961850553142
2441 0.43325541599376366 0.5040003384770537 0.022393197240056395 0.03006932954530477
3439 0.43286567816862825 0.43684011201600415 0.015815914772652383 0.011210235389503432
3069 0.4644429606360324 0.41754464123699736 0.008139782467404188 0.018886367694751625
4027 0.4500531781686282 0.4365401030875503 0.012690914772652384 0.011155688311602675
2443 0.461267367698047 0.4652418015454229 0.020830697240056394 0.0300420560063543
2442 0.4694520146137918 0.488529297081196 0.020776150162155817 0.0269170560063543
2250 0.463833260149565 0.49721850446752214 0.019186376623205346 0.025327282467404188
3221 0.4527730292242885 0.5044406692401745 0.011155688311602675 0.012690914772652384
3778 0.48085711891586297 0.5062934955390684 0.012690914772652384 0.011155688311602675
3789 0.48118440138326707 0.4875434955390684 0.012690914772652384 0.011155688311602675
3800 0.48058042938644424 0.47740088230854366 0.014253414772652384 0.011182961850553142
4176 0.4808122544675221 0.46411963230854364 0.014253414772652384 0.011182961850553142
3533 0.48974692370440137 0.4444383778443168 0.008248876623205347 0.025136367694751627
3538 0.4947753429412806 0.42482530722746575 0.017378414772652385 0.01123750892845372
4177 0.5039730649381035 0.4348179159937636 0.014253414772652384 0.011182961850553142
3767 0.508586652601083 0.5284588218379623 0.014253414772652384 0.011182961850553142
3574 0.5289127893705582 0.5273230158316078 0.017378414772652385 0.01123750892845372
2644 0.5416718879905865 0.5122610775200052 0.007948867694751626 0.007948867694751626
2700 0.5402730292242885 0.5029133510589554 0.007976141233702095 0.009511367694751627
2728 0.5397372410748416 0.48886448782843067 0.0064136412337020944 0.009484094155801337
2728 0.5392014529253946 0.4748156245979058 0.0063863676947516265 0.007921594155801338
2280 0.546587258931749 0.45438039367262933 0.02055796185055314 0.0144170560063543
4386 0.5437213575517773 0.43959119075053 0.015815914772652383 0.011210235389503432
3439 0.5076708092560607 0.40195086891586296 0.0159795560063543 0.02058523538950343
3695 0.5217469460255357 0.4009241570653099 0.020830697240056394 0.030042056006354477
3696 0.5350554695644861 0.399129831984232 0.019268197240056396 0.03001478246740401
3697 0.5506941063339612 0.3980758465947286 0.020830697240056394 0.03004205600635439
3855 0.5583156915613088 0.408876978899977 0.008167056006354301 0.020448867694751627
3543 0.5583917836885154 0.4940059553610266 0.008167056006354478 0.020448867694751627
3205 0.5665900673737354 0.5165122008967996 0.014253414772652384 0.011182961850553142
3459 0.568661081984232 0.5320962905883742 0.020530688311602673 0.012854556006354479
3478 0.6102327475676633 0.3876644521146157 0.008139782467404011 0.018886367694751716
2545 0.5907054517075786 0.4325229845820198 0.040897735389503434 0.016334112012708957
2548 0.5927628295486 0.44888832427359426 0.04087046185055314 0.014771612012708778
3439 0.5788406513832671 0.48583889935467217 0.01603410308425506 0.023710235389503433
2744 0.5816247321463879 0.5053156022767714 0.0144170560063543 0.02055796185055314
3218 0.623463404629678 0.43507524026406263 0.008139782467404188 0.018886367694751625
4386 0.6154639439969408 0.49066672118933924 0.0175420560063543 0.020612508928453722
3439 0.6166855247600617 0.5101706976503888 0.017569329545304768 0.02217500892845372
2765 0.6154951716758065 0.533621834419864 0.012718188311602674 0.012718188311602674
2764 0.6322696144516361 0.5122417122608854 0.018278441558013548 0.06280000892845372
3288 0.6520656915613088 0.40724056656295654 0.009538641233702095 0.009538641233702095
3291 0.6530009001654511 0.4431507930240062 0.009538641233702095 0.009538641233702095
3754 0.6488940527632389 0.49945534010190684 0.011455697240056396 0.029878414772652385
4189 0.7051616436726293 0.5422098559302194 0.014253414772652384 0.011182961850553142
2644 0.743625900165451 0.44156892776488643 0.008030688311602674 0.012636367694751627
2249 0.7710105604738766 0.43874789083325555 0.014362508928453721 0.017432961850553142
4386 0.7845900450526011 0.5556626554437522 0.06005683847375849 0.040098894480112966
4187 0.7523678802799487 0.5671592629922341 0.008167056006354301 0.020448867694751627
3216 0.7251468612052252 0.5606052999238651 0.012690914772652384 0.011155688311602675
4184 0.7769763681050841 0.6338967495995534 0.012690914772652384 0.011155688311602675
3575 0.7760490677807725 0.6870217495995534 0.022065914772652385 0.011319329545304768
4186 0.7985144030081202 0.6975637832847735 0.012690914772652207 0.011155688311602675
4188 0.7797234926996947 0.7002348157521776 0.012690914772652384 0.011155688311602675
4183 0.7426831887219351 0.6298092674564609 0.014226141233702094 0.009620461850553142
4182 0.7246871651829847 0.6316854131543899 0.012690914772652384 0.011155688311602675
3461 0.7272763770335379 0.6175820028459643 0.015788641233702095 0.00964773538950343
3757 0.7414149691607443 0.7024655174564609 0.009538641233702095 0.009538641233702095
3287 0.675168406254531 0.6497320296313256 0.012718188311602674 0.012718188311602674
2644 0.6828911773578493 0.5652479354755242 0.0032613676947516267 0.00786704707790058
3554 0.669582653818899 0.5670422605566021 0.0032613676947516267 0.00786704707790058
3217 0.624188333202048 0.5725206931861619 0.008139782467404188 0.018886367694751625
4174 0.6223161416440345 0.6350343299556371 0.008194329545304769 0.022011367694751628
4175 0.5972479577966585 0.6393769565788425 0.011346603084255058 0.023628414772652383
3762 0.6406337191607443 0.7042246607187579 0.014307961850553141 0.014307961850553141
3761 0.5851240588523188 0.707536621351495 0.012718188311602674 0.012718188311602674
3226 0.592133763803013 0.6191599139651688 0.015815914772652206 0.011210235389503432
3456 0.5670070787378212 0.5821099273578494 0.008194329545304769 0.022011367694751628
3269 0.5470121785756653 0.6090133465947286 0.009647735389503254 0.015788641233702095
4172 0.5691775048745592 0.6367428802799486 0.017405688311602673 0.012800008928453722
4173 0.5308456619365739 0.6850536952147569 0.012690914772652384 0.011155688311602675
4167 0.5212252000860208 0.6992798364484589 0.008167056006354478 0.020448867694751627
2765 0.5183513904262185 0.59545540706531 0.014335235389503254 0.01587046185055314
2744 0.5074138904262184 0.5956463218379623 0.008194329545304769 0.022011367694751628
3439 0.4980252536567432 0.5965912130716644 0.008194329545304769 0.022011367694751628
2546 0.4670888993546722 0.5791679338506711 0.013590941558013724 0.06271818831160267
4122 0.4732025316599204 0.5868713396948697 0.011182961850553142 0.014253414772652384
2549 0.48352242289362246 0.5773190616916926 0.015153441558013726 0.06274546185055314
3210 0.4861252715136507 0.5624344013832671 0.008030688311602674 0.012636367694751627
4157 0.4889638993546722 0.5787861043053664 0.011155688311602675 0.012690914772652384
2481 0.5162882840955525 0.6689065438347851 0.015815914772652383 0.011210235389503432
2479 0.5014308973260773 0.6699468924548133 0.014253414772652384 0.011182961850553142
2480 0.4873411237871269 0.6717548543053663 0.014253414772652384 0.011182961850553142
2482 0.4709076002481766 0.673603726464345 0.014253414772652384 0.011182961850553142
3188 0.4513957155072964 0.5833469192401746 0.009593188311602673 0.012663641233702094
2845 0.4240422828777365 0.6291230694023303 0.014362508928453721 0.017432961850553142
3521 0.45542865057248816 0.6207650986233235 0.012690914772652384 0.011155688311602675
3439 0.4449451181050841 0.6396923766265007 0.015815914772652383 0.011210235389503432
3439 0.4576127134787014 0.6746168015454229 0.012690914772652384 0.011155688311602675
3460 0.46032861039444634 0.6979997544675222 0.008194329545304769 0.022011367694751628
4170 0.4365735105566021 0.6718599943212524 0.012663641233702094 0.009593188311602673
3537 0.44321897687138206 0.6490946501654511 0.0175420560063543 0.020612508928453722
2645 0.4598297784135096 0.6370895280064724 0.009565914772652385 0.011101141233702094
4171 0.38804450731019124 0.7226918372592378 0.012690914772652384 0.011155688311602675
3528 0.35993314407966637 0.7224015109603439 0.018940914772652383 0.01126478246740419
2495 0.38403884578394976 0.6837111578760888 0.020830697240056484 0.030042056006354477
2496 0.36765986932290007 0.6824350300350673 0.020830697240056484 0.0300420560063543
2477 0.35193941193657385 0.6881765154245707 0.019186376623205437 0.025327282467404188
3755 0.3754138681050841 0.6409060491097909 0.008030688311602674 0.012636367694751627
2955 0.3484695385597793 0.6632446992719465 0.008030688311602674 0.012636367694751627
2878 0.33905362825135377 0.6657520905056487 0.008139782467404011 0.018886367694751625
3770 0.3311183973260773 0.6729197082004004 0.008248876623205437 0.025136367694751627
3199 0.3390633108809137 0.6204532272751239 0.011155688311602675 0.012690914772652384
4198 0.3171201270335378 0.6247413068204286 0.014226141233702094 0.009620461850553142
4298 0.3269315036567432 0.5995776655867265 0.011155688311602675 0.012690914772652384
4332 0.3215173007346439 0.5965481229730527 0.011155688311602675 0.012690914772652384
4302 0.3192690081209701 0.5911202832814783 0.011155688311602675 0.012690914772652384
4299 0.3154582155072963 0.5857197171288541 0.011155688311602675 0.012690914772652384
4300 0.3140593567409984 0.5763719906678044 0.011155688311602675 0.012690914772652384
3561 0.32889342411143846 0.6214117552783011 0.011155688311602675 0.012690914772652384
3222 0.33011500487455925 0.6409157317393508 0.008139782467404011 0.018886367694751625
4197 0.30486954302400615 0.655414608362556 0.012690914772652384 0.011155688311602675
3220 0.2936553534945875 0.6267129099046838 0.012690914772652384 0.011155688311602675
4196 0.2868598827155807 0.658072004060485 0.014253414772652384 0.011182961850553142
4151 0.274864443186162 0.6293839423720877 0.014253414772652384 0.011182961850553142
4193 0.2553195564166868 0.630506111608967 0.012690914772652384 0.011155688311602675
3219 0.2665064724071552 0.6607703100668395 0.012690914772652384 0.011155688311602675
4194 0.24849681209872965 0.6634277057647684 0.014253414772652384 0.011182961850553142
3187 0.3068196010589555 0.5436958583625561 0.0081397824674041 0.018886367694751625
4207 0.3176207333642038 0.5513174435899038 0.014444329545304769 0.022120461850553143
3186 0.29505994075053 0.5462441599046837 0.012690914772652384 0.011155688311602675
3197 0.28630254951682793 0.5557691643689106 0.008139782467404011 0.018886367694751625
2455 0.30671446104306943 0.594463471593081 0.015788641233702095 0.009647735389503254
2456 0.28559343750411914 0.5963941643689106 0.015788641233702095 0.00964773538950343
3756 0.2725303758157218 0.5841259894499885 0.009538641233702095 0.009538641233702095
2464 0.2746968478125446 0.5942413291415629 0.014362508928453721 0.017432961850553142
2463 0.2637593478125446 0.5944322439142153 0.01441705600635439 0.02055796185055314
3439 0.25590593750411916 0.596912361608967 0.014389782467404012 0.01899546185055314
3198 0.2608116258157218 0.584330540992116 0.008139782467404011 0.018886367694751625
3193 0.23158777597787764 0.5582862382321725 0.012690914772652384 0.011155688311602675
3194 0.21733436120522526 0.5694692000827255 0.014226141233702094 0.009620461850553142
3191 0.23634741396516876 0.5988157808458463 0.012663641233702094 0.009593188311602673
4152 0.22069514042621843 0.6006510162353497 0.014226141233702005 0.009620461850553142
4154 0.2360746785756654 0.6144407808458463 0.012690914772652384 0.011155688311602675
3196 0.23663774026406265 0.6269271440763712 0.012690914772652384 0.011155688311602675
4153 0.22389227841350962 0.6412078323879739 0.012690914772652384 0.011155688311602675
3195 0.22571783117345312 0.6708544220795483 0.012663641233702094 0.009593188311602673
4123 0.2268848648586732 0.693483398540598 0.012690914772652384 0.011155688311602675
3153 0.21403030885231883 0.7140140868522007 0.009538641233702095 0.009538641233702095
4190 0.21459337054071606 0.7265004500827256 0.009538641233702095 0.009538641233702095
4179 0.21593768222911333 0.7389731765437751 0.009538641233702006 0.009538641233702095
3188 0.21651438068698575 0.7506782897743001 0.009538641233702095 0.009538641233702095
4168 0.2170774423753831 0.7631646530048248 0.009538641233702095 0.009538641233702095
3753 0.20267402313850386 0.7829413648553778 0.008057961850553052 0.014198867694751626
3192 0.23577862378712694 0.6761458940763712 0.0081397824674041 0.018886367694751625
3223 0.24427691640080074 0.6814646396121443 0.008139782467404011 0.018886367694751625
4200 0.26109622362497115 0.7022583806836906 0.0081397824674041 0.018886367694751625
4199 0.26970361039444635 0.7013271262194637 0.008139782467404011 0.018886367694751625
3224 0.28065474716392147 0.7003549614468113 0.0081397824674041 0.018886367694751625
3769 0.2900024736249712 0.7017538202131093 0.008221603084255059 0.023573867694751626
3768 0.2985962236249712 0.7016038157488824 0.008248876623205437 0.025136367694751627
3225 0.309601907472347 0.69750665097623 0.0097022824674041 0.018913641233702094
3771 0.3189359971639215 0.6996867597425279 0.008248876623205437 0.025136367694751627
3833 0.2873723514659926 0.7182009805215348 0.012690914772652384 0.011155688311602675
3844 0.28873029992386506 0.7298924569825844 0.014253414772652384 0.011182961850553142
2728 0.25211096145010653 0.7695822483784422 0.0063863676947516265 0.007921594155801338
2644 0.28107175852800725 0.7659526879078609 0.006359094155801337 0.006359094155801515
3530 0.26846266437220584 0.7724208762194636 0.022093188311602674 0.012881829545304768
3822 0.31117231575217763 0.7865146038983293 0.008112508928453721 0.017323867694751627
4256 0.3082927776027307 0.77250665097623 0.009538641233702095 0.009538641233702095
3487 0.34404904545963816 0.7375179963498473 0.011401150162155815 0.026753414772652383
3760 0.35379619237538307 0.76077821834667 0.011128414772652384 0.011128414772652384
4192 0.3743677909954113 0.7455799123403157 0.012690914772652384 0.011155688311602675
4169 0.3757393762227589 0.7564901388013654 0.012690914772652384 0.011155688311602675
3531 0.40946949391751064 0.748091257713933 0.022093188311602674 0.012881829545304768
4166 0.40437289083325556 0.7716105783307841 0.008139782467404188 0.018886367694751625
3457 0.4452978997617093 0.7537139663180753 0.008194329545304769 0.022011367694751628
3522 0.4296086700542487 0.8024105649381035 0.018940914772652383 0.01126478246740419
3202 0.4852916542259361 0.7444247410748416 0.008139782467404188 0.018886367694751625
3206 0.48942972930701406 0.7310753072274657 0.012690914772652384 0.011155688311602675
4191 0.5081660925375389 0.7315292747600616 0.014226141233702094 0.009620461850553142
3759 0.5330024513038368 0.7404678981368562 0.012718188311602674 0.012718188311602674
3292 0.553878012992234 0.7525997053610266 0.009565914772652206 0.011101141233702094
3750 0.563147872976348 0.8032036773578494 0.008303423701106104 0.028261367694751627
3579 0.5846779995995535 0.7778354845820198 0.008248876623205347 0.025136367694751627
4163 0.6042228863690287 0.7767133153451405 0.008139782467404188 0.018886367694751625
3580 0.6355274334469293 0.7730428445661337 0.008248876623205347 0.025136367694751627
3517 0.587902411125795 0.816829800734644 0.008030688311602674 0.012636367694751982
3515 0.6385200198920928 0.8253184107187579 0.009538641233702095 0.009538641233702095
4164 0.6631751465152984 0.7998956708650276 0.008139782467404188 0.018886367694751625
3293 0.6448848425375389 0.7291428401019069 0.008030688311602674 0.012636367694751627
3202 0.6605507528459643 0.7265263547124035 0.008139782467404188 0.018886367694751625
3532 0.6921183526838085 0.7525297471639215 0.008357970779006862 0.03138636769475163
3201 0.6947524289827024 0.7806002000860208 0.012690914772652207 0.011155688311602675
3294 0.7002444983817375 0.7344246294691699 0.012718188311602674 0.012718188311602674
3493 0.7514700332847736 0.7975734659143334 0.02055796185055314 0.0144170560063543
2756 0.8166507483817375 0.7323927508173694 0.004851141233702094 0.009456820616851047
2249 0.7566211834469293 0.7709291452974825 0.012636367694751627 0.008030688311602674
2249 0.7399285612879508 0.787621767456461 0.012663641233702094 0.009593188311602673
2249 0.6276740231385037 0.7755229622608855 0.012663641233702094 0.009593188311602673
2249 0.5775922025216528 0.7810832155072964 0.012636367694751627 0.008030688311602674
2249 0.47341321713214946 0.7985219058474939 0.012636367694751627 0.008030688311602674
2249 0.8105683437553548 0.7676444582036956 0.012718188311602674 0.012718188311602674
2249 0.6960694671321495 0.7946354265470704 0.014362508928453721 0.017432961850553142
2249 0.6441075466774542 0.7736740901019068 0.012772735389503432 0.015843188311602675
2249 0.5932581128300783 0.778466730117793 0.014362508928453721 0.017432961850553142
2249 0.4460149200542487 0.8021241927791248 0.014389782467404189 0.01899546185055314
2249 0.4162592362068729 0.8065486400191813 0.014362508928453721 0.017432961850553142
2617 0.11865753328477355 0.8086192491892211 0.02837046185055305 0.014553423701106283
2616 0.15276375203518547 0.8681618445628384 0.028343188311602718 0.012990923701106282
2618 0.22082795942151162 0.8615066956184986 0.029932961850553143 0.014580697240056395
2619 0.18484954911308615 0.8644777370143565 0.025218188311602763 0.012936376623205348
4279 0.1860495848269011 0.7957277370143565 0.03621023538950339 0.01625229139585791
3439 0.21557344359319908 0.8045845397743001 0.015815914772652383 0.011210235389503253
2598 0.18818878328477356 0.8074055767059309 0.00953864123370205 0.009538641233702095
4337 0.16003650974582323 0.8094590004070372 0.011101141233702006 0.009565914772652206
4236 0.17412628328477356 0.8076510385564841 0.01110114123370205 0.009565914772652206
2745 0.25640694927524194 0.8366742909921161 0.006359094155801337 0.006359094155801159
2700 0.2853677463531426 0.8330447305215347 0.007921594155801338 0.0063863676947516265
3529 0.27059218020051845 0.829397579141563 0.022065914772652385 0.011319329545304768
2624 0.26463250649941233 0.857618036527889 0.025190914772652385 0.011373876623205348
2623 0.31002682711626334 0.8521396038983294 0.028343188311602673 0.012990923701106282
3811 0.3134791095836674 0.8333350568204286 0.008139782467404011 0.018886367694751625
4234 0.31217570820369567 0.818518580359379 0.012690914772652384 0.011155688311602675
3439 0.31238025974582323 0.806799830359379 0.015815914772652383 0.011210235389503253
4203 0.3493756992752419 0.8350515154245709 0.01123750892845372 0.017378414772652208
4407 0.46117626989209287 0.8284139573896215 0.02055796185055314 0.0144170560063543
3518 0.5284865008173695 0.8202099452147568 0.008030688311602674 0.012636367694751982
4412 0.6903319358825614 0.8548734971639215 0.012690914772652384 0.011155688311602675
2033 0.10648795901117927 0.20823346550400101 0.045857970779006815 0.03204093262955983
2031 0.1894231899364558 0.199756717939633 0.045830697240056485 0.03047843262955987
2041 0.25985842086173233 0.19149815868686773 0.045857970779006864 0.03204093262955983
2036 0.3310476282480585 0.18478846266462726 0.045857970779006864 0.03204093262955987
2100 0.40460785917333497 0.17647535633396125 0.045857970779006864 0.03204093262955983
2128 0.4750158165596613 0.16977929708119596 0.04580342370110611 0.02891593262955987
2150 0.5430663871765123 0.16390539813685617 0.045857970779006864 0.03204093262955987
2145 0.618202754871264 0.15478376826723986 0.045857970779006864 0.03204093262955983
2210 0.6854857122575901 0.14814225609237525 0.045857970779006864 0.03204093262955987
2234 0.748067532874441 0.14236381453436162 0.044268197240056394 0.030451159090609536
2234 0.7478202966741588 0.29076040422593613 0.015815914772652383 0.011210235389503432
2234 0.7483969951320313 0.302465517456461 0.015815914772652383 0.011210235389503432
2234 0.7495776655867266 0.3243132439175106 0.015815914772652383 0.011210235389503432
2117 0.6109924525183575 0.29939683888409085 0.015815914772652383 0.011210235389503432
2111 0.6130771038983294 0.31419967857566533 0.015815914772652383 0.011210235389503432
2123 0.6133947037361736 0.3407485418061902 0.015843188311602675 0.012772735389503432
2080 0.5827486757329963 0.3514366258157218 0.015843188311602675 0.012772735389503432
2090 0.46764187297305276 0.323767367698047 0.015815914772652383 0.011210235389503432
2081 0.468740722810897 0.3503025941590966 0.015843188311602675 0.012772735389503432
2100 0.4692765109603439 0.3643514573896215 0.015815914772652383 0.011210235389503432
2045 0.4706071858792661 0.37760543385067113 0.015815914772652383 0.011210235389503432
2052 0.4711702475676633 0.39009179708119596 0.015843188311602675 0.012772735389503432
2025 0.41786401542457074 0.3566577341749827 0.015815914772652383 0.011210235389503432
2005 0.32371459496987554 0.3364327832814783 0.015815914772652383 0.011210235389503432
1994 0.3250316331193225 0.3504680097425279 0.015843188311602675 0.012772735389503432
2016 0.3260895726487412 0.3793469862035776 0.015815914772652383 0.011210235389503432
1962 0.1783339111224997 0.34287547240385985 0.015843188311602717 0.012772735389503432
1983 0.17946003449929426 0.36784819886490955 0.015815914772652383 0.011210235389503432
1972 0.18136740787608882 0.39280728855648406 0.015843188311602762 0.012772735389503432
2024 0.184063939532714 0.5067879679396331 0.008221603084255102 0.023573867694751626
1921 0.19423382630218916 0.5058294399364558 0.008194329545304769 0.022011367694751628
2234 0.18657528490633135 0.5418896708617323 0.015843188311602717 0.012772735389503432
2182 0.2161809642894803 0.5460589736216759 0.015815914772652383 0.011210235389503253
2234 0.23192869521475687 0.5387549882321725 0.009729556006354478 0.020476141233702096
2192 0.2514872187537072 0.5368515689952933 0.009811376623205437 0.025163641233702093
2187 0.29397472768216093 0.518927683443634 0.015815914772652383 0.011210235389503253
2188 0.29456506290950857 0.5298515466741589 0.015815914772652383 0.011210235389503432
2161 0.2884162487854793 0.43467541436891055 0.015815914772652383 0.011210235389503432
2170 0.2897060133959759 0.4502731408299603 0.015815914772652383 0.011210235389503253
2190 0.2910503250843732 0.4627458672910099 0.015815914772652383 0.011210235389503432
2177 0.29161338677277043 0.47523223052153474 0.015843188311602675 0.012772735389503253
2061 0.4553719237044014 0.4450383957012242 0.015843188311602675 0.012772735389503253
2209 0.5045770369349263 0.4449605292242885 0.015843188311602675 0.012772735389503432
2208 0.5058531647759477 0.4613395056853381 0.017432961850553142 0.014362508928453721
1840 0.5071702029253946 0.4753747321463878 0.017432961850553142 0.014362508928453721
1829 0.5084736043053664 0.4901912086074375 0.017432961850553142 0.014362508928453721
1818 0.5082281424548134 0.5042537086074375 0.017432961850553142 0.014362508928453721
1807 0.5103264306042602 0.518275298299012 0.015843188311602675 0.012772735389503432
2219 0.7551383242735943 0.5874172159143335 0.008194329545304769 0.022011367694751628
2221 0.7049707288999769 0.5531473559302195 0.015843188311602675 0.012772735389503432
2216 0.7682462504103323 0.6418592540637803 0.008248876623205347 0.025136367694751627
2215 0.7432735239492827 0.6407331306869858 0.015815914772652383 0.011210235389503432
2214 0.7252911371798075 0.6418280263849148 0.015815914772652383 0.011210235389503432
2218 0.7983371250049429 0.7077200332847735 0.015815914772652383 0.011210235389503432
2220 0.7811223514659926 0.7095825422132273 0.015815914772652383 0.011210235389503432
2206 0.6316775048745592 0.635651938721935 0.008248876623205347 0.025136367694751627
2207 0.6058280710271834 0.6400082021146157 0.009784103084255058 0.023601141233702095
2204 0.571343976871382 0.6468582199715233 0.017432961850553142 0.014362508928453721
2205 0.5341615767092263 0.6740616481368562 0.015815914772652383 0.011210235389503253
2156 0.47695877719569363 0.5953969058474939 0.017596603084255057 0.02373750892845372
2189 0.4917888904262185 0.5959190572274657 0.008194329545304769 0.022011367694751628
2199 0.5141530397775953 0.7017463173737355 0.008221603084255059 0.023573867694751626
2202 0.43516101502082893 0.6632935178602027 0.017432961850553142 0.014362508928453721
1810 0.32563601055660213 0.6737964155867265 0.008194329545304769 0.022011367694751628
1811 0.31702862378712693 0.6747276700509535 0.008248876623205437 0.025136367694751627
1808 0.2974564634787014 0.6774123392878326 0.008194329545304769 0.022011367694751628
1809 0.2881087370176518 0.6760134805215348 0.008194329545304769 0.022011367694751628
2231 0.2685229399397511 0.679479399758414 0.008194329545304769 0.022011367694751628
2230 0.3152848916440344 0.640393580359379 0.008194329545304769 0.022011367694751628
2229 0.3051286416440344 0.6405708583625561 0.008194329545304769 0.022011367694751628
2228 0.2863377313356089 0.6432418908299603 0.008194329545304769 0.022011367694751628
2227 0.27694909456613376 0.6441867820636622 0.008194329545304769 0.022011367694751628
2225 0.25737693425770825 0.6468714513005415 0.008221603084255059 0.023573867694751626
2226 0.2480155710271834 0.6462538425342436 0.008221603084255059 0.023573867694751626
2232 0.2599155531702759 0.6804106542226409 0.008248876623205437 0.025136367694751627
1876 0.2732962146965174 0.7192276923720878 0.015843188311602675 0.012772735389503432
1888 0.2738592763849147 0.7317140556026127 0.015843188311602675 0.012772735389503253
2186 0.22198490503671503 0.6162487426963994 0.017432961850553052 0.014362508928453721
2185 0.22374227394928276 0.6498015823879738 0.015843188311602675 0.012772735389503432
2157 0.22551327963132559 0.6825731720795483 0.015815914772652383 0.011210235389503432
2222 0.20210700731019124 0.7259373883943282 0.017432961850553052 0.014362508928453721
2211 0.20345131899858854 0.7384101148553779 0.015843188311602675 0.012772735389503432
2200 0.20459107914485825 0.7626015913164276 0.017432961850553052 0.014362508928453721
1865 0.3174359525216528 0.7856242597425279 0.008194329545304769 0.022011367694751628
1851 0.32522513312261775 0.8315680052783012 0.015843188311602675 0.012772735389503253
2203 0.38945700284596435 0.7312583137202875 0.015815914772652383 0.011210235389503253
2224 0.39002006453436167 0.7437446769508123 0.015843188311602675 0.012772735389503253
2201 0.39059676299223406 0.7554497901813371 0.015843188311602675 0.012772735389503432
2198 0.4055671980574259 0.7926770547918338 0.008194329545304769 0.022011367694751628
2223 0.5072075645343617 0.7416991615295367 0.015815914772652383 0.011210235389503432
2234 0.4898331039016245 0.7974542836885152 0.009538641233702095 0.009538641233702095
2195 0.606966056823724 0.7985337682672399 0.008221603084255236 0.023573867694751803
2196 0.6562529906710998 0.7937684017903042 0.009756829545304768 0.022038641233702094
864 0.10826291883313743 0.28552266842610036 0.019513659090609536 0.0440772824674041
923 0.1271180588490235 0.23442777272817145 0.017596603084255102 0.02373750892845372
952 0.2742112471606262 0.21936406006683948 0.017623876623205435 0.025300008928453722
1053 0.41586295901117926 0.20283330479183373 0.017596603084255057 0.02373750892845372
1037 0.5590089870143565 0.19018152597787763 0.01762387662320535 0.025300008928453722
1089 0.6981942179396331 0.18072293101129736 0.017596603084255237 0.02373750892845372
1164 0.7472435982162864 0.27905529099541126 0.015815914772652383 0.011210235389503432
1084 0.6988197349857617 0.2791195207028719 0.015815914772652383 0.011210235389503432
1086 0.700095862826783 0.2954984971639215 0.017405688311602673 0.012800008928453722
1088 0.7021805142067548 0.310301336855496 0.017405688311602673 0.012800008928453722
1040 0.609634504060485 0.28770536242304123 0.017405688311602673 0.012800008928453722
1014 0.5580174569825844 0.29173038920840244 0.017432961850553142 0.014362508928453721
1001 0.5593617686709816 0.30420311566945213 0.017432961850553142 0.014362508928453721
981 0.5599248303593789 0.31668947889997695 0.015843188311602675 0.012772735389503432
1083 0.5639850389635211 0.35254515828312594 0.017405688311602673 0.012800008928453722
1021 0.46709244805413064 0.31049975446752215 0.018968188311602675 0.01282728246740401
1009 0.4154481274372796 0.3160872812528834 0.017405688311602673 0.012800008928453722
992 0.41601118912567686 0.3285736444834082 0.015843188311602675 0.012772735389503432
972 0.4165742508140742 0.341060007713933 0.01899546185055314 0.014389782467404012
929 0.32242483035937897 0.3208350568204286 0.015843188311602762 0.012772735389503432
853 0.2770714200509534 0.32396973944998847 0.015843188311602675 0.012772735389503432
830 0.27763448173935074 0.3364561026805133 0.015843188311602675 0.012772735389503432
807 0.2782111801972232 0.3481612159110381 0.018995461850553053 0.014389782467404012
908 0.1815992329571667 0.37952603855648404 0.015843188311602717 0.012772735389503432
841 0.13461118466145003 0.3420766314944694 0.01740568831160272 0.012800008928453722
818 0.13517424634984732 0.35456299472499425 0.017432961850553052 0.014362508928453721
796 0.13888958157719494 0.3654323108776184 0.01740568831160272 0.012800008928453722
875 0.10985664651200308 0.32845050811767484 0.019513659090609536 0.044077282467404014
886 0.11299923742139359 0.372132324270299 0.019486385551659158 0.04251478246740401
897 0.12243273863920956 0.41336129626712176 0.033221603084255105 0.024010244317957154
1921 0.19893100893174903 0.4604487560890799 0.008221603084255102 0.023573867694751626
1082 0.19081850000329528 0.4777726237838317 0.011373876623205437 0.025190914772652385
740 0.2036360998411395 0.5041032987027538 0.008248876623205437 0.025136367694751627
1060 0.21895713677277046 0.47650045008272546 0.008248876623205437 0.025136367694751627
1059 0.24133096875370716 0.5370288469984704 0.008221603084255059 0.023573867694751626
1068 0.21673038920840243 0.5593265868522007 0.015815914772652383 0.011210235389503432
1069 0.2187741302799487 0.5764731765437752 0.015815914772652383 0.011210235389503432
1057 0.25032591355813166 0.42440611607319384 0.008221603084255059 0.023573867694751626
1065 0.29217644846116775 0.4877185937520595 0.017405688311602673 0.012800008928453722
1064 0.2958235998411395 0.5024941599046837 0.03322160308425506 0.024010244317957154
752 0.3197968879905865 0.5161339200509534 0.017623876623205435 0.025300008928453722
2194 0.27095028490633133 0.540416899758414 0.015815914772652383 0.011210235389503253
763 0.34569691477594766 0.464135043427748 0.017596603084255057 0.02373750892845372
785 0.41148555600964976 0.45361455479183377 0.017596603084255237 0.02373750892845372
963 0.4573980738665572 0.41844862216227385 0.008248876623205347 0.025136367694751627
1096 0.4589139350684871 0.5105815750843732 0.01762387662320535 0.025300008928453722
1080 0.5501565438347851 0.5183610730557783 0.015843188311602675 0.012772735389503432
1093 0.6296588575517772 0.43809114610826133 0.008221603084255236 0.023573867694751626
1091 0.7257644699715231 0.5699666631543898 0.017378414772652385 0.01123750892845372
1092 0.6304656067409983 0.5708490990303605 0.008248876623205347 0.025136367694751627
2745 0.5201320787378212 0.5829281335263595 0.004851141233702094 0.009456820616851047
2843 0.5115383287378211 0.5830781379905865 0.004851141233702094 0.009456820616851047
1164 0.5135099318220762 0.559613364451636 0.019486385551659068 0.042514782467404186
1085 0.49706277151365075 0.5622434866106147 0.019513659090609536 0.04407728246740419
1063 0.44892923458201983 0.5904190795486001 0.017596603084255057 0.02373750892845372
741 0.419245688721935 0.6354548900191814 0.017596603084255237 0.02373750892845372
852 0.3488240945661337 0.6429321992719466 0.008248876623205437 0.025136367694751627
774 0.33865420779665856 0.6438907272751239 0.008248876623205437 0.025136367694751627
1097 0.32312466518298477 0.6386947126646273 0.008194329545304769 0.022011367694751628
951 0.36329965179030416 0.6637668506519183 0.015815914772652383 0.011210235389503253
1095 0.29494511810508406 0.6423106363657334 0.008194329545304769 0.022011367694751628
1094 0.2660115945661337 0.6443776968363146 0.008221603084255059 0.023573867694751626
1100 0.3076399870176518 0.6756725612846555 0.008248876623205437 0.025136367694751627
1099 0.27948771347870144 0.6777259849857616 0.008248876623205437 0.025136367694751627
1098 0.2505269164008007 0.6813555454563429 0.008221603084255059 0.023573867694751626
1067 0.23770931656295655 0.6550248705374208 0.008248876623205526 0.025136367694751627
1062 0.30880879505260106 0.5639674480541306 0.008221603084255059 0.023573867694751626
1061 0.2977622008967997 0.570408362826783 0.019513659090609536 0.04407728246740419
1072 0.28671560674099833 0.5768492775994354 0.008194329545304769 0.022011367694751628
1073 0.2596309553610266 0.5624828145310664 0.008248876623205437 0.025136367694751627
1164 0.24773492735784938 0.5728436160731938 0.019513659090609536 0.04407728246740419
1066 0.23586617289362252 0.5816419176153215 0.008248876623205437 0.025136367694751627
1071 0.222520693186162 0.6302976059269241 0.015843188311602675 0.012772735389503253
1070 0.22508658563767997 0.6622743088490235 0.015815914772652383 0.011210235389503253
1036 0.20154394562179395 0.7134510251638034 0.017432961850553052 0.014362508928453721
1063 0.2040143806869858 0.7508964780859028 0.015815914772652383 0.011210235389503253
1077 0.4789871071480354 0.7476588352306429 0.008248876623205347 0.025136367694751627
1081 0.4895660970017657 0.7232628072274657 0.015815914772652206 0.011210235389503253
1076 0.7180944715963763 0.7856598470017657 0.03322160308425524 0.024010244317956973
2234 0.7925723202164046 0.7695206039016246 0.015761367694751626 0.008085235389503431
1573 0.7738086834469293 0.7706291363690287 0.018913641233702094 0.009702282467404188
498 0.21999707995234186 0.14845727069957654 0.05928527110331831 0.08538412094116259
403 0.36403345211132043 0.12954185511614527 0.054597771103318316 0.08530230032431155
443 0.5087283433450225 0.11764405276323883 0.05920345048646745 0.08069662094116259
475 0.6563243177774772 0.20800817979348135 0.06397277110331849 0.08546594155801364
455 0.6468754054404569 0.301894547488233 0.059230724025417555 0.0822591209411625
486 0.5989428713514949 0.5870195698093674 0.047911394480112966 0.060193206168510115
471 0.6790649736249712 0.6949627090144745 0.06372730925276535 0.07140344155801355
498 0.42107519562179396 0.7096190929412807 0.05616027110331832 0.08532957386326193
1455 0.15430212175523678 0.2878430990270653 0.05276253571381497 0.06965002678536117
1455 0.29980553652788916 0.2743691599046837 0.05117276217486459 0.06806025324641088
1455 0.4453362248394919 0.2593327207823021 0.0511454886359143 0.06649775324641087
1455 0.5869470263816194 0.2451457155072963 0.0495829886359143 0.06647047970746059
1455 0.7222669176153215 0.2334115543880919 0.05117276217486459 0.06806025324641088
1415 0.5882895637202875 0.3919525316599205 0.04325116801906326 0.061673885551659244
1408 0.4280105827950109 0.40177931940233036 0.04166139448011297 0.06008411201270878
1413 0.25389519846116776 0.48838679545634295 0.031986385551659155 0.04273297077900686
1385 0.3848900539810548 0.5454571814150391 0.1326875892845374 0.17413870373287815
1390 0.5471718656694521 0.5551207333642039 0.05410684740221221 0.05717730032431163
4442 0.6679616526010831 0.5256769208650276 0.05788641233702041 0.09473184740221222
1393 0.7268905933483177 0.5949393896154396 0.04761138555165907 0.04300570616851011
1392 0.48613713393339675 0.6959872410748416 0.04758411201270896 0.04144320616851012
1412 0.2650196590939048 0.43274076745316564 0.02093979139585782 0.0362920560063543
4445 0.7403706664008007 0.6728052909954113 0.05098184740221221 0.057122753246410876
4451 0.6199627090144746 0.6803741034945875 0.044895488635914305 0.06638865909060954
4450 0.5674962280891981 0.6883190170494238 0.04338753571381489 0.06948638555165906
4440 0.215187659907979 0.7819419265437751 0.020776150162155817 0.0269170560063543
4449 0.3703973112879508 0.7940719594182164 0.0683329886359143 0.06679776217486459
1387 0.4617723336090851 0.7495213441590967 0.030560253246410873 0.05051819724005639
4448 0.5191075466774542 0.775855973217934 0.07288412094116267 0.059067082791715644
4447 0.7860047203785603 0.7430808348269011 0.07282957386326175 0.05594208279171564
1220 0.14706809456283845 0.16535049026076737 0.06496252678536121 0.052680715096963926
1232 0.29340730641339147 0.14873791436891057 0.06340002678536116 0.05265344155801359
1241 0.43818401826394454 0.13215261201600412 0.06342730032431163 0.05421594155801359
1244 0.5813573198060722 0.11793833320204802 0.06334547970746059 0.04952844155801359
1245 0.7151419845787246 0.10466894562179396 0.06652502678536117 0.052707988635914305
1345 0.7155554472433517 0.43893485146599254 0.06717168344033872 0.17924321509696384
1345 0.8265536282513537 0.6572427463531426 0.07162162986961604 0.07622730925276536
1345 0.12818213230854358 0.48667606534184527 0.1037989301939279 0.12989778003177221
1345 0.14460024472828953 0.6199425328744411 0.14332508035608366 0.1571421185055307
1345 0.13533256453436165 0.7481902637997176 0.11002165665497751 0.12844437418757337
1193 0.11957910511944056 0.8453107256502708 0.04174321509696392 0.0647716120127086
1192 0.13191941802565382 0.8989851505691929 0.049337526785361206 0.052407979707460584
1195 0.17651885187302968 0.8943016047091081 0.047747753246410875 0.050818206168510474
1194 0.22110464895093038 0.8903993088490235 0.050900026785361166 0.0524352532464107
1197 0.2657040827983062 0.8857157629889387 0.049310253246410876 0.05084547970746058
1196 0.31031715341515725 0.8802509671288542 0.049310253246410876 0.05084547970746058
1345 0.3984893092593559 0.8849600121781599 0.07877165665497747 0.12789890340856686
1339 0.46656715341515725 0.87752361323382 0.07871710957707681 0.12477390340856687
1249 0.5354126108014834 0.8708548275200052 0.07871710957707681 0.1247739034085665
1248 0.5947057901846324 0.8745059330398922 0.05788641233702041 0.09473184740221222
1246 0.644047271109909 0.8666155665629566 0.057804591720169364 0.0900443474022122
1344 0.7254881858825614 0.8542598425375388 0.06101141233702041 0.09478639448011279
1224 0.7898916051194406 0.833610377440575 0.08030688311602727 0.126363676947517
341 0.10572034578065445 0.2074658522734762 0.02373750892845372 0.017596603084255057
341 0.18866921347540613 0.19820785470910818 0.020612508928453722 0.01754205600635439
341 0.2591044444006827 0.18994929545634287 0.02058523538950343 0.015979556006354388
341 0.3310749017870089 0.18322596266462723 0.020612508928453722 0.01754205600635439
341 0.4038402459428102 0.17570774310343645 0.022120461850552962 0.014444329545304769
341 0.47579706655966125 0.1697656603117208 0.022120461850553143 0.014444329545304769
341 0.5422987739459874 0.16313778490633135 0.022147735389503254 0.016006829545304767
341 0.6174351416407392 0.15401615503671504 0.020612508928453722 0.01754205600635439
341 0.685472075488115 0.14892350609237526 0.02058523538950343 0.015979556006354388
341 0.7480675328744412 0.14236381453436164 0.02058523538950343 0.015979556006354433
16 0.21917491964391633 0.1508146574690517 0.035002291395857824 0.03653751785690749
16 0.36400617857237005 0.13110435511614527 0.03494774431795715 0.033412517856907444
16 0.5102908433450224 0.11761677922428848 0.03343979139585791 0.03651024431795715
16 0.6625334074690518 0.21024283563767998 0.033385244317957155 0.033385244317957155
16 0.6493691599046837 0.2932598871798075 0.03810001785690744 0.0350295649348082
15 0.60598775812097 0.5861155888840909 0.02255683847375849 0.03944432954530477
16 0.6782564500860209 0.6965388457839496 0.028970479707460584 0.04892842370110628
16 0.422487691157567 0.7181855694023304 0.03656479139585791 0.03656479139585791
211 0.7478202966741588 0.29076040422593613 0.006359094155801337 0.006359094155801337
211 0.7491646083625562 0.30323313068698576 0.006359094155801337 0.006359094155801337
211 0.7503452788172514 0.3250808571480355 0.006359094155801337 0.006359094155801337
211 0.6110060892878326 0.29861558888409084 0.006359094155801337 0.006359094155801337
211 0.6130907406678044 0.3134184285756654 0.006359094155801337 0.006359094155801337
211 0.6141623169666983 0.34151615503671506 0.006359094155801337 0.006359094155801337
212 0.5827486757329963 0.3514366258157218 0.006359094155801337 0.006359094155801337
211 0.46764187297305276 0.323767367698047 0.006359094155801337 0.006359094155801337
211 0.468740722810897 0.3503025941590966 0.006331820616851047 0.004796594155801337
211 0.46929014772981914 0.3635702073896215 0.006359094155801337 0.006359094155801337
286 0.417877652194046 0.35587648417498274 0.006359094155801337 0.006359094155801337
211 0.3229333449698755 0.33644642005095343 0.006359094155801337 0.006359094155801337
211 0.3250316331193225 0.3504680097425279 0.006359094155801337 0.006359094155801337
211 0.17753902435302452 0.3436703591733351 0.006359094155801337 0.006359094155801337
211 0.17946003449929426 0.36784819886490955 0.006359094155801337 0.006359094155801337
551 0.1522429695644861 0.4058118490270653 0.0222022824674041 0.01913182954530477
276 0.1522429695644861 0.4058118490270653 0.011046594155801337 0.006440914772652384
211 0.18138104464556398 0.39202603855648405 0.006359094155801337 0.006359094155801337
211 0.184063939532714 0.5067879679396331 0.0032613676947517156 0.00786704707790058
211 0.193438939532714 0.5066243267059309 0.0032613676947517156 0.00786704707790058
211 0.19813612216227386 0.4612436428585552 0.003234094155801337 0.00630454707790058
265 0.18578039813685615 0.5426845576312076 0.006359094155801337 0.006359094155801515
294 0.2153997142894803 0.5460726103911511 0.006359094155801337 0.006359094155801337
316 0.2327372187537072 0.5371788514626973 0.004823867694751715 0.007894320616851047
163 0.25389519846116776 0.4883867954563429 0.017596603084255057 0.02373750892845372
211 0.25148721875370716 0.5368515689952933 0.003234094155801337 0.00630454707790058
213 0.2709639216758065 0.539635649758414 0.006359094155801337 0.006359094155801337
321 0.2658009090939048 0.4327271306836905 0.011046594155801337 0.006440914772652384
240 0.28918386201600416 0.43544302759943543 0.006359094155801337 0.006359094155801337
224 0.2897060133959759 0.4502731408299603 0.006359094155801337 0.006359094155801515
240 0.29028271185384835 0.46197825406048504 0.006359094155801337 0.006359094155801337
211 0.2916133867727705 0.47523223052153474 0.004796594155801337 0.006331820616851047
240 0.2924258644516361 0.5181737069825844 0.006359094155801337 0.006359094155801337
240 0.29456506290950857 0.5298515466741589 0.006359094155801337 0.006359094155801337
212 0.4553855604738766 0.4442571457012242 0.006359094155801515 0.006359094155801515
305 0.5045906737044014 0.4441792792242885 0.006359094155801337 0.006359094155801337
209 0.5058668015454229 0.46055825568533815 0.006359094155801337 0.006359094155801337
209 0.5079514529253946 0.4753610953769126 0.006359094155801337 0.006359094155801515
209 0.5084736043053664 0.4901912086074375 0.006359094155801515 0.006359094155801337
209 0.5089957556853382 0.5050213218379623 0.006359094155801337 0.006359094155801337
209 0.5103127938347851 0.5190565482990119 0.006359094155801337 0.006359094155801337
1359 0.6666094326328551 0.42416896794292835 0.04898297077900686 0.032095479707460586
1352 0.662562860798188 0.3875320385597793 0.045830697240056395 0.030478432629559828
1361 0.6667497544675222 0.46087408117345313 0.052080697240056394 0.030587526785361162
88 0.6649747946455641 0.3835848782513538 0.017432961850553142 0.014362508928453721
88 0.6675855515454229 0.45773544440397795 0.01587046185055314 0.014335235389503431
29 0.6681719326328551 0.424141694403978 0.015897735389503252 0.015897735389503433
211 0.7049707288999769 0.5531473559302195 0.004769320616851047 0.004769320616851047
68 0.6712912041432106 0.5139036237871271 0.02535455600635448 0.020748876623205348
350 0.6787082378284307 0.5364235060923752 0.015815914772652383 0.011210235389503432
244 0.49255650365674325 0.5966866704579905 0.0032613676947516267 0.00786704707790058
244 0.47772639042621845 0.5961645190780187 0.006359094155801515 0.006359094155801515
335 0.39800370860743745 0.5100827431034365 0.024010244317957154 0.03322160308425506
1168 0.2721309553610266 0.5622646262194636 0.020912517856907443 0.03472955600635448
43 0.2728985685915514 0.5630322394499885 0.01126478246740401 0.018940914772652383
294 0.22009116842939563 0.5905084030048249 0.006359094155801337 0.006359094155801337
117 0.14143433441986403 0.6223408299523419 0.08474892126547413 0.11238299756436802
289 0.20288825731019125 0.7259237516248531 0.006359094155801337 0.006359094155801337
289 0.20345131899858854 0.7384101148553779 0.006359094155801337 0.006359094155801337
224 0.20459107914485825 0.7626015913164276 0.004796594155801337 0.006331820616851047
294 0.22198490503671503 0.6162487426963994 0.006359094155801337 0.006359094155801337
294 0.22374227394928276 0.6498015823879738 0.006359094155801337 0.006359094155801337
265 0.2254996428618504 0.6833544220795483 0.006359094155801337 0.006359094155801337
211 0.24800193425770822 0.6470350925342435 0.003234094155801337 0.00630454707790058
291 0.25740420779665857 0.6453089513005414 0.0032613676947517156 0.00786704707790058
291 0.2591343031702759 0.680424290992116 0.004796594155801337 0.006331820616851047
291 0.2863377313356089 0.6432418908299603 0.0032613676947516267 0.00786704707790058
291 0.3152848916440344 0.640393580359379 0.0032886412337020054 0.009429547077900757
291 0.2880814634787014 0.6775759805215348 0.0032613676947516267 0.00786704707790058
291 0.31702862378712693 0.6747276700509535 0.0032613676947517156 0.00786704707790058
211 0.2677416899397511 0.6794930365278892 0.003234094155801337 0.006304547077900758
211 0.27616784456613375 0.6442004188331374 0.003234094155801337 0.00630454707790058
211 0.2966752134787014 0.6774259760573079 0.0032613676947516267 0.00786704707790058
211 0.3051150048745592 0.6413521083625561 0.0032613676947516267 0.00786704707790058
211 0.32563601055660213 0.6737964155867265 0.0032613676947517156 0.007867047077900757
1167 0.36211898133560894 0.6419191241908687 0.020912517856907443 0.03472955600635448
211 0.43516101502082893 0.6632935178602027 0.006331820616851047 0.004796594155801514
211 0.5341615767092263 0.6740616481368562 0.006359094155801337 0.006359094155801337
240 0.5721252268713821 0.646844583202048 0.006359094155801515 0.006359094155801337
1348 0.5343076270335378 0.6209502849063313 0.024528441558013547 0.06290910308425506
77 0.5358019431861619 0.6248292613673809 0.01126478246740419 0.018940914772652383
297 0.5661145547918338 0.40952186120522527 0.004823867694751627 0.007894320616851047
244 0.470607185879266 0.37760543385067113 0.006359094155801515 0.006359094155801337
244 0.4711702475676633 0.39009179708119596 0.006359094155801337 0.006359094155801337
211 0.7551519610430695 0.5866359659143334 0.003234094155801337 0.00630454707790058
211 0.799118375004943 0.7077063965152984 0.006331820616851047 0.004796594155801337
240 0.7811223514659925 0.7095825422132273 0.006359094155801515 0.006359094155801337
240 0.7253047739492827 0.6410467763849147 0.006359094155801337 0.006359094155801337
211 0.7425059107187579 0.6399655174564609 0.006359094155801337 0.006359094155801515
305 0.7682326136408573 0.6426405040637804 0.0032886412337020943 0.00942954707790058
195 0.7434411193229 0.6758757439175106 0.014635244317957152 0.03305796185055314
1364 0.7277518896154396 0.7245723425375388 0.047420470779006865 0.03206820616851012
78 0.7324802999238651 0.7221467719206879 0.017432961850553142 0.014362508928453721
195 0.6199217987060491 0.6827178534945875 0.0237920560063543 0.020721603084255236
195 0.5675235016281484 0.6867565170494239 0.02217500892845372 0.017569329545304768
1362 0.5690763189985886 0.7320281067409983 0.047393197240056396 0.030505706168510116
76 0.5674865454596383 0.7336178802799487 0.01587046185055314 0.014335235389503431
240 0.5141530397775954 0.7017463173737355 0.0032613676947516267 0.00786704707790058
211 0.5072212013038369 0.7409179115295368 0.006331820616851047 0.004796594155801337
211 0.38945700284596435 0.7312583137202875 0.006304547077900758 0.0032340941558015148
240 0.3898155129922341 0.7554634269508123 0.006359094155801337 0.006359094155801337
211 0.2732962146965174 0.7192276923720878 0.006331820616851047 0.004796594155801337
265 0.2746268896154395 0.7324816688331375 0.006359094155801337 0.006359094155801337
211 0.3174086789827025 0.7871867597425279 0.0032613676947517156 0.00786704707790058
211 0.3252114963531426 0.8323492552783012 0.006359094155801337 0.006359094155801159
303 0.4921768539016246 0.7974133733800899 0.003234094155801337 0.00630454707790058
305 0.606979693593199 0.7977525182672399 0.003234094155801337 0.006304547077900758
305 0.6562393539016245 0.7945496517903041 0.004851141233702094 0.009456820616851047
1338 0.14599651826394458 0.1372527637997177 0.07886138555165915 0.04355117694751698
1340 0.2915135698060721 0.12299757467733607 0.08204093262955983 0.04673072402541769
1341 0.43704425811767483 0.10796113555495446 0.08198638555165924 0.043605724025417694
1342 0.5794499464292776 0.09297924351047353 0.08201365909060954 0.04516822402541769
1343 0.7116857479714052 0.07895587946916979 0.07886138555165925 0.04355117694751702
1345 0.09633566315109458 0.2529283567377031 0.033221603084255105 0.024010244317957154
2745 0.105040687097082 0.4253800551955756 0.009511367694751716 0.007976141233702095
1345 0.08610550081407417 0.34682836120192995 0.038692127433984334 0.15843979139585782
1254 0.39190153328147825 0.3227463843371385 0.022993215096963837 0.06444432954530477
1269 0.3519350523562017 0.3304731095803722 0.018551176947516977 0.07842500892845372
1345 0.7530651298729116 0.3929814233006596 0.03711026217486459 0.06781479139585782
1345 0.7585145146137918 0.4834836923753831 0.04028980925276535 0.0709943384737585
1780 0.7765241749222174 0.48082629667745425 0.06451824188232536 0.11671594155801372
1780 0.7490009671288542 0.3126081306869858 0.015843188311602675 0.012772735389503432
1255 0.6795106274372796 0.31147805317027594 0.018551176947516977 0.07842500892845372
1723 0.6128589155867266 0.3266996785756654 0.01899546185055314 0.0143897824674041
1253 0.5283748214309252 0.3344224496789837 0.023293224025417558 0.08163182954530476
1345 0.5012492597425279 0.3223997366106147 0.018551176947516977 0.07842500892845372
1722 0.46819129789197483 0.33703498092857187 0.017405688311602673 0.012800008928453722
1264 0.5307810267886566 0.4202917658316078 0.05819432954530477 0.022884120941162676
211 0.3260895726487412 0.3793469862035776 0.006331820616851047 0.004796594155801337
1648 0.3011713932655922 0.37509586282678303 0.014444329545304769 0.022120461850553143
1646 0.2800367329571667 0.3778078056026126 0.014444329545304769 0.022120461850553053
1647 0.25969695941821636 0.37972486160896707 0.014444329545304769 0.022120461850553143
1695 0.3255537844992943 0.36529812297305275 0.018995461850553053 0.0143897824674041
1267 0.21025606696669835 0.34856636485537795 0.018551176947516977 0.07842500892845372
1685 0.1788833360414218 0.3561430856343847 0.018995461850553053 0.0143897824674041
1645 0.17773784740550752 0.4217680856343847 0.01754205600635439 0.020612508928453722
533 0.21032247646434493 0.4789942045469524 0.011401150162155815 0.026753414772652383
1266 0.22085660186973438 0.4124243133132504 0.045721603084255144 0.024228432629560002
1265 0.22129693263285516 0.43194192654377517 0.04725682954530477 0.022693206168510116
1256 0.4401054338506711 0.46951624432125244 0.052707988635914305 0.06652502678536117
1268 0.5666815706201463 0.46652583766627487 0.023320497564368027 0.08319432954530477
1572 0.5241491972433516 0.44227585998740926 0.022120461850553143 0.014444329545304769
1497 0.5246440750843732 0.45866847321793414 0.022120461850553143 0.014444329545304769
1502 0.525947476464345 0.47348494967898375 0.020585235389503253 0.01597955600635448
1500 0.5264696278443168 0.4883150629095086 0.02055796185055314 0.0144170560063543
1499 0.5269917792242884 0.5031451761400334 0.02055796185055314 0.0144170560063543
1557 0.5275275673737354 0.5171940393705582 0.02055796185055314 0.014417056006354479
1262 0.493520760149565 0.4967003072274657 0.018551176947516977 0.07842500892845372
1204 0.6034724586074375 0.5064962727314667 0.026063668019063256 0.06137387662320535
2249 0.7581718210271834 0.6373490320669575 0.014362508928453721 0.017432961850553142
1358 0.6483661728936225 0.5744417033324317 0.024282979707460583 0.04884660308425506
1634 0.6704360418061903 0.6076399870176518 0.0700591298696164 0.07620003571381488
1251 0.4921883108809137 0.6177804204579905 0.06293637662320535 0.026090941558013725
1345 0.48836783563768 0.6576787175358911 0.07699887662320534 0.02633640340856669
1345 0.49419114164403444 0.637270760149565 0.06137387662320535 0.026063668019063256
1460 0.3307013859619915 0.6073219817393507 0.017596603084255057 0.02373750892845372
1767 0.3206775495168279 0.5551691465120031 0.011155688311602675 0.012690914772652384
1771 0.32128152151365075 0.5653117597425279 0.011155688311602675 0.012690914772652384
1770 0.32189913027994865 0.5746731229730527 0.011155688311602675 0.012690914772652384
1772 0.32491503612414735 0.5808685758951521 0.011155688311602763 0.012690914772652384
1773 0.33031560227677154 0.5846793685088258 0.011155688311602675 0.012690914772652384
1769 0.33337241842939563 0.5885310714309252 0.011155688311602675 0.012690914772652384
3520 0.31727013149776473 0.6161475568204287 0.006440914772652384 0.011046594155801514
1345 0.2782894521146157 0.6121418952941872 0.07546365016215581 0.027871629869616398
1257 0.35708087946916983 0.7068310580382446 0.047311376623205434 0.025818206168510115
211 0.6050740945661337 0.6384593388840909 0.0032613676947516267 0.00786704707790058
240 0.6308826181050841 0.6364468254914103 0.004851141233702094 0.009456820616851047
1558 0.7693451002481766 0.6683944805248301 0.011428423701106282 0.028315914772652384
1345 0.7851064679429284 0.6603092451353266 0.02252956493480802 0.037881829545304765
2249 0.7611234971639215 0.6919683482195816 0.008112508928453721 0.017323867694751627
1261 0.6804405129922341 0.7503905487060492 0.019540932629560005 0.04563978246740419
1363 0.6199257528459643 0.7272354667251124 0.047393197240056396 0.030505706168510116
1563 0.6360223112879508 0.7894354577966586 0.022120461850553143 0.014444329545304769
1562 0.5867217406710997 0.7949820742735942 0.022120461850553143 0.014444329545304769
1260 0.4224916452974824 0.7627031826328551 0.033248876623205345 0.025572744317956975
1252 0.42365867898270243 0.7853321590939049 0.033248876623205345 0.02557274431795715
168 0.3582927776027307 0.7716338977298192 0.026807961850553053 0.014526150162155815
734 0.34807625203518544 0.864752652194046 0.03220457386326192 0.055232970779006865
1345 0.3289501509795253 0.7971384582004004 0.021430715096964016 0.06441705600635447
1203 0.25697001096363914 0.8491606542226409 0.02072160308425506 0.0237920560063543
1202 0.2508348336090851 0.7532032719173924 0.017596603084255057 0.02373750892845372
723 0.32523086161226233 0.7417515288172514 0.03376707386326192 0.055260244317957154
623 0.30632117451847557 0.7959714245151803 0.011155688311602675 0.012690914772652561
623 0.23043083036267423 0.8035441911542719 0.011210235389503432 0.015815914772652206
1326 0.1809120714342205 0.8215908076312075 0.08949887662320544 0.026554591720169184
2249 0.2546359435931991 0.8039027013005416 0.0064136412337020944 0.009484094155801159
1258 0.2693842362068729 0.8091123526805134 0.03322160308425506 0.02401024431795733
1259 0.2697524289827024 0.7880186026805134 0.03322160308425506 0.024010244317957154
1200 0.27978199391751063 0.7503549614468112 0.017569329545304768 0.02217500892845372
1201 0.28590353450258954 0.8470935937520595 0.019159103084255058 0.02376478246740419
305 0.4055671980574259 0.7926770547918338 0.004851141233702094 0.009456820616851047
211 0.3900337013038368 0.7429634269508123 0.006359094155801337 0.006359094155801337
2249 0.7773502893705582 0.5229865231385038 0.012636367694751627 0.008030688311602674
2249 0.7459481051161453 0.35327404099541126 0.014362508928453721 0.017432961850553052
1345 0.587902411125795 0.816829800734644 0.030178423701106107 0.028643197240056394
1345 0.6380115052815963 0.8097070474882331 0.030178423701106107 0.028643197240056394