3591 0.8040924946233166 0.07575255902830409 0.03085189371369381 0.025172716822512743
1791 0.7561280295695045 0.08562700789683594 0.06588186517764641 0.03943520472226434
3590 0.6690646772121397 0.09449294778837733 0.02772689371369381 0.02515453610435352
3633 0.6793879011572919 0.14844464958377543 0.08528683664159917 0.05360678903121974
3431 0.6761387766740204 0.19606908332699677 0.11446491439185813 0.042842005853732434
3589 0.5264790709258336 0.11865663475305252 0.029289393713693813 0.025163626463433085
3588 0.3837843027288684 0.1404765717177277 0.029362168320799586 0.026726126463433086
2574 0.4019906472283504 0.1624515656676035 0.2703168081055519 0.06874195140261463
2629 0.43883782981717356 0.1821918939264347 0.2039640620344933 0.0527351563212707
2630 0.3876220862273144 0.2061061168972675 0.31250430810555185 0.0689873910977643
3587 0.24030828453190328 0.16229196350286307 0.027726893713693725 0.025154536104353475
3439 0.1631722038861602 0.28368517447164326 0.017842471463952726 0.01416249394987581
2580 0.18116022456432462 0.3009726684215191 0.04782106989237613 0.020585210772388507
3439 0.1704239317602537 0.321998240728422 0.017769696856846862 0.01259999394987581
2581 0.18763070243841815 0.3392811894987579 0.049383569892376133 0.020594301131468207
3439 0.17849329693790011 0.36109710216474045 0.017769696856846862 0.01259999394987581
3439 0.1865990494190995 0.4009772136010589 0.017769696856846817 0.01259999394987581
2582 0.19570006761606457 0.37838005093507643 0.049383569892376133 0.020594301131468207
2583 0.20302457009726393 0.41825561719185506 0.049383569892376133 0.02059430113146803
3439 0.269428666044488 0.3850572978118184 0.017769696856846907 0.01259999394987581
2357 0.24564225558157124 0.3271220779642436 0.04320634449948209 0.022120439695149673
2344 0.24736957547394742 0.3474391231437834 0.049383569892376133 0.020594301131468207
2564 0.25065939536632353 0.36776525868240284 0.049456344499482 0.022156801131468208
2555 0.29753654941909946 0.4016226290957118 0.063518844499482 0.022238614363184795
3439 0.2725922074008168 0.41944138817089804 0.017769696856846907 0.01259999394987581
2744 0.27669966459674594 0.44055331888905724 0.019477746071058545 0.015734084308955332
2553 0.35013501054397 0.40739590612487897 0.063518844499482 0.022238614363184795
2557 0.35420608043634616 0.42772658684303816 0.060393844499482 0.022220433645025395
2551 0.31151131223938106 0.4501283067888089 0.05407106989237613 0.020621572208706952
2358 0.3842488372607717 0.3013731651018694 0.049456344499482 0.022156801131468118
2345 0.38753865715314784 0.32169930064048885 0.052508569892376136 0.02061248184962743
2565 0.3923182024384181 0.34047202653818787 0.04931079528527027 0.019031801131468205
3439 0.41108747311658256 0.3577640656676035 0.01784247146395277 0.01416249394987581
3439 0.4476414032242064 0.3376697342855143 0.01784247146395277 0.01416249394987581
2744 0.44357033333183027 0.3173390535673551 0.019477746071058632 0.01573408430895542
4386 0.4395356507430071 0.2977896228491958 0.019477746071058632 0.01573408430895542
3439 0.5604688889561829 0.34535549013924677 0.01784247146395259 0.01416249394987581
2359 0.5328126157968189 0.2881787943939729 0.049383569892376224 0.020594301131468207
2346 0.5343216118678775 0.30380833957351266 0.052508569892376046 0.02061248184962743
2566 0.5388828333318303 0.3178935654712117 0.04938356989237604 0.020594301131468117
3439 0.6254218008668415 0.3480764900410509 0.01784247146395259 0.01416249394987581
2360 0.6280523411897131 0.28717080629782954 0.049383569892376224 0.020594301131468207
2347 0.6328682737785364 0.3067247821955286 0.052508569892376046 0.02061248184962743
2567 0.6353404563673596 0.3262651225546082 0.04938356989237604 0.020594301131468207
2361 0.7137522466902311 0.26580032122674835 0.049383569892376224 0.020594301131468207
2348 0.7162244292790543 0.28534066158582794 0.052508569892376046 0.02061248184962743
2568 0.7218216118678775 0.3048991826630668 0.04938356989237604 0.020594301131468207
3439 0.7406272698495948 0.32297247179248245 0.01784247146395259 0.01416249394987581
2765 0.8553597038861603 0.28771220354391397 0.049058238213175544 0.04714771077238851
2249 0.8284911428851242 0.33129403190094103 0.011592471463952592 0.014126132513557366
2249 0.7565455223307943 0.36289803502419893 0.011592471463952769 0.014126132513557366
2249 0.8498267954901582 0.42045652585081683 0.011592471463952592 0.014126132513557366
2249 0.8467916867226524 0.40559914031219735 0.011446922249740865 0.011001132513557365
2249 0.7816440297743924 0.4825429145126942 0.011592471463952769 0.014126132513557366
2249 0.7646148875084406 0.4019968964605175 0.011446922249741042 0.011001132513557365
2249 0.7726842526860871 0.4410957578968359 0.011446922249740865 0.011001132513557365
2249 0.8660383004525567 0.5002167487234537 0.01144692224974122 0.011001132513557365
4386 0.8938015814698034 0.5261525348278073 0.06929796360606985 0.04570338544042354
4386 0.7161453083104397 0.4681031646108901 0.01784247146395259 0.01416249394987581
3439 0.7201799908992628 0.48765259532904925 0.021040246071058633 0.015743174668035032
2765 0.722688560791639 0.507974185688129 0.014717471463952591 0.01414431323171641
3439 0.6748846075246513 0.47098727009528024 0.019768844499482085 0.02198408430895533
2744 0.6797369274170275 0.4913224959929792 0.019768844499482085 0.02198408430895533
2545 0.6809676335794993 0.41713101707021816 0.044696069892376046 0.020567030054229284
2548 0.683966355043452 0.4312071526088375 0.04469606989237622 0.020567030054229284
3697 0.632164106491194 0.3754520562978295 0.01559076674922295 0.032894313231716585
3696 0.6174295184018528 0.3777094478865732 0.015663541356328813 0.034456813231716586
3695 0.5996063176160645 0.3807299087571576 0.015663541356328813 0.034456813231716586
3439 0.5865433914373821 0.3853401407049809 0.01359161910658777 0.023510222872636887
2407 0.6161624249358282 0.45111967680933435 0.05563356989237604 0.020630662567786652
2406 0.6194886321317572 0.4722270623479538 0.05563356989237604 0.02063066256778647
2405 0.6235233147205804 0.49177649306611304 0.05563356989237604 0.020630662567786652
2404 0.6275943846129566 0.5121071737842723 0.05563356989237604 0.020630662567786652
2422 0.5604560804363461 0.4289265142415477 0.04956766046291676 0.058085210772388506
2428 0.5465562462759463 0.41556799618937096 0.04956766046291676 0.058085210772388506
3439 0.5016632772931929 0.44108108059652223 0.021040246071058633 0.015743174668035032
2744 0.4969222733642516 0.4566742643397436 0.019477746071058632 0.015734084308955332
2337 0.4999937694353102 0.4723128998783631 0.04306079528527036 0.018995439695149587
2543 0.5068987408992628 0.48641176131468156 0.04931079528527036 0.01903180113146803
2338 0.3713422305601807 0.4770316952542945 0.1111943651776464 0.0396988251355733
2641 0.38251947911243855 0.5325504422292324 0.043351893713693725 0.025245439695149585
3439 0.36186883891340155 0.6425567013044187 0.013737168320799586 0.026635222872636886
2463 0.37760300082406034 0.644991354895215 0.015736315963434677 0.03601931323171641
2464 0.39159272621695446 0.6435106681269315 0.015736315963434677 0.03601931323171659
2456 0.40632731430629565 0.641253276538188 0.01737159057054054 0.03759090359079629
2455 0.4210619023956369 0.6389958849494443 0.017444365177646404 0.03915340359079629
2478 0.45945446835907156 0.6751470083878153 0.015736315963434677 0.03601931323171659
2496 0.47418905644841286 0.6728896167990717 0.015736315963434677 0.03601931323171659
2495 0.48892364453775405 0.6706322252103281 0.01737159057054054 0.03759090359079629
3439 0.5599788531814252 0.6366799269075302 0.01784247146395259 0.01416249394987581
3439 0.5807665421803891 0.6805390112164856 0.013737168320799497 0.026635222872636886
2546 0.5573589673256143 0.5804299269075301 0.04629711124870504 0.054942030054229284
2549 0.5759634181114026 0.5774140112164856 0.044734611248705036 0.054932939695149584
2280 0.579886784736791 0.5610350322937245 0.010393844499482085 0.021929542154477843
3454 0.5883521021479678 0.5415583244482022 0.021040246071058633 0.015743174668035032
2762 0.6054497109154735 0.5564975232185382 0.008467471463952592 0.014107951795398144
3439 0.6083949284504848 0.5861941135776177 0.012029119106587771 0.023501132513557364
2744 0.6200772911469319 0.5854810412707149 0.013664393713693813 0.02507272287263689
2482 0.5963915421803891 0.6806299148072819 0.015445217535011223 0.02976931323171659
2480 0.6095636302697305 0.6783634328594585 0.013882717535011224 0.02976022287263689
2479 0.6242982183590715 0.6761060412707149 0.012247442927905538 0.028188632513557365
2481 0.6390691937519657 0.6746298996819713 0.013882717535011224 0.02976022287263689
2626 0.721768223735755 0.6055986194313503 0.2096404813887503 0.1746101563212708
2431 0.8332879205926019 0.6187440349260032 0.05923806699689216 0.13155907220870694
2249 0.8839963959854961 0.6174769715960907 0.008394696856846906 0.012545451795398144
2249 0.8951372572342011 0.6722144685710286 0.005124147642635179 0.009402271077238922
2455 0.8899210643062958 0.6440667426733295 0.017371590570540718 0.03759090359079629
2249 0.9416355756788353 0.7482457034457181 0.008394696856846906 0.012545451795397965
2456 0.9214686248930469 0.751252528777683 0.027290246071058632 0.015779536104353654
2249 0.9020829241072587 0.7542638992891878 0.009738873035529139 0.007867042154477666
2249 0.872613747928576 0.758778682466675 0.00817637303552914 0.007857951795397966
2249 0.758352194785423 0.7706105410743233 0.008176373035529316 0.007857951795397966
2249 0.7079348178209524 0.7781276044042356 0.00817637303552914 0.007857951795397966
2249 0.687767867035164 0.7811344297362006 0.006541098428423453 0.006286361436318444
2249 0.615657426588458 0.7924304780389984 0.006541098428423453 0.006286361436318444
2249 0.5062289226595166 0.8074146077238853 0.006541098428423453 0.006286361436318444
2249 0.27545411165848055 0.8498101442210224 0.008176373035529316 0.007857951795398322
2249 0.28132527605033875 0.8920203701187214 0.006541098428423453 0.006286361436318444
2249 0.3208779276219153 0.8860021742752515 0.006541098428423453 0.006286361436318444
2249 0.36746182919349185 0.88002488504764 0.00646832382131759 0.004723861436318799
2249 0.41400934346151547 0.8732663458200287 0.006541098428423453 0.006286361436318444
2249 0.45661422042598615 0.865703830694718 0.006541098428423453 0.006286361436318444
2249 0.2922263887467858 0.8913027526322785 0.008176373035529316 0.007857951795398322
2249 0.3348676530148095 0.8845214875069681 0.008176373035529316 0.007857951795397966
2249 0.3814151672828331 0.8777629482793567 0.008176373035529316 0.007857951795398322
2249 0.42405643155085676 0.8709816831540461 0.00817637303552914 0.007857951795397966
2249 0.4706039458188803 0.8642231439264346 0.00824914764263518 0.009420451795398322
2249 0.5512503242310931 0.8014282281371943 0.008321922249740866 0.010982951795397966
2249 0.5807558877133285 0.797694694959707 0.008321922249740866 0.010982951795398144
2249 0.6427828527671404 0.7879020593228917 0.00824914764263518 0.009420451795397966
2249 0.7420551066960819 0.7728588423039872 0.008321922249740866 0.010982951795397966
2249 0.7924724836605526 0.7653417789740748 0.00824914764263518 0.009420451795397966
2249 0.8477592971427879 0.7617582367214013 0.00832192224974122 0.010982951795397966
3480 0.860222909839235 0.7610497095940382 0.013154971463952591 0.014135222872636887
2481 0.7753941455712112 0.767585535024199 0.02260274607105863 0.015752265027114732
2573 0.7853641509478948 0.6965690530763757 0.09378854135632882 0.03491133118569749
2602 0.7831488335367182 0.7160821223582164 0.10294521753501122 0.03027837334017498
4386 0.7954861676971179 0.7294315500513135 0.019477746071058632 0.015734084308955332
2572 0.7775730756788353 0.7472912157423582 0.06351884449948209 0.022238614363184795
2479 0.7250131559102936 0.7758838483541115 0.02118579528527036 0.01886817466803503
2480 0.6652935535529287 0.7849088695295462 0.02260274607105863 0.015752265027114732
3480 0.5977614511955638 0.7938884389095827 0.011592471463952592 0.014126132513557366
2482 0.5279947607488578 0.805198122751 0.02260274607105863 0.015752265027114732
2415 0.5644716081438239 0.71637197208707 0.09854881596343468 0.036501102262936416
2603 0.5645272661255413 0.7343361769075302 0.10301799214211708 0.03184087334017516
2322 0.5900366883752822 0.7454191226528041 0.05407106989237605 0.020621572208706952
4386 0.5318431987143646 0.7536719841873184 0.01784247146395259 0.01416249394987581
3487 0.4456895289458228 0.7820691740788599 0.017915246071058634 0.01572499394987581
3439 0.4489065742310931 0.8008328096174793 0.01784247146395259 0.01416249394987581
4234 0.4529776441234693 0.8211634903356385 0.01784247146395259 0.01416249394987581
2462 0.446057710086904 0.8570509933607007 0.026455492142117086 0.031395445745273774
2461 0.407504632336645 0.8677612343837101 0.02809076674922295 0.032967036104353295
2460 0.35705086806862135 0.8744970477136226 0.024820217535011225 0.029823855386194253
2459 0.3074511284077036 0.8827999062230749 0.026455492142117086 0.031395445745273774
2458 0.2748569522290212 0.8872965086824027 0.028017992142117087 0.0314045361043533
2249 0.27870754424730376 0.8693550297596417 0.008176373035529316 0.007857951795397966
2457 0.2684207076057047 0.8161845779642437 0.028017992142117087 0.0314045361043533
2504 0.4218688852321291 0.7569373638722053 0.04488016046291676 0.05805793969514959
2403 0.3952528813031877 0.7724032825883121 0.02318494292790545 0.028252265027114733
3439 0.4143517917661045 0.8303112313586481 0.01984161910658777 0.023546584308955686
2503 0.39354914019452786 0.8364385115110732 0.03328768899896399 0.04393180718159258
3352 0.37610692906965737 0.8308697675611973 0.023732906533975306 0.07355567466803521
2280 0.3730011997478218 0.8480345416634985 0.008831344499481997 0.021920451795397967
4247 0.36229914019452786 0.836256704329481 0.014571922249741043 0.01101931323171641
2762 0.3490735481762452 0.8541436410977642 0.00981164764263518 0.009429542154477843
4246 0.3325774069437508 0.8688873971478884 0.014571922249741043 0.01101931323171641
2280 0.32269298469400987 0.857895354993411 0.010393844499481997 0.021929542154477843
3439 0.3545208734453048 0.8034078428931624 0.01827911910658786 0.02353749394987581
4373 0.3166613085153275 0.8625464935570925 0.017444365177646404 0.03915340359079593
2606 0.3300110250168814 0.7970169423274284 0.03143409057054054 0.0376727168225127
2525 0.3168753242310931 0.8000646742752515 0.03633991439185813 0.04238748789975162
2585 0.3021407361417519 0.8023220658639951 0.036412688998963993 0.043949987899751616
1345 0.7506935128202816 0.05279178199913689 0.08841183664159917 0.053624969749378984
1790 0.6226263248547749 0.1035952370159888 0.06439213978475226 0.040988614363184704
1345 0.6165197200162107 0.07309921593874996 0.0901198858558109 0.05675906010845859
1789 0.48078558126491566 0.12698221916020377 0.0643193651776464 0.0394261143631847
1345 0.47471536372990436 0.09726744808296495 0.08684933664159918 0.05361587939029935
1345 0.3305308701400452 0.12064079468856048 0.08677656203449331 0.052053379390299345
1345 0.1862736019430801 0.14245164129415605 0.08365156203449331 0.052035198672140126
1788 0.3373823376750565 0.15036011094533913 0.06588186517764641 0.03943520472226432
1787 0.19337978060296188 0.1776397075509347 0.0627568651776464 0.03941702400410509
1793 0.15785331120592377 0.3539476774967054 0.04953773531769157 0.15805793969514967
1345 0.2811088746881591 0.35075956586399515 0.031982054176610396 0.08297612646343318
1793 0.30331566852568737 0.42508740017295066 0.047350188998963996 0.04401362041330899
1345 0.4213143436709125 0.3258009933607006 0.03205482878371626 0.08453862646343317
1345 0.5713678475998539 0.31105321301188377 0.03212760339082212 0.08610112646343318
1345 0.599929495242489 0.32059183947531683 0.031982054176610576 0.08297612646343308
1345 0.750781365796819 0.28944689948557956 0.03205482878371626 0.08453862646343317
1345 0.8342531453663236 0.37116050779864007 0.04033820967712849 0.061155668617910844
1345 0.8540990725784632 0.4618764113894363 0.03543238585581108 0.056440897540672094
1793 0.8020249962759465 0.4170542698988885 0.0746105099247977 0.15976588544042353
1345 0.7008670647205804 0.4922264658405541 0.032598484284234175 0.0626727168225127
1345 0.6149423732404171 0.40815547198887414 0.06395549214211708 0.03161361436318479
1345 0.5889299908992628 0.4868890051663614 0.030419554176610575 0.08296703610435348
1793 0.529208234489122 0.46232936670087577 0.05632708271265763 0.06905907220870695
1793 0.21962352687890824 0.5901806141667929 0.022422963606069858 0.045430674668035034
1793 0.26492537241184755 0.7075999183233233 0.02979881596343468 0.03610112646343318
1793 0.2958693114108116 0.7515180899662962 0.03328768899896399 0.04393180718159222
1793 0.2993131809316842 0.6242288821207739 0.045282574854774896 0.10023634933607006
1793 0.38704862137839025 0.6130237374087723 0.07652826674922304 0.033248837235821685
1793 0.4804412105011888 0.7065106378763104 0.048330492142117265 0.03152271077238851
1793 0.6059099373418249 0.650224797320839 0.078163541356329 0.034820427594901206
1793 0.6067618078961549 0.6182071828594585 0.06631851282028159 0.048810204722264314
1638 0.5923140101296852 0.5595452551663614 0.022893844499482084 0.02200226502711473
1793 0.9331980293601075 0.6341650227275588 0.03848461124870504 0.05489657825883114
1345 0.910796490484978 0.6395019625209044 0.030017139784752088 0.040788626463433175
1793 0.9159249462331651 0.716073552879984 0.05018409057054072 0.03778180113146821
1793 0.8231210161255411 0.735840631335207 0.037756865177646405 0.03927157825883114
1793 0.9329177011955639 0.7958383209321608 0.05959763192686936 0.07220225292686618
1793 0.8715457076057046 0.8196934565689761 0.04578768899896417 0.04400453005422946
1793 0.7877892917661045 0.8324838271786767 0.042735463606069855 0.04554884933607006
1345 0.7824275496239872 0.8012111012809775 0.032705492142117265 0.03143180718159257
1345 0.7320465599630694 0.8095094146108901 0.03434076674922295 0.033003397540672094
1793 0.7366270521051866 0.8407775953290493 0.04102741439185813 0.04241475897699054
1793 0.675434840980316 0.8349543213249442 0.05952485731976367 0.07063975292686635
1793 0.6475409733214703 0.7559071707592102 0.05018409057054054 0.03778180113146803
1793 0.6098291116584805 0.8517554810640604 0.05432793507002263 0.059674981849627426
1793 0.5412610481762453 0.8552617552645574 0.056472631926869354 0.07218407220870696
1345 0.5568988566960819 0.7717816347530525 0.035286836641599 0.05331589754067192
1793 0.5025024551245053 0.7777134721852659 0.04847604135632899 0.034647710772388506
1345 0.46445879962398723 0.7993612132082755 0.02627570967712849 0.061073855386194253
1793 0.3688980506574445 0.8940919302271798 0.2276198858558109 0.05755901170746469
1793 0.2623911854797981 0.8544203761688454 0.027910984284234264 0.06264544574527378
1793 0.31822165446255146 0.8289709242752515 0.09059076674922295 0.03333065046753845
1779 0.3327036854797981 0.8548294423274283 0.022893844499481997 0.02200226502711473
1637 0.36064674896203347 0.8510868187908613 0.022893844499481997 0.02200226502711473
1345 0.4138809108726923 0.8537396409995684 0.048112168320799675 0.026835210772388506
1345 0.4044844861417519 0.8029174843837101 0.036412688998963993 0.043949987899751616
1345 0.3936711106250233 0.7552112374087723 0.04662244292790545 0.028388620413308984
711 0.3657494718737283 0.8097214754067197 0.010029971463952769 0.014117042154477843
711 0.4417661623204344 0.798448153001621 0.010029971463952592 0.014117042154477843
1793 0.4599038087247244 0.3158720023376911 0.027983758891340214 0.06420794574527396
1793 0.15188794747601939 0.25940733713762576 0.034049668320799586 0.02675339754067192
1793 0.657641449542934 0.4529230713249442 0.028857054176610396 0.08295794574527378
1793 0.23598058105551867 0.6730658370394299 0.022422963606069858 0.045430674668035034
1793 0.28491684883819896 0.8014408219141194 0.02979881596343468 0.03610112646343318