4339 0.25338394957045873 0.07110874614248866 0.08239642017181659 0.027081736581764694
4251 0.29828701379480993 0.08182500308231896 0.01159259724103805 0.013200906847545246
3997 0.2579962064678637 0.10275926434108595 0.011756371551297561 0.016325906847545247
3027 0.27115794776143637 0.12084793028792984 0.017924484396167804 0.015163925046142524
3489 0.2102990128902988 0.10048656307678165 0.01471759724103805 0.013401165946843907
3587 0.2400374225466657 0.14628921884459273 0.03387703301668683 0.022415220542635738
4405 0.19082531659920043 0.17292276758028846 0.014635710085908249 0.011838665946843907
3993 0.23712710651329214 0.18686415406976808 0.011674484396167806 0.014763406847545246
2955 0.1987639693581624 0.1859734801033597 0.01151071008590825 0.011638406847545246
3633 0.24766181479017813 0.22516519046696262 0.02712906603337357 0.04222707279438911
3431 0.268922661126705 0.23828575416205316 0.024904824739800803 0.05921431369509049
3501 0.17850570104079672 0.2434658050572172 0.013236984396167762 0.014863536397194644
4006 0.2211059588427128 0.2532506176725735 0.011756371551297561 0.016325906847545292
3058 0.23846055517923972 0.2661208574935407 0.01956887155129756 0.016826554595791875
3588 0.2052419414298583 0.2867244517257296 0.03387703301668674 0.022415220542635693
4408 0.1623207790599579 0.3129772686600226 0.01471759724103805 0.013401165946843907
3011 0.16684782677596574 0.3312964720837952 0.01167448439616776 0.01476340684754529
3510 0.14519083276885955 0.38556366748800336 0.014799484396167762 0.014963665946843906
2561 0.22080166440606536 0.3637573210963462 0.06116987336031983 0.0677672933370248
4066 0.18857234057077568 0.3953985448781844 0.010111984396167761 0.014663277297895938
3178 0.204528211217562 0.40504365514950225 0.017924484396167804 0.015163925046142524
3589 0.16719862958035625 0.42930317550756786 0.03700203301668679 0.0226154796419344
4409 0.12814277363289098 0.4565875663159842 0.013236984396167762 0.014863536397194465
4094 0.17378614427967734 0.4681351380306391 0.010193871551297518 0.016225777297895937
3145 0.060712934193769066 0.4718633104558879 0.015127033016686785 0.021213665946843818
4116 0.16113565807448724 0.5300343607327432 0.011674484396167806 0.014763406847545114
3513 0.10895568238474676 0.523555020819491 0.013155097241038005 0.013301036397194465
3154 0.17540619798857898 0.5419230914544118 0.021131371551297518 0.01692668414544123
3590 0.13881692277380836 0.567013926587302 0.03387703301668674 0.022415220542635693
4410 0.09503262324877818 0.5947791787467704 0.014717597241038004 0.013401165946843818
4111 0.14297880031799964 0.6072581947858993 0.011756371551297518 0.01632590684754511
3210 0.20679896087887775 0.6309448210963462 0.011510710085908293 0.011638406847545291
3514 0.0800383870435881 0.6565282071244004 0.01151071008590827 0.011638406847545291
4178 0.1271623705352447 0.6697384083887047 0.010193871551297518 0.016225777297895937
3214 0.14546199118203107 0.6795337129844966 0.019568871551297516 0.016826554595791875
3591 0.10681557101021455 0.6990056037929129 0.033877033016686785 0.022415220542635693
3877 0.1130312714851844 0.7299750015411595 0.011510710085908293 0.011638406847545291
4411 0.06549785221787902 0.7245773002768552 0.01151071008590827 0.011638406847545113
2625 0.0567879155377191 0.7561579673034332 0.08091580732694628 0.028544107032115386
2513 0.19449595545181084 0.7759569324473982 0.1748229375846711 0.06726425046142541
3209 0.2343673609243063 0.7181537268641571 0.011756371551297561 0.01632590684754511
3211 0.2521313930364819 0.7232114666851244 0.011674484396167806 0.014763406847545114
3213 0.2660710623037873 0.7264563826319683 0.011674484396167806 0.01476340684754529
3526 0.2243239755781988 0.6704776904669627 0.023928822930778536 0.010876943244739933
3351 0.22745229760446622 0.6855717643410859 0.024420145861557073 0.020251943244739935
3439 0.30619809532047404 0.7086471213732013 0.019650758706427317 0.018389054595791876
4261 0.29069592605316863 0.7053020758767081 0.022857645861557075 0.02015181369509058
3314 0.27679720036342814 0.7012759099298642 0.02918953301668683 0.022114831893687813
2249 0.3224372489839472 0.6979296668696946 0.01956887155129756 0.016826554595791875
2700 0.30682885911528396 0.7713974452473247 0.012909435775648782 0.008613536397194466
3168 0.2244811058359236 0.6375650609173134 0.011674484396167806 0.014763406847545114
3157 0.2617254782917323 0.599974225784423 0.011674484396167806 0.014763406847545114
4083 0.2733623411366025 0.602287697406793 0.011674484396167806 0.01476340684754529
4077 0.287261066826343 0.6063138633536369 0.011756371551297561 0.016325906847545292
4038 0.29972012324877817 0.6078961497508314 0.011674484396167806 0.01476340684754529
4089 0.31435915536095377 0.6127536304725 0.011756371551297561 0.01632590684754511
3280 0.33435407281923685 0.6649867589424151 0.01159259724103805 0.013200906847545112
4046 0.31517802691225133 0.5971286304725 0.011510710085908293 0.011638406847545113
3208 0.3167781484635488 0.5815536952473247 0.011756371551297561 0.01632590684754511
3127 0.27228119798857897 0.5481311235326697 0.011756371551297561 0.016325906847545292
3111 0.2846583672558844 0.5512759099298642 0.011756371551297561 0.016325906847545292
3089 0.29707648010075466 0.5536394463270587 0.011756371551297561 0.01632590684754511
3524 0.26384790027257116 0.5295615962347737 0.025573210085908293 0.012539572794389109
3350 0.27918297320334967 0.5211378269564422 0.022857645861557075 0.02015181369509058
3349 0.2728444419956852 0.4925121792081956 0.024420145861557073 0.020251943244739935
3312 0.2985504488930902 0.5255144463270588 0.027545145861557076 0.02045220234403846
3311 0.29303411126299056 0.49615761335363684 0.025982645861557074 0.02035207279438911
4260 0.3209610374277009 0.531653824796974 0.02277575870642732 0.018589313695090582
4259 0.31384125622003645 0.5029781122739027 0.021213258706427228 0.018489184145441227
3439 0.3418910131174414 0.5361305737172397 0.02277575870642732 0.018589313695090582
3439 0.33407186906490666 0.5058422964193439 0.022857645861557075 0.02015181369509058
3520 0.26355465117708227 0.5052427166851243 0.014471935775648781 0.008713665946843818
4010 0.3590718690649067 0.507444369213733 0.011674484396167806 0.01476340684754529
4018 0.37070873190977693 0.5097578408361029 0.011756371551297561 0.016325906847545292
3135 0.30120845940853974 0.4598393815522341 0.011674484396167806 0.014763406847545114
4056 0.3135856286758451 0.46298416794942876 0.011674484396167806 0.014763406847545114
4032 0.32756624152071534 0.46544783389627253 0.011838258706427318 0.017888406847545113
4047 0.3407246607880207 0.4686426850682919 0.011756371551297561 0.01632590684754511
4066 0.3546643300553261 0.4718876010151357 0.011756371551297561 0.016325906847545292
3120 0.305234218114967 0.4428521406515328 0.011756371551297561 0.01632590684754511
3100 0.3192148309598372 0.4453158065983766 0.011756371551297561 0.01632590684754511
3079 0.3315920002271426 0.4484605929955713 0.011674484396167806 0.014763406847545114
3986 0.3455726130720128 0.45092425894241506 0.011674484396167806 0.014763406847545114
3525 0.27648177634642446 0.3931932996585464 0.027135710085908295 0.012639702344038462
4386 0.31739338138937856 0.39032791794942867 0.022857645861556985 0.020151813695090493
2277 0.337583050656684 0.3939733520948699 0.025982645861557074 0.02035207279438911
3439 0.3552651956137298 0.4005935919158371 0.024338258706427317 0.018689443244739756
3544 0.28235331806953845 0.3559436235326697 0.020803822930778537 0.010676684145441229
3348 0.3009362217330116 0.34537636335363686 0.024420145861557073 0.020251943244739758
3310 0.318782141000317 0.3488716031746041 0.02918953301668683 0.022114831893687813
4258 0.3380677295349277 0.35481072254522056 0.02277575870642732 0.018589313695090492
3439 0.35821645522466816 0.35923740669066173 0.021213258706427318 0.018489184145441227
3976 0.3931646653105765 0.3505027567829468 0.011674484396167806 0.01476340684754529
3036 0.3280686097926525 0.32124725092285067 0.011674484396167806 0.01476340684754529
3965 0.3443929726375227 0.3238611111941685 0.011674484396167806 0.01476340684754529
3954 0.3575513919048281 0.3270559623661877 0.011674484396167806 0.01476340684754529
3911 0.3668445047496984 0.3292192396640837 0.011674484396167806 0.01476340684754529
3539 0.37922167401700374 0.33236402606127824 0.019241322930778536 0.010576554595791876
3535 0.38349309418882027 0.3106892851605769 0.020803822930778537 0.010676684145441229
3536 0.3955327487568046 0.27540262723329745 0.019241322930778536 0.010576554595791876
2956 0.3366933372914153 0.27633526912144796 0.011756371551297561 0.016325906847545292
2933 0.3498927001362856 0.2787488702934672 0.011756371551297561 0.016325906847545292
2911 0.36074831298115584 0.2810122771410124 0.011756371551297561 0.016325906847545292
3542 0.3170259684536513 0.2178521406515328 0.019241322930778536 0.010576554595791876
3347 0.33643770974722403 0.23634132479697395 0.013400758706427318 0.017988536397194554
3309 0.35333860470426987 0.24291149984311647 0.016771420171816587 0.02287629549649317
4257 0.37352827397157523 0.24655693398855766 0.013400758706427318 0.017988536397194554
3439 0.38524702397157523 0.24730790561092758 0.013400758706427318 0.017988536397194554
3439 0.4142318391004377 0.23270398750461535 0.018088258706427142 0.018288925046142525
2554 0.4062179432388806 0.2510034045311934 0.03116146879233561 0.030027461443337167
2552 0.40400034599784257 0.2634032749815441 0.0294351944820761 0.026802331893687813
3182 0.4166674423343695 0.2759731261535633 0.017678822930778538 0.010476425046142523
3921 0.36759253448702484 0.18033115669066174 0.011756371551297561 0.016325906847545247
3900 0.38079189733189506 0.18274475786268096 0.011674484396167806 0.014763406847545246
3943 0.39234687302163557 0.18662072948505087 0.011756371551297561 0.016325906847545247
3011 0.40472404228894093 0.18976551588224544 0.011674484396167806 0.014763406847545246
3932 0.4155796551338112 0.1920289227297907 0.011674484396167806 0.014763406847545246
2944 0.3588693097017955 0.15233656461794115 0.011674484396167806 0.014763406847545246
2922 0.377581688150498 0.16921318398855764 0.011674484396167806 0.01476340684754529
2900 0.40146956750371154 0.16212137723329748 0.011674484396167806 0.014763406847545246
2967 0.31548447987361194 0.12760787245293548 0.025491322930778538 0.01097707279438911
2978 0.3573034876755281 0.13734262029346717 0.024010710085908292 0.012439443244739844
2989 0.4022884390550091 0.1464963772332975 0.019241322930778536 0.010576554595791876
3000 0.42806968905500914 0.1481485148025113 0.011756371551297561 0.016325906847545247
4218 0.44505911521971947 0.18294381939830312 0.011674484396167806 0.014763406847545246
3541 0.4351584927639108 0.22228692165005653 0.011674484396167806 0.01476340684754529
3523 0.4567435656946893 0.21426367057032233 0.011674484396167806 0.01476340684754529
3540 0.4537856620312161 0.2258322262458484 0.011674484396167806 0.01476340684754529
3207 0.4986035170741703 0.22321716841085407 0.020803822930778537 0.010676684145441229
3985 0.5283729042293001 0.22355712985419113 0.014471935775648781 0.008713665946843908
3766 0.543015258367743 0.24330842535068437 0.014471935775648603 0.008713665946843908
2844 0.5393989354369645 0.25248316625138567 0.014471935775648781 0.008713665946843908
3877 0.47557877487608635 0.2287965399409389 0.014471935775648781 0.008713665946843818
2744 0.4684689597472239 0.24480227174234157 0.021295145861557074 0.02005168414544123
2550 0.46567815242027777 0.26813964219269226 0.02647396879233561 0.02972707279438911
2556 0.46481833729141525 0.2845458921926923 0.034614017412854636 0.03647772054263578
3410 0.5187998303940103 0.2566502321059445 0.022448210085908294 0.012339313695090493
3185 0.5144432010407967 0.2649936582318212 0.019241322930778536 0.010576554595791876
3477 0.5037956281100182 0.2737178161591006 0.02409259724103805 0.014001943244739756
4151 0.5519841446183615 0.26661551742340495 0.011674484396167806 0.01476340684754529
3765 0.5364034102221938 0.2797267867017364 0.008221935775648781 0.008313147748246586
2728 0.5248074909548885 0.27663206507936644 0.008221935775648604 0.008313147748246586
3184 0.5290855551792397 0.28474495372831443 0.019241322930778536 0.010576554595791876
4160 0.5451266350074231 0.30772137877445693 0.019241322930778536 0.010576554595791876
4162 0.5398249813439501 0.319139740125509 0.010193871551297562 0.016225777297895937
3476 0.4289693684990798 0.3104680421004072 0.011674484396167806 0.01476340684754529
3189 0.5130577634561256 0.32134378778147055 0.019241322930778536 0.010576554595791876
4155 0.528600876300996 0.32390758327796376 0.011674484396167806 0.01476340684754529
4156 0.532390939620836 0.3562892867017363 0.011674484396167806 0.01476340684754529
2856 0.5136442616471033 0.3699815468807692 0.01948698439616763 0.015264054595791877
4128 0.4393779240170037 0.3362190137227771 0.011674484396167629 0.01476340684754529
4137 0.4548800932843092 0.3395640592192703 0.011756371551297561 0.016325906847545292
4158 0.4664760125516144 0.3426587808416402 0.011756371551297561 0.016325906847545292
4145 0.47733162539648477 0.3449221876891855 0.011674484396167806 0.01476340684754529
3190 0.4881462946637901 0.3479668445367307 0.011674484396167806 0.014763406847545202
2867 0.45715192220798145 0.3859581978682183 0.01956887155129756 0.016826554595791875
3455 0.4509904534156459 0.4137828092192703 0.016689533016686832 0.02131379549649317
3473 0.39832247682139427 0.43157228408084275 0.024010710085908205 0.012439443244739756
2889 0.44178587177844014 0.43984466147102375 0.021131371551297563 0.01692668414544123
2744 0.46641737958035623 0.4484779842654129 0.015045145861557075 0.019651165946843817
3527 0.47641317729636407 0.46714764111295815 0.017924484396167627 0.015163925046142524
2441 0.49397249152071526 0.4761116309339252 0.0325601944820761 0.027002590992986342
3439 0.42715348371879924 0.46477481029900447 0.01183825870642714 0.01788840684754529
3069 0.4045038777713339 0.49311056137873865 0.019241322930778536 0.010576554595791876
4027 0.42469022501237197 0.48186218074935516 0.011674484396167806 0.014763406847545114
2443 0.45129699061620415 0.49767694786821826 0.03247830732694616 0.02544009099298634
2442 0.4734209741078608 0.5092850763381335 0.029271420171816588 0.023677331893687814
2250 0.4830006919956851 0.5059796036360293 0.027627033016686654 0.02201470234403846
3221 0.4921267085040286 0.49637406615910057 0.014635710085908115 0.011838665946843819
3778 0.48987148971169303 0.524449001384276 0.011674484396167629 0.01476340684754529
3789 0.47124432044438763 0.5209036967884841 0.011674484396167806 0.01476340684754529
3800 0.4611699575995174 0.5186903547157635 0.011756371551297561 0.01632590684754511
4176 0.4479296511770823 0.5170580035437442 0.011756371551297561 0.01632590684754511
3533 0.42802990897899845 0.5228376341731278 0.025491322930778538 0.01097707279438911
3538 0.40755363466873895 0.5246609500276866 0.013482645861557074 0.019551036397194466
4177 0.41639636816039555 0.5354179773255826 0.011756371551297561 0.01632590684754511
3767 0.5085871901866629 0.5562194355297171 0.011756371551297561 0.01632590684754511
3574 0.504438600747541 0.5755504264304185 0.013482645861557074 0.019551036397194466
2644 0.4882403906616327 0.5854866309339253 0.009866322930778538 0.009975777297895939
2700 0.47898822139432734 0.5825421036360294 0.011428822930778538 0.01007590684754529
2728 0.4650076085494571 0.5800784376891854 0.01134693577564878 0.00851340684754529
2728 0.4510679392821517 0.5768335217423416 0.00978443577564878 0.008413277297895937
2280 0.4304688342391977 0.5810005875969004 0.01668953301668665 0.02131379549649317
4386 0.41665199570458683 0.5754119216500565 0.011838258706427318 0.01788840684754529
3439 0.3835838681603955 0.5333152567829468 0.021213258706427318 0.018489184145441227
3695 0.38050313376422773 0.5472275624584728 0.03247830732694634 0.02544009099298634
3696 0.3774633429456249 0.5603586181339988 0.030833920171816586 0.023777461443337165
3697 0.3743416649718922 0.5750521738095248 0.03247830732694634 0.02544009099298634
3855 0.3840065920411137 0.5850780158822454 0.020803822930778537 0.010676684145441229
3543 0.4687124626879001 0.5991288263381335 0.020803822930778537 0.010676684145441229
3205 0.4900551961795567 0.610686890033224 0.011756371551297561 0.016325906847545292
3459 0.5046942282917323 0.6155443707548924 0.015208920171816586 0.02277616594684382
3478 0.3572083966545265 0.632744757862681 0.019241322930778536 0.010576554595791876
2545 0.4032988246282592 0.6208047648025113 0.020960953188503238 0.04338905459579188
2548 0.41950035674043473 0.6257623750738291 0.01939845318850324 0.043288925046142526
3439 0.45753262324877825 0.6180092342654129 0.02433825870642714 0.018689443244739933
2744 0.47681821178338896 0.6239483536360293 0.021131371551297563 0.01692668414544123
3218 0.4023604443705343 0.6536673295773359 0.019241322930778536 0.010576554595791876
4386 0.4579520251032291 0.6548781785898867 0.021295145861557074 0.02005168414544123
3439 0.4772785572154046 0.6600360479605033 0.022857645861557075 0.02015181369509058
2765 0.5006341700602748 0.6631004912052432 0.01471759724103805 0.013401165946843818
2764 0.4780221856641071 0.6757611775101526 0.06520892017181659 0.025980311535622212
3288 0.37054055631089344 0.6774960533591742 0.011510710085908293 0.011638406847545291
3291 0.4069727012679394 0.6853178477759332 0.011510710085908116 0.011638406847545291
3754 0.46235956411280965 0.6904349467884842 0.03198698439616763 0.016065090992986343
4189 0.4982694086403141 0.7530944355297171 0.011756371551297561 0.01632590684754511
2644 0.39445168984797857 0.7746609500276866 0.014471935775648781 0.008713665946843818
2249 0.3875908582107728 0.8008729966039139 0.017924484396167804 0.015163925046142524
4386 0.5018647201511319 0.8340638332779637 0.04702548620519007 0.06530362739018117
4187 0.5167427696761621 0.8044461844499831 0.020803822930778537 0.010676684145441229
3216 0.5143104884684976 0.7760708605758596 0.011674484396167806 0.014763406847545114
4184 0.579948776573567 0.8398515607604299 0.011674484396167806 0.014763406847545468
3575 0.6328281151081778 0.8479434654485069 0.013728307326946344 0.02423853639719482
4186 0.6401935577812315 0.8719316779715779 0.011674484396167806 0.014763406847545468
4188 0.6450824536427885 0.8534320018457013 0.011674484396167806 0.014763406847545114
4183 0.5802287375639865 0.8045951812107806 0.010193871551297562 0.016225777297896114
4182 0.5842544962704137 0.7876079403100791 0.011674484396167629 0.014763406847545114
3461 0.5701101091152839 0.7882692743632352 0.01183825870642714 0.017888406847545113
3757 0.6525164953659026 0.8162824552694741 0.011510710085908293 0.011638406847545468
3287 0.6078458045018712 0.741303439230345 0.013236984396167805 0.014863536397194465
2644 0.5235526916570009 0.7343339435492816 0.008058161465389268 0.005188147748246585
3554 0.5273327888980389 0.7220342026485802 0.008058161465389268 0.005188147748246585
3217 0.5382603228192369 0.6780536651716516 0.019241322930778536 0.010576554595791876
4174 0.6005146613538476 0.6867463471576244 0.02236632293077854 0.010776813695090582
4175 0.6072936058359236 0.662096800581397 0.02565509724103805 0.014102072794389109
3762 0.6663919668717716 0.7160519177925451 0.014799484396167805 0.014963665946843818
3761 0.6762892673013129 0.6618150007659672 0.013236984396167805 0.014863536397194465
3226 0.5881308480340075 0.6538139312107805 0.011838258706427318 0.01788840684754529
3456 0.5545304539814728 0.6218735163436708 0.02236632293077854 0.010776813695090582
3269 0.5835152691103352 0.6072695982373586 0.017760710085908293 0.012038925046142523
4172 0.6087675746282593 0.6339718005813969 0.015045145861557075 0.019651165946843817
4173 0.6604872048859839 0.6043634461701753 0.011674484396167629 0.014763406847545114
4167 0.6757813342391976 0.5967209268918439 0.020803822930778537 0.010676684145441229
2765 0.5733523750578005 0.5768311266149887 0.016361984396167806 0.01506379549649317
2744 0.5747068351437088 0.5659436913898134 0.02236632293077854 0.010776813695090582
3439 0.5767606580744873 0.5566688209394626 0.02236632293077854 0.010776813695090403
2546 0.5636365383322121 0.5229050902177941 0.06340075870642732 0.02119268198597286
4122 0.5702992961341282 0.530386923191216 0.016198210085908115 0.011938795496493172
2549 0.5596926667809144 0.5383298311184954 0.06348264586155708 0.02275518198597286
3210 0.5447670296257848 0.5389411003968269 0.014471935775648781 0.008713665946843818
4157 0.5609276181603955 0.5446799606681447 0.014635710085908294 0.011838665946843819
2481 0.6465032700148463 0.5870059654485067 0.011838258706427318 0.01788840684754529
2479 0.6496249479885791 0.5723124097729807 0.011756371551297561 0.01632590684754511
2480 0.6527056823847468 0.5584001040974547 0.011756371551297561 0.016325906847545292
2482 0.6566495539360442 0.5429753631967533 0.011756371551297561 0.016325906847545292
3188 0.5699241598835096 0.5076305436415668 0.014553822930778537 0.010276165946843819
2845 0.6187268300553261 0.48880949490587094 0.017924484396167804 0.015163925046142524
3521 0.606192530530296 0.5185773380583257 0.011674484396167806 0.01476340684754529
3439 0.6269554098835096 0.5112852722037668 0.01183825870642714 0.01788840684754529
3439 0.6596893447546471 0.5298443075212272 0.011674484396167806 0.014763406847545114
3460 0.6820999332892579 0.5359836859911425 0.02236632293077854 0.010776813695090582
4170 0.6592732649264637 0.507869177971578 0.010111984396167627 0.014663277297895938
3537 0.6355901034610744 0.5110547347268382 0.021295145861557074 0.02005168414544123
2645 0.6223121754873417 0.5250974483296436 0.013073210085908293 0.011738536397194643
4171 0.7146501616925318 0.46830483265965495 0.011674484396167806 0.01476340684754529
3528 0.7184678804848674 0.4403300269841289 0.013564533016686652 0.021113536397194467
2495 0.6776005410457454 0.4573079734680713 0.03247830732694616 0.02544009099298634
2496 0.678460356174608 0.44090172346807127 0.03247830732694616 0.02544009099298634
2477 0.6854882841483405 0.4264584916666685 0.02762703301668683 0.02201470234403846
3755 0.6360681382867834 0.44210447562753946 0.014471935775648603 0.008713665946843818
2955 0.6615970827688595 0.41865648364710406 0.014471935775648781 0.008713665946843818
2878 0.6651724621220731 0.41026299274640265 0.019241322930778536 0.010576554595791876
3770 0.6725722043201571 0.4036823257198246 0.025491322930778538 0.01097707279438911
3199 0.6201056235874625 0.40267173580657234 0.014635710085908294 0.011838665946843819
4198 0.626720793759279 0.38114718923034496 0.010193871551297562 0.016225777297895937
4298 0.6005710515611951 0.38652630166113117 0.014635710085908294 0.011838665946843907
4332 0.5992951566041492 0.38095742211148187 0.014635710085908115 0.011838665946843907
4302 0.5939492373368438 0.3782632186877092 0.014635710085908115 0.011838665946843819
4299 0.5887261488022331 0.3732252652639366 0.014635710085908115 0.011838665946843907
4300 0.5794739795349277 0.37028073796604066 0.014635710085908115 0.011838665946843907
3561 0.6222003900958059 0.39261561535622164 0.014635710085908294 0.011838665946843907
3222 0.6415678657855464 0.39699223472683814 0.019241322930778536 0.010576554595791876
4197 0.6592024231124926 0.37460609499815606 0.011674484396167629 0.014763406847545202
3220 0.6318144075086604 0.3587412631044683 0.011674484396167806 0.01476340684754529
4196 0.6632691253964847 0.3568376040974547 0.011756371551297561 0.016325906847545292
4151 0.6367033033702174 0.3402415869785916 0.011756371551297561 0.016325906847545292
4193 0.6408109492317744 0.3216918460778902 0.011674484396167629 0.01476340684754529
3219 0.6689802148356067 0.3376067427464027 0.011674484396167806 0.01476340684754529
4194 0.6738281671195988 0.31988831662052597 0.011756371551297561 0.016325906847545292
3187 0.548015939620836 0.3572905821982296 0.019241322930778536 0.010576554595791876
4207 0.5544330359573628 0.36945991517165155 0.02269387155129756 0.017026813695090494
3186 0.5517141497067442 0.34655334129752824 0.011674484396167629 0.01476340684754529
3197 0.563061085482393 0.3394417481450735 0.019241322930778536 0.010576554595791876
2455 0.5977293345778818 0.3659634777870079 0.011838258706427318 0.017888406847545203
2456 0.6034813675945687 0.3459513664359558 0.01183825870642714 0.01788840684754529
3756 0.5917592955683013 0.33030658003876123 0.011510710085908293 0.011638406847545291
2464 0.6025330212580418 0.33413248688630653 0.017924484396167804 0.015163925046142524
2463 0.6038874813439501 0.3232450516611312 0.021131371551297563 0.01692668414544123
3439 0.6073809735420339 0.3164140607604298 0.01956887155129756 0.016826554595791875
3198 0.5939359492317744 0.31868795958841056 0.019241322930778536 0.010576554595791876
3193 0.5721771359119343 0.28515476634367076 0.011674484396167806 0.01476340684754529
3194 0.5845919267305373 0.27262448796604066 0.010193871551297562 0.016225777297895937
3191 0.6115295629811558 0.29708306985972843 0.010111984396167806 0.014663277297895938
4152 0.6154734345324533 0.2816583289590271 0.010193871551297562 0.016225777297895937
4154 0.6271136194035909 0.2988656153562217 0.011674484396167806 0.01476340684754529
3196 0.6387095386708963 0.3019603369785916 0.011674484396167806 0.01476340684754529
4153 0.6549077487568046 0.29202413247508474 0.011674484396167806 0.01476340684754529
3195 0.6835683372914153 0.29856402914359725 0.010111984396167806 0.014663277297895938
4123 0.7060608129811559 0.3031409076135124 0.011674484396167806 0.01476340684754529
3153 0.7285090230670641 0.2936052213086029 0.011510710085908293 0.011638406847545291
4190 0.7401049423343695 0.2966999429309728 0.011510710085908293 0.011638406847545291
4179 0.7524821116016749 0.2998447293281673 0.011510710085908293 0.011638406847545291
3188 0.7640780308689802 0.3029394509505373 0.011510710085908293 0.011638406847545291
4168 0.7764961437138505 0.30530298734773187 0.011510710085908293 0.011638406847545291
3753 0.7974637409548885 0.294104671493173 0.016034435775648604 0.00881379549649317
3192 0.687682627205507 0.3098019177925452 0.019241322930778536 0.010576554595791876
3223 0.6927009978522933 0.31874612121631785 0.019241322930778536 0.010576554595791876
4200 0.7104683519907364 0.33869767581210963 0.019241322930778536 0.010576554595791876
4199 0.7084554726375227 0.34719129626246037 0.019241322930778536 0.010576554595791876
3224 0.7063197625516145 0.35802866671281103 0.019241322930778536 0.010576554595791876
3769 0.706609689620836 0.3674537314876357 0.023928822930778536 0.010876943244739756
3768 0.7053780602676223 0.375997416712811 0.025491322930778538 0.01097707279438911
3225 0.699377043759279 0.3858032132890384 0.020885710085908116 0.012239184145441229
3771 0.7011885272509356 0.3961096576135124 0.025491322930778538 0.01097707279438911
3833 0.7230568831984009 0.36772384175895356 0.011674484396167806 0.01476340684754529
3844 0.7346118588881414 0.3715998133813235 0.011756371551297561 0.016325906847545202
2728 0.778559932723431 0.34070956122185514 0.00978443577564878 0.008413277297895937
2644 0.7715762703535306 0.3692653577980825 0.008221935775648781 0.008313147748246586
3530 0.7792216740170037 0.35799719077150444 0.015290807326946165 0.024338665946843908
3822 0.7878663336733707 0.4024480976190497 0.017678822930778538 0.010476425046142523
4256 0.7740085515611951 0.3976406816722058 0.011510710085908293 0.011638406847545291
3487 0.7348298648810352 0.42726882248062215 0.028861984396167807 0.015864831893687814
3760 0.7568310176399972 0.4412207009505373 0.01315509724103805 0.013301036397194465
4192 0.7394421217784402 0.45891934067921947 0.011674484396167806 0.014763406847545114
4169 0.7502567910457455 0.46196399752676465 0.011674484396167806 0.01476340684754529
3531 0.7376406043655855 0.49329434067921946 0.015290807326946165 0.024338665946843818
4166 0.7619821850982802 0.4925025986987839 0.019241322930778536 0.010576554595791876
3457 0.7395815626424715 0.5310446645533426 0.02236632293077854 0.010776813695090582
3522 0.7894144663059446 0.5224799953672964 0.013564533016686652 0.021113536397194467
3202 0.7250753273417926 0.568524878156148 0.019241322930778536 0.010576554595791876
3206 0.7108490530315331 0.5707487122093042 0.011674484396167629 0.014763406847545114
4191 0.709126100747541 0.5886673974344796 0.010193871551297562 0.016225777297895937
3759 0.7147652691103351 0.6156804804079015 0.013236984396167628 0.014863536397194644
3292 0.7245563489385187 0.6382563872554468 0.013073210085908116 0.011738536397194466
3750 0.773778420964786 0.656304282844225 0.028698210085908293 0.012739831893687815
3579 0.746233275103229 0.6733520805001866 0.025491322930778538 0.01097707279438911
4163 0.7428659356641071 0.6927331361757126 0.019241322930778536 0.010576554595791876
3580 0.735019136139077 0.7228013679771152 0.025491322930778538 0.01097707279438911
3517 0.7841460329051452 0.6828365044665949 0.014471935775648781 0.008713665946843818
3515 0.7869534503634281 0.7339682078903677 0.011510710085908293 0.011638406847545113
4164 0.7584223366140468 0.7548721907715045 0.019241322930778536 0.010576554595791876
3293 0.6902422246736877 0.7246351758121097 0.014471935775648781 0.008713665946843818
3202 0.6862983531223902 0.740059916712811 0.019241322930778536 0.010576554595791876
3532 0.7079343357095357 0.7759368599575508 0.03182321008590829 0.012940090992986342
3201 0.7357727306665816 0.7832079418512385 0.011674484396167806 0.014763406847545114
3294 0.6888977306665816 0.780204055361759 0.01471759724103805 0.013401165946843818
3493 0.7452429059267807 0.8418214782484332 0.01668953301668665 0.02131379549649317
2756 0.672640887609415 0.8959594632890383 0.009702548620519025 0.0068507772978961155
2249 0.7177353816165212 0.84319421112957 0.008549484396167806 0.014563147748246763
2249 0.7373042531678187 0.828770765725362 0.010111984396167806 0.014663277297896116
2249 0.7385535719147257 0.7151891270764139 0.010111984396167806 0.01466327729789576
2249 0.7497267673013128 0.6665210895994852 0.008549484396167806 0.014563147748246763
2249 0.7800494323847468 0.5665606623938744 0.008549484396167806 0.014563147748246585
2249 0.7079199683421097 0.895868628156148 0.01315509724103805 0.013301036397194821
2249 0.7489311499338869 0.7864027930232578 0.017924484396167804 0.015163925046142524
2249 0.7345687567858633 0.7313951179771153 0.01784259724103805 0.013601425046142524
2249 0.7457828957500153 0.6819458305001865 0.017924484396167627 0.015163925046142524
2249 0.7869921511770823 0.538786115817647 0.01956887155129756 0.016826554595791875
2249 0.7947570635469827 0.5102803840162442 0.017924484396167985 0.015163925046142524
2617 0.8329718730216357 0.2148572624861594 0.018661468792335257 0.029226425046142524
2616 0.8878740569882619 0.25913699104835963 0.01718085594746519 0.03068879549649317
2618 0.8726341593176826 0.3255735194259898 0.01874335594746519 0.030788925046142522
2619 0.8807675638856669 0.29003653762458703 0.015454581637205677 0.027463665946843907
4279 0.8123041689286211 0.2801620874400169 0.019070904567984215 0.03703892504614252
3439 0.817779562981156 0.3103001704134388 0.011838258706427495 0.01788840684754529
2598 0.8230778946183616 0.28398799428756216 0.011510710085908472 0.011638406847545201
4337 0.8292393634106972 0.2561633829365101 0.01159259724103805 0.013200906847545203
4236 0.8253773790145293 0.27002562383721146 0.01159259724103805 0.013200906847545291
2745 0.8435707790599579 0.35663375230712663 0.008221935775648604 0.008313147748246586
2700 0.8374093102676223 0.38445836365817865 0.008303822930778536 0.009875647748246586
3529 0.8358025446637901 0.3702456693337047 0.013728307326946165 0.024238536397194553
2624 0.8641322625516146 0.36814175122739246 0.013892081637205678 0.027363536397194643
2623 0.8523825350528517 0.4128534739294965 0.01718085594746519 0.03068879549649317
3811 0.8343728414752869 0.4124832341085293 0.019241322930778536 0.010576554595791876
4234 0.8196519222079814 0.4091882533868608 0.011674484396167629 0.01476340684754529
3439 0.8079741157855462 0.40765603176449083 0.011838258706427495 0.017888406847545113
4203 0.8316672433297377 0.44915191933370463 0.01940509724103805 0.013701554595791875
4407 0.8110095053155252 0.5591381886120361 0.01668953301668665 0.02131379549649317
3518 0.7950702448000757 0.6239621522148415 0.014471935775648781 0.008713665946843818
4412 0.809046456356322 0.7910390306847568 0.011674484396167629 0.014763406847545114
2033 0.24080870646786368 0.10165783929494343 0.03683161465389251 0.04907785009228505
2031 0.22166588082355165 0.18273785857327488 0.03526911465389251 0.04897772054263574
2041 0.20552190242027774 0.2514680721760803 0.03683161465389251 0.04907785009228505
2036 0.19011823043943887 0.3210296005537104 0.0368316146538926 0.04907785009228505
2100 0.17298828414834055 0.3936159993816911 0.0368316146538926 0.04907785009228505
2128 0.15766649932263146 0.4616150277593212 0.033706614653892554 0.048877590992986344
2150 0.14320785165205213 0.5281016209117759 0.0368316146538926 0.04907785009228505
2145 0.12525571178338893 0.6014192049649321 0.03683161465389255 0.04907785009228505
2210 0.11083800769037447 0.6671245481173869 0.03683161465389255 0.04907785009228505
2234 0.09666596506274927 0.7281423912698417 0.035187227498762796 0.047415220542635694
2234 0.24350334351145175 0.7532296337117025 0.011838258706427318 0.01788840684754529
2234 0.255140206356322 0.7555431053340724 0.011838258706427318 0.017888406847545113
2234 0.2768104884684976 0.7608511690291628 0.011838258706427318 0.017888406847545113
2117 0.26933658243017533 0.6192749383074944 0.011838258706427318 0.01788840684754529
2111 0.2832353081199158 0.6233011042543382 0.011838258706427318 0.017888406847545113
2123 0.30963403380965626 0.6281283065983766 0.013400758706427318 0.017988536397194464
2080 0.32368988975712154 0.5992418429955713 0.013400758706427318 0.017988536397194464
2090 0.3111223699694178 0.4800715383997794 0.011838258706427318 0.01788840684754529
2081 0.3366579585040285 0.4864111759689932 0.013400758706427318 0.017988536397194464
2100 0.35067951492646365 0.48809359191583707 0.011838258706427318 0.01788840684754529
2045 0.36379699061620424 0.4920696930878563 0.011838258706427318 0.01788840684754529
2052 0.3761741598835096 0.4952144794850509 0.013400758706427318 0.017988536397194645
2025 0.35025679104574553 0.43633083281653845 0.011838258706427318 0.017888406847545113
2005 0.3404081575086604 0.3400671020948699 0.011838258706427318 0.01788840684754529
1994 0.3543887703535306 0.3425307680417138 0.013400758706427318 0.017988536397194645
2016 0.38304935888814134 0.3490706647102262 0.011838258706427318 0.01788840684754529
1962 0.3651702193581624 0.1966372771410124 0.013400758706427318 0.017988536397194554
1983 0.389184251470338 0.20209553516057693 0.01183825870642723 0.01788840684754529
1972 0.4139795335825136 0.20760385795496603 0.013400758706427141 0.017988536397194554
2024 0.527264105608781 0.22975706507936647 0.023928822930778536 0.010876943244739845
1921 0.5244290326780024 0.23898187075489247 0.02236632293077854 0.010776813695090492
2234 0.561311556988262 0.23820991517165152 0.013400758706427141 0.017988536397194645
2182 0.5613591446183616 0.2672162947213009 0.011838258706427318 0.01788840684754529
2234 0.5527277730670641 0.2823406469730542 0.022448210085908294 0.012339313695090493
2192 0.5485791836279421 0.3016716378737556 0.027135710085908295 0.012639702344038462
2187 0.5253973111721335 0.3401636389534898 0.01183825870642714 0.01788840684754529
2188 0.5354716740170037 0.3423769810262104 0.01183825870642714 0.01788840684754529
2161 0.44254054556830125 0.32074420804725107 0.011838258706427318 0.01788840684754529
2170 0.45800177125804176 0.32487050354374436 0.011838258706427318 0.01788840684754529
2190 0.4695976905253472 0.3279652251661142 0.01183825870642714 0.01788840684754529
2177 0.48201580337021743 0.33032876156330876 0.013400758706427141 0.017988536397194554
2061 0.43295642639185294 0.4886628932724264 0.013400758706427141 0.017988536397194464
2209 0.4264707310052658 0.5376313193983032 0.013400758706427318 0.017988536397194464
2208 0.4419319566950063 0.5417576148947963 0.014963258706427318 0.01808866594684382
1840 0.4558716259623116 0.5450025308416402 0.014963258706427318 0.01808866594684382
1829 0.47133285165205213 0.5491288263381333 0.014963258706427318 0.01808866594684382
1818 0.48453221449692235 0.5515424275101527 0.014963258706427318 0.01808866594684382
1807 0.49843094018666284 0.5555685934569965 0.013400758706427141 0.017988536397194464
2219 0.5368096082107728 0.8104353685954241 0.02236632293077854 0.010776813695090226
2221 0.5091659650627494 0.7545765923772624 0.013400758706427141 0.017988536397194464
2216 0.5889519623492159 0.832589773283501 0.025491322930778538 0.01097707279438893
2215 0.5910843504088568 0.8068585880583257 0.011838258706427318 0.017888406847545467
2214 0.594328859115284 0.7898212823827997 0.01183825870642714 0.017888406847545113
2218 0.6503088642036666 0.8733637700442987 0.011838258706427318 0.017888406847545467
2220 0.6551158729100939 0.8564265939184217 0.01183825870642714 0.017888406847545467
2206 0.5992830320006339 0.6952900323827997 0.025491322930778538 0.01097707279438911
2207 0.60684322648271 0.670690550581397 0.025573210085908116 0.012539572794389109
2204 0.6179788003179997 0.6376975778792928 0.01496325870642714 0.01808866594684382
2205 0.6494678177308542 0.60522503932263 0.01183825870642714 0.01788840684754529
2156 0.578647384668739 0.5356251357142873 0.024420145861557073 0.020251943244739758
2189 0.5770882066950063 0.5504188209394626 0.02236632293077854 0.010776813695090403
2199 0.6792748264372814 0.5898899359911425 0.023928822930778536 0.010876943244739933
2202 0.6508023456591584 0.5049747154485067 0.01496325870642714 0.01808866594684382
1810 0.6744622529406761 0.3975324552694739 0.02236632293077854 0.010776813695090492
1811 0.6764341887163249 0.3898200848191232 0.025491322930778538 0.01097707279438911
1808 0.6813640281554467 0.37053915869324655 0.02236632293077854 0.010776813695090492
1809 0.6818553510862253 0.36116415869324653 0.02236632293077854 0.010776813695090492
2231 0.6875664405253471 0.3419332973421945 0.02236632293077854 0.010776813695090492
2230 0.643127043759279 0.3821985495016628 0.02236632293077854 0.010776813695090492
2229 0.6443996166900574 0.3728736142764875 0.02236632293077854 0.010776813695090492
2228 0.6485482061291794 0.3535426233757861 0.02236632293077854 0.010776813695090492
2227 0.651383279059958 0.3443178177002601 0.02236632293077854 0.010776813695090492
2225 0.6562721749215149 0.32581814157438344 0.023928822930778536 0.010876943244739756
2226 0.6567634978522934 0.31644314157438347 0.023928822930778536 0.010876943244739756
2232 0.6895383763009959 0.3342209268918438 0.025491322930778538 0.01097707279438911
1876 0.7261376175945686 0.3538115360834275 0.013400758706427141 0.017988536397194554
1888 0.7377335368618739 0.3569062577057974 0.013400758706427141 0.017988536397194554
2186 0.6301534102221937 0.2857345596806956 0.01496325870642714 0.01808866594684382
2185 0.6635014987568046 0.29257484499815606 0.013400758706427318 0.017988536397194554
2157 0.6952461437138504 0.30009625076596713 0.011838258706427318 0.01788840684754529
2222 0.7415412895754075 0.28425000770579745 0.01496325870642714 0.018088665946843906
2211 0.7539184588427128 0.287394794102992 0.013400758706427141 0.017988536397194554
2200 0.7771512409548885 0.29280298734773186 0.01496325870642714 0.01808866594684382
1865 0.7859353414752868 0.4093792180694004 0.02236632293077854 0.010776813695090582
1851 0.8314149378118139 0.42405178978405533 0.013400758706427495 0.017988536397194645
2203 0.7239023309598372 0.47124935995755085 0.011838258706427318 0.01788840684754529
2224 0.7362795002271426 0.4743941463547454 0.013400758706427141 0.017988536397194464
2201 0.7479163630720128 0.47670761797711536 0.013400758706427141 0.017988536397194464
2198 0.7829121607880207 0.49697934761904977 0.02236632293077854 0.010776813695090582
2223 0.7192414071699761 0.5900994895072001 0.011838258706427318 0.017888406847545113
2234 0.7768868108334492 0.5820354680694004 0.011510710085908116 0.011638406847545113
2195 0.7637140241987178 0.6987723850959784 0.023928822930778536 0.010876943244739756
2196 0.7525817723896956 0.7466591725729071 0.024010710085908292 0.012439443244739756
864 0.3168389399595203 0.11672043722776015 0.0448964201718165 0.024678627390180986
923 0.26375820556335244 0.1274285973145079 0.024420145861557073 0.020251943244739844
952 0.23118364371385045 0.2703577745201188 0.025982645861557074 0.02035207279438911
1053 0.19807349332973764 0.4085493869509049 0.02442014586155703 0.020251943244739935
1037 0.16796551221293024 0.5492850084809898 0.02598264586155703 0.020352072794389286
1089 0.14122819256151206 0.6855333891103733 0.02442014586155703 0.020251943244739758
1164 0.2326477306665815 0.7509662268641571 0.011838258706427318 0.017888406847545113
1084 0.23831123247560376 0.7027289859634559 0.011838258706427318 0.01788840684754529
1086 0.2545537081653443 0.7069053462347737 0.015045145861557075 0.019651165946843817
1088 0.26923368385508484 0.7109815769564423 0.015045145861557075 0.019651165946843817
1040 0.2577816067404348 0.6153989666851244 0.015045145861557075 0.019651165946843817
1014 0.26825543928215173 0.5651183644333709 0.014963258706427318 0.01808866594684382
1001 0.279892302127022 0.5674318360557409 0.014963258706427318 0.01808866594684382
981 0.29226947139432735 0.5705766224529356 0.013400758706427318 0.017988536397194464
1083 0.3277975356186785 0.5806921020948699 0.015045145861557075 0.019651165946843817
1021 0.29792300712454756 0.4776579372277602 0.01512703301668683 0.021213665946843818
1009 0.30995933966626454 0.427477464525656 0.015045145861557075 0.019651165946843817
992 0.3223774525111348 0.42984100092285066 0.013400758706427318 0.017988536397194645
972 0.3347546217784402 0.4329857873200452 0.016607645861557073 0.01975129549649317
929 0.3257691253964848 0.3352096213732013 0.013400758706427318 0.017988536397194554
853 0.33435290931768263 0.2910788895717986 0.013400758706427318 0.017988536397194554
830 0.3467710221625529 0.29344242596899317 0.013400758706427318 0.017988536397194554
807 0.3583669414298583 0.29653714759136307 0.016607645861556986 0.01975129549649317
908 0.40156142073764334 0.20524032155777147 0.013400758706427141 0.017988536397194554
841 0.36906650327936036 0.15220615669066173 0.015045145861556985 0.019651165946843907
818 0.3814436725466657 0.1553509430878563 0.014963258706427318 0.018088665946843906
796 0.3921355110812764 0.16073934993540157 0.015045145861557075 0.019651165946843907
875 0.35948014133900125 0.1257239998431165 0.04489642017181659 0.024678627390180986
886 0.4020803991409174 0.13550881245847282 0.04333392017181659 0.024578497840531677
897 0.44114622116718466 0.1529058659745305 0.028364017412854638 0.03607720234403846
1921 0.47911653267800247 0.2360781138150622 0.023928822930778536 0.010876943244739756
1082 0.49659063772095663 0.23171078886120472 0.02721759724103805 0.014202202344038461
740 0.521593959747224 0.2482066764304185 0.025491322930778538 0.01097707279438911
1060 0.4927729189286211 0.25968559453673074 0.025491322930778538 0.01097707279438911
1059 0.5498927001362856 0.29156545264858025 0.023928822930778536 0.010876943244739756
1068 0.574517563885667 0.2704111458933201 0.01183825870642714 0.01788840684754529
1069 0.5914594024202777 0.27620007093946264 0.01183825870642714 0.01788840684754529
1057 0.4375564744465451 0.2812311250738292 0.023928822930778536 0.010876943244739756
1065 0.49439297263752274 0.3334735479605033 0.015045145861557075 0.019651165946843817
1064 0.5089501175945687 0.33989352868217193 0.028364017412854638 0.03607720234403846
752 0.5193177295349278 0.3664257503045418 0.025982645861557074 0.02035207279438911
2194 0.5491180941888203 0.32130301742340495 0.011838258706427318 0.01788840684754529
763 0.46438789009580583 0.3825025308416402 0.024420145861557073 0.020251943244739844
785 0.4461458231579211 0.4463950501199717 0.024420145861557073 0.020251943244739935
963 0.4056536199694178 0.4861293761535633 0.025491322930778538 0.010977072794389286
1096 0.4964866598835096 0.5029244548080486 0.025982645861557074 0.02035207279438911
1080 0.49321781773085416 0.595212084357698 0.013400758706427141 0.017988536397194464
1093 0.4035953957500154 0.6600174591269853 0.023928822930778536 0.010876943244739756
1091 0.5228223513133679 0.7781840730989309 0.013482645861557074 0.019551036397194466
1092 0.5356299677762827 0.6833722208471775 0.025491322930778538 0.01097707279438911
2745 0.5608523750578005 0.576030090217794 0.009702548620519025 0.006850777297895938
2843 0.5620430608334492 0.5682676549926187 0.009702548620519025 0.006850777297895938
1164 0.538646504411014 0.565984461747879 0.04333392017181659 0.02457849784053181
1085 0.5426313195398765 0.5497784708471776 0.04489642017181659 0.024678627390180986
1063 0.5770372970386394 0.5065186266149887 0.024420145861557073 0.020251943244739935
741 0.6252224915207154 0.48452251310446826 0.024420145861557073 0.020251943244739758
852 0.6413664699239894 0.41579229950166285 0.025491322930778538 0.01097707279438911
774 0.6434612364323327 0.4057361790513122 0.025491322930778538 0.010977072794389286
1097 0.6403738579836302 0.3898608551771888 0.02236632293077854 0.010776813695090492
951 0.6600379047951269 0.4334501688722794 0.011838258706427318 0.017888406847545113
1095 0.6473165767759658 0.36208630860096147 0.02236632293077854 0.010776813695090492
1094 0.6535189891458661 0.33348044724990944 0.023928822930778536 0.010876943244739756
1100 0.6784880116471033 0.38054521436877253 0.025491322930778538 0.01097707279438911
1099 0.684649480439439 0.3527206030177205 0.025491322930778538 0.01097707279438911
1098 0.6908109492317744 0.3248959916666685 0.023928822930778536 0.010876943244739845
1067 0.6666298207830719 0.3076689188722794 0.025491322930778538 0.01097707279438911
1062 0.5681237217330116 0.36249851634367075 0.023928822930778536 0.010876943244739756
1061 0.5756462946637901 0.3535740993170927 0.04489642017181659 0.024678627390180986
1072 0.5840320047496984 0.3431372470653393 0.02236632293077854 0.010776813695090492
1073 0.5722247235420339 0.3141611458933201 0.025491322930778538 0.01097707279438911
1164 0.5837354336279421 0.30392455274086533 0.04489642017181659 0.024678627390180986
1066 0.5944648937138505 0.29363789481358593 0.025491322930778538 0.01097707279438911
1071 0.644134023067064 0.28819822562753955 0.013400758706427141 0.017988536397194554
1070 0.6758377244465451 0.29650088139535064 0.011838258706427318 0.01788840684754529
1036 0.7291641203081021 0.2811052213086029 0.01496325870642714 0.01808866594684382
1063 0.7655143781100182 0.29048951572536186 0.01183825870642714 0.01788840684754529
1077 0.7285278759623116 0.5624751372554467 0.025491322930778538 0.010977072794389286
1081 0.703077496609098 0.5694668144610576 0.01183825870642714 0.017888406847545113
1076 0.7376284797620704 0.8076269509505373 0.028364017412854638 0.03607720234403829
2234 0.7119866706261018 0.8781001372554467 0.010275758706427319 0.017788277297896116
1573 0.7160533729100939 0.8603316463547455 0.012002033016686653 0.021013406847545112
498 0.16718974276391077 0.20511470388519798 0.09241987336031983 0.06976988433001133
403 0.13087270522466823 0.3446685572166855 0.09061171189493056 0.06498225478036197
443 0.10228628053029594 0.48628555829641973 0.08773237336031983 0.06946949568106327
475 0.17296287143975583 0.6483733505537104 0.09266553482570909 0.07445738433001133
455 0.26749412143975587 0.6544311883074944 0.08929487336031983 0.06956962523071261
486 0.555154573723748 0.6548362106681448 0.06520227611928178 0.05556768198597286
471 0.6519266751486575 0.7527508813953506 0.07852114767057934 0.07199371838316751
498 0.698127725012372 0.4993848519379863 0.09069359905006032 0.06654475478036197
1455 0.3136010753056277 0.1635453724529355 0.07482293758467104 0.0608559592838688
1455 0.28267090061125544 0.3050121792081957 0.07317855042954129 0.059193329734219445
1455 0.2493560323393182 0.4471100416389818 0.07161605042954129 0.059093200184570094
1455 0.21854868837764058 0.5862330983942421 0.07153416327441153 0.05753070018457009
1455 0.1904535866140468 0.7184750994739761 0.07317855042954129 0.059193329734219445
1415 0.36382356682634304 0.6112202112864535 0.06487472749876275 0.04931768198597268
1408 0.39244761307201287 0.45392814543189475 0.06331222749876284 0.04921755243632351
1413 0.5003054579382017 0.29544262183462666 0.04555151741285464 0.037178627390180984
1385 0.5399743882867835 0.4359465083241063 0.18870173111680727 0.15380252775932118
1390 0.5298956241532894 0.598346378774457 0.0639673247398008 0.06171755243632351
4442 0.4862540875185579 0.7131307695828732 0.10023237336031983 0.07027053207825791
1393 0.5476176334255435 0.7836923958933201 0.04793288896415202 0.052903756939830335
1392 0.676842545229617 0.5615146121170191 0.04628850180902226 0.05124112739018098
1412 0.4437688528952476 0.29730670804725107 0.03708392017181659 0.0241779796419344
4445 0.6230337132537269 0.8104737438261367 0.06224105042954129 0.05849242288667398
4451 0.644923080621153 0.69194378932263 0.06972600180902226 0.052743070634920744
4450 0.6593441067404348 0.6411322609449999 0.07276911465389269 0.051380829734219445
4440 0.7952461437138505 0.3065045419435237 0.029271420171816588 0.023677331893687814
4449 0.7886199282008752 0.462854671493173 0.07407930913596861 0.07638082973421945
1387 0.733293941091174 0.54631921112957 0.05336401741285464 0.03767927513842757
4448 0.7520572291962434 0.6070960248246606 0.06651247060135787 0.08056768198597286
4447 0.6866967435568803 0.8670729996862331 0.06330558344622794 0.07880492288667398
1220 0.1935718583223145 0.1354728323551131 0.05977114767057934 0.07079216378737554
1232 0.15865354647281243 0.27825181523625 0.05968926051544958 0.06922966378737563
1241 0.12542056535600501 0.4187871776670361 0.06125176051544958 0.06932979333702498
1244 0.09379102781676248 0.5586414196474717 0.056564260515449584 0.06902940468807692
1245 0.06421531320829843 0.6892207911775566 0.0598530348257091 0.07235466378737562
1345 0.3943631586403141 0.7464358204780372 0.18534435775648764 0.08974002775932118
1345 0.5975180568767204 0.8934969949058711 0.08369997060135788 0.08166910703211556
1345 0.5138876803485818 0.1708932048080486 0.1401889880142125 0.11954864126984162
1345 0.6435818244011167 0.20899158697859158 0.17208744120271574 0.16363860271317873
1345 0.7714611629357273 0.2218897100498359 0.14051653663473135 0.12579864126984167
1193 0.8694449615562462 0.2218978069029185 0.06799972749876275 0.04951794108527148
1192 0.920847009272254 0.24322089681617073 0.057389776119281775 0.05506703423772628
1195 0.9107416689286211 0.2864702490679242 0.055745388964152195 0.053404404688076924
1194 0.9013356914298584 0.33133216609450217 0.057471663274411354 0.05662953423772628
1197 0.8912303510862252 0.3745815183462556 0.055827276119281774 0.054966904688076926
1196 0.8803437607425921 0.41778080582318433 0.055827276119281774 0.054966904688076926
1345 0.8749358864777612 0.5060119910483596 0.13583568068726598 0.09591088217054296
1339 0.8588737952296169 0.5731797046511651 0.1326287935321364 0.09414812307124425
1249 0.8436338975590377 0.6396162330287952 0.13262879353213605 0.09414812307124443
1248 0.8405221856641072 0.6989912330287952 0.10023237336031983 0.07027053207825791
1246 0.8262239902775199 0.7474590114064252 0.09546298620518989 0.06840764342931002
1344 0.8041199389434673 0.8252137715854581 0.10195864767057934 0.07349566162790708
1224 0.7758444527382774 0.8861116987910689 0.13427318068726618 0.09581075262089378
341 0.24006840004542856 0.10082652452011875 0.019978307326946342 0.024639054595791875
341 0.22010338082355166 0.18263772902362554 0.01981453301668683 0.021514054595791875
341 0.2040003459978426 0.25058669262643096 0.018252033016686743 0.021413925046142524
341 0.18855573043943888 0.32092947100406105 0.01981453301668674 0.021514054595791875
341 0.17224797772590544 0.3927846846068665 0.016771420171816497 0.02287629549649326
341 0.1576255557450666 0.46239627775932124 0.016771420171816497 0.02287629549649317
341 0.142467545229617 0.5272703061369514 0.0183339201718165 0.022976425046142522
341 0.12447446178338892 0.6013691401901075 0.01981453301668674 0.021514054595791875
341 0.11157831411280958 0.6679558628922115 0.018252033016686785 0.021413925046142524
341 0.09666596506274926 0.7281423912698417 0.018252033016686764 0.021413925046142524
16 0.16957443634147565 0.20448364820967196 0.04102779172311406 0.040003238741233016
16 0.13243520522466823 0.3447686867663348 0.03790279172311406 0.0398029796419344
16 0.10142314337516618 0.4877979935215951 0.040945904567984304 0.038440738741233105
16 0.17497907281923686 0.6547735448781844 0.0378209045679843 0.0382404796419344
16 0.2580372342846261 0.6553929110095984 0.03806656603337348 0.0429279796419344
15 0.5532235815256641 0.6617673311184954 0.041935194482076096 0.02760336829088228
16 0.6534891751486576 0.752851010945 0.05163774310259513 0.03445414558877822
16 0.7073798942796774 0.5023293792358823 0.041109678878243724 0.04156573874123311
211 0.24350334351145175 0.7532296337117025 0.008221935775648781 0.008313147748246586
211 0.2558395692011922 0.7571556701088971 0.008221935775648781 0.008313147748246586
211 0.2775507948909327 0.7616824838039875 0.008221935775648781 0.008313147748246586
211 0.2685553324301753 0.6192248735326696 0.008221935775648781 0.008313147748246586
211 0.28327625169748066 0.6225198542543382 0.008221935775648781 0.008313147748246763
211 0.31037434023209143 0.6289596213732013 0.008221935775648781 0.008313147748246586
212 0.32368988975712154 0.5992418429955713 0.008221935775648781 0.008313147748246586
211 0.3111223699694178 0.4800715383997794 0.008221935775648781 0.008313147748246586
211 0.3366579585040286 0.4864111759689932 0.006577548620519025 0.006650518198597233
211 0.3498573213488988 0.4888247771410124 0.008221935775648781 0.008313147748246586
286 0.3494755410457455 0.4362807680417138 0.008221935775648781 0.008313147748246586
211 0.34123035108622524 0.33933591686969455 0.008221935775648781 0.008313147748246586
211 0.3543887703535306 0.3425307680417138 0.008221935775648781 0.008313147748246586
211 0.36599241293572726 0.19590609191583708 0.008221935775648781 0.008313147748246586
211 0.389184251470338 0.20209553516057688 0.008221935775648781 0.008313147748246586
551 0.43107850237484924 0.18048015345145924 0.021540807326946167 0.02473918414544114
276 0.43107850237484924 0.18048015345145924 0.00846759724103805 0.013000647748246585
211 0.41323922716007855 0.20677254318014135 0.008221935775648604 0.008313147748246586
211 0.527264105608781 0.22975706507936647 0.008058161465389268 0.005188147748246585
211 0.5252102826780025 0.23903193552971716 0.008058161465389268 0.005188147748246585
211 0.4799387262555673 0.23534692858988687 0.006495661465389269 0.005088018198597233
265 0.5621337505658268 0.23747872994647617 0.008221935775648781 0.008313147748246586
294 0.5614000881959265 0.26643504472130086 0.008221935775648781 0.008313147748246586
316 0.5511243294894992 0.2830217674234049 0.008140048620519025 0.006750647748246586
163 0.5003054579382017 0.2954426218346266 0.024420145861557073 0.020251943244739758
211 0.5485791836279421 0.30167163787375556 0.006495661465389269 0.005088018198597233
213 0.5483368441888203 0.3212529526485802 0.008221935775648781 0.008313147748246586
321 0.44372790931768263 0.2980879580472511 0.00846759724103805 0.013000647748246585
240 0.4432808519907364 0.32157552282207574 0.008221935775648781 0.008313147748246586
224 0.45800177125804176 0.3248705035437443 0.008221935775648781 0.008313147748246586
240 0.4688164405253471 0.32791516039128954 0.008221935775648781 0.008313147748246586
211 0.4820158033702174 0.33032876156330876 0.006577548620519025 0.006650518198597233
240 0.5246570047496985 0.3393323241786651 0.008221935775648604 0.008313147748246586
240 0.5354716740170037 0.3423769810262104 0.008221935775648604 0.008313147748246586
212 0.43217517639185293 0.48861282849760174 0.008221935775648781 0.008313147748246763
305 0.42568948100526577 0.5375812546234784 0.008221935775648781 0.008313147748246586
209 0.4411507066950063 0.5417075501199717 0.008221935775648781 0.008313147748246586
209 0.4558306823847468 0.5457837808416401 0.008221935775648781 0.008313147748246763
209 0.47133285165205213 0.5491288263381334 0.008221935775648781 0.008313147748246586
209 0.48527252091935746 0.5523737422849774 0.008221935775648781 0.008313147748246586
209 0.49921219018666285 0.5556186582318212 0.008221935775648781 0.008313147748246763
1359 0.3860869911820311 0.694953663630492 0.03699538896415202 0.05220285009228505
1352 0.34977767695767986 0.6847881192137331 0.03526911465389251 0.048977720542635696
1361 0.4226010232942067 0.701212958047251 0.03715916327441153 0.055327850092285046
88 0.3465298462249852 0.6869316101144344 0.014963258706427318 0.01808866594684382
88 0.41943507971664185 0.7017939489479523 0.014881371551297562 0.016526165946843818
29 0.38600510402690136 0.696516163630492 0.016443871551297562 0.016626295496493172
211 0.5091659650627494 0.7545765923772624 0.004933161465389091 0.004987888648948058
68 0.4744125067858633 0.7147235479605033 0.02326708163720568 0.02796431369509058
350 0.4957961838550847 0.725500361655594 0.01183825870642714 0.017888406847545113
244 0.5778285131174414 0.5512501357142873 0.008058161465389268 0.005188147748246585
244 0.5793876910911739 0.536456450489112 0.008221935775648604 0.008313147748246586
335 0.504326815356005 0.44306859345699656 0.035767081637205676 0.028765350092285046
1168 0.5707883763009959 0.3266110811184954 0.03716580732694634 0.025740479641934398
43 0.570747432723431 0.3273923311184954 0.020967597241038048 0.013801684145441228
294 0.605399071687583 0.27944498688630653 0.008221935775648604 0.008313147748246586
117 0.6468296551338112 0.20684809607789018 0.1219369549975255 0.09813471622369914
289 0.7415003459978425 0.28503125770579746 0.008221935775648604 0.008313147748246586
289 0.7539184588427128 0.287394794102992 0.008221935775648604 0.008313147748246586
224 0.7771512409548885 0.29280298734773186 0.006577548620519025 0.006650518198597233
294 0.6301534102221938 0.2857345596806956 0.008221935775648781 0.008313147748246586
294 0.6635014987568046 0.29257484499815606 0.008221935775648781 0.008313147748246586
265 0.6960273937138505 0.3001463155407918 0.008221935775648781 0.008313147748246586
211 0.6575447478522933 0.3164932063492081 0.006495661465389091 0.0050880181985973215
291 0.6547096749215149 0.3257180120247341 0.008058161465389268 0.005188147748246585
291 0.6895793198785608 0.33343967689184384 0.006577548620519025 0.006650518198597233
291 0.6485482061291794 0.3535426233757861 0.008058161465389268 0.005188147748246585
291 0.643127043759279 0.3821985495016628 0.009620661465389268 0.005288277297895938
291 0.6834178510862252 0.36126428824289586 0.008058161465389268 0.005188147748246585
291 0.6764341887163249 0.3898200848191232 0.008058161465389268 0.005188147748246585
211 0.687607384102912 0.3411520473421945 0.006495661465389269 0.0050880181985973215
211 0.6514242226375228 0.34353656770026014 0.006495661465389269 0.005088018198597233
211 0.6814049717330116 0.36975790869324654 0.008058161465389268 0.005188147748246585
211 0.6452218102676224 0.3721424290513122 0.008058161465389268 0.005188147748246585
211 0.6744622529406761 0.39753245526947395 0.008058161465389268 0.005188147748246585
1167 0.6383266791053864 0.4289233551771888 0.03716580732694634 0.025740479641934398
211 0.6508023456591583 0.5049747154485067 0.006577548620519025 0.006650518198597233
211 0.6494678177308542 0.60522503932263 0.008221935775648604 0.008313147748246586
240 0.6179378567404348 0.638478827879293 0.008221935775648604 0.008313147748246586
1348 0.5974106727738084 0.5964019494093777 0.0639739687923356 0.03213018198597286
77 0.6004128420411137 0.5989459585086764 0.020967597241038048 0.013801684145441228
297 0.383597156265465 0.5928905158822454 0.008140048620519025 0.006750647748246586
244 0.3637969906162042 0.4920696930878563 0.008221935775648781 0.008313147748246586
244 0.3761741598835096 0.4952144794850509 0.008221935775648781 0.008313147748246586
211 0.5360283582107728 0.8103853038205994 0.006495661465389269 0.005088018198597411
211 0.6502679206261017 0.8741450200442987 0.006577548620519025 0.0066505181985974104
240 0.6551158729100939 0.8564265939184217 0.008221935775648781 0.008313147748246763
240 0.5935476091152839 0.789771217607975 0.008221935775648781 0.008313147748246763
211 0.5903031004088567 0.806808523283501 0.008221935775648781 0.008313147748246763
305 0.5897332123492158 0.8326398380583256 0.009620661465389268 0.005288277297896116
195 0.6252546325210323 0.8129676881506107 0.033713258706427315 0.019290220542635694
1364 0.6757868990293756 0.8060155837393891 0.03691350180902227 0.05064035009228505
78 0.6724162375639865 0.8105028246400904 0.014963258706427318 0.01808866594684382
195 0.647266830621153 0.6920939836471041 0.0231851944820761 0.026401813695090582
195 0.6578225503179997 0.6402508813953507 0.019896420171816587 0.023076554595791877
1362 0.7027665581199158 0.650185888335181 0.035351001809022266 0.0505402205426357
76 0.7036296952750456 0.6486734531100057 0.014881371551297562 0.016526165946843818
240 0.6792748264372814 0.5898899359911425 0.008058161465389268 0.005188147748246585
211 0.7184601571699761 0.5900494247323754 0.006577548620519025 0.0066505181985974104
211 0.7239023309598372 0.4712493599575508 0.005015048620519024 0.0065503886489480575
240 0.7479573066495777 0.4759263679771153 0.008221935775648781 0.008313147748246586
211 0.7261376175945686 0.3538115360834276 0.006577548620519025 0.006650518198597233
265 0.738514786861874 0.35695632248062215 0.008221935775648604 0.008313147748246586
211 0.7875387850528517 0.4086980976190497 0.008058161465389268 0.005188147748246585
211 0.8321961878118138 0.42410185455888005 0.008221935775648604 0.008313147748246586
303 0.7767230365231897 0.5851604680694005 0.006495661465389269 0.005088018198597411
305 0.7629327741987179 0.6987223203211538 0.006495661465389269 0.005088018198597233
305 0.7533630223896955 0.7467092373477319 0.009702548620519025 0.006850777297895938
1338 0.16569251978770375 0.12898300046142533 0.05261374491161734 0.08279151603912896
1340 0.1338992079382017 0.27196224244186085 0.057465019221876856 0.08621690468807693
1341 0.10140653324382938 0.4133289196474717 0.054340019221876854 0.08601664558877822
1342 0.06825543928215172 0.5523017820782579 0.055902519221876855 0.08611677513842757
1343 0.03872066825125257 0.6820999036083428 0.05261374491161734 0.08279151603912886
1345 0.2864078115108178 0.09909284623477373 0.028364017412854547 0.03607720234403846
2745 0.45606853629604716 0.1374007819213744 0.009948210085908116 0.011538277297895938
1345 0.38015781151081784 0.10510061921373301 0.16035100180902226 0.058550584514581415
1254 0.31895920341564593 0.40532186227390266 0.06545458163720577 0.030667811535622213
1269 0.3319848258714546 0.3661790191214479 0.0809976944820761 0.030106607032115384
1345 0.34498727838258936 0.776194369213733 0.07244156603337357 0.045130829734219446
1345 0.4333127939864216 0.7959642535437442 0.07581222749876275 0.05001858883351815
1780 0.4292460917024294 0.8137327444444458 0.12407930913596861 0.07958497532299766
1780 0.26517362562362734 0.758537697406793 0.013400758706427318 0.017988536397194645
1255 0.2727647976044662 0.6884755212809163 0.0809976944820761 0.030106607032115384
1723 0.29569436454235093 0.6248833906515328 0.016607645861557073 0.01975129549649317
1253 0.31409688376422773 0.5429720565983767 0.08272396879233561 0.03333173658176456
1345 0.3054555461341281 0.513414964525656 0.0809976944820761 0.030106607032115384
1722 0.32349953923672314 0.483216324796974 0.015045145861557075 0.019651165946843817
1264 0.3986799236783195 0.5593666170542646 0.0295923247398008 0.05951470234403846
211 0.38304935888814134 0.3490706647102262 0.006577548620519025 0.006650518198597233
1648 0.38205674694778224 0.32313922038575227 0.02269387155129756 0.01702681369509058
1646 0.3870275299644691 0.3030770442598755 0.02269387155129756 0.017026813695090494
1647 0.3912170629811558 0.2829648033591742 0.02269387155129756 0.017026813695090494
1695 0.369109689620836 0.3458257487633823 0.016607645861556986 0.01975129549649317
1267 0.36661653267800254 0.22886878624031107 0.08099769448207601 0.030106607032115384
1685 0.3775883322030326 0.19900081353820698 0.016607645861557073 0.019751295496493217
1645 0.4429267271600786 0.2086750046234785 0.021295145861557074 0.02005168414544114
533 0.49638924185939964 0.2505108536360294 0.028861984396167807 0.015864831893687814
1266 0.42899702397157524 0.25011153300110855 0.029019114653892508 0.048577202344038464
1265 0.44758324966131574 0.25443808759690045 0.027538501809022266 0.05003957279438911
1256 0.45787121721045587 0.47693365129199095 0.07169793758467105 0.060655700184570095
1268 0.440300857644946 0.6027952444444458 0.08428646879233544 0.03343186613141391
1572 0.4215818351437088 0.5561309955241798 0.016771420171816587 0.02287629549649317
1497 0.4370430608334493 0.560257291020673 0.016771420171816587 0.02287629549649317
1502 0.45180492367831954 0.5627710217423416 0.018252033016686653 0.021413925046142524
1500 0.4665258429456248 0.5660660024640102 0.01668953301668665 0.02131379549649317
1499 0.4812467622129303 0.5693609831856786 0.01668953301668665 0.02131379549649317
1557 0.49518643148023556 0.5726058991325227 0.01668953301668665 0.02131379549649317
1262 0.4783198360482199 0.5354668445367308 0.0809976944820761 0.030106607032115207
1204 0.4748905416115724 0.6457732888612047 0.06405585594746518 0.03369268198597286
2249 0.5863592288575592 0.8222332641842025 0.017924484396167627 0.015163925046142524
1358 0.5369910719147256 0.7022724151716515 0.05147396879233561 0.031329145588778216
1634 0.5668899338550848 0.730056256164638 0.08361808344622794 0.08010660703211539
1251 0.5988403759623117 0.5541643846345531 0.033044873360319825 0.06596496144333716
1345 0.6386841259623116 0.5567176881506107 0.03526247060135788 0.07856509099298634
1345 0.6181669080744873 0.5593222540051697 0.03296298620519007 0.06440246144333699
1460 0.6081378900958059 0.3917144494093778 0.024420145861557073 0.020251943244739758
1767 0.5581345680695385 0.3736164890457748 0.014635710085908115 0.011838665946843907
1771 0.5682089309144087 0.37582983111849544 0.014635710085908115 0.011838665946843907
1770 0.5775429873368438 0.3772118584163914 0.014635710085908115 0.011838665946843907
1772 0.5827660758714546 0.382249811840164 0.014635710085908294 0.011838665946843819
1773 0.5856454144060653 0.3871375709394626 0.014635710085908294 0.011838665946843907
1769 0.5893469465182409 0.39129414481358593 0.014635710085908294 0.011838665946843907
3520 0.618127043759279 0.3805964767072737 0.012909435775648603 0.008613536397194643
1345 0.6194339162150877 0.340702661932449 0.03682497060135788 0.0786652205426357
1257 0.7038697919502567 0.4346912962624604 0.030663501809022265 0.050239831893687636
211 0.6053216700602749 0.6698091710317476 0.008058161465389268 0.005188147748246585
240 0.6001052255781988 0.6945588471576244 0.009702548620519025 0.006850777297895938
1558 0.6153097444613914 0.8381982256275397 0.030424484396167805 0.01596496144333699
1345 0.6051568164876588 0.8524411983296435 0.04029080732694616 0.025940738741233104
2249 0.6398150995043455 0.8342814836471041 0.017678822930778538 0.010476425046142523
1261 0.7070269329505736 0.7633367304079015 0.04645892017181659 0.024778756939830338
1363 0.6915524191557637 0.6996351758121098 0.035351001809022266 0.0505402205426357
1563 0.7505213054063823 0.7261464134736085 0.016771420171816587 0.02287629549649317
1562 0.7624757507929696 0.6775284407715045 0.016771420171816587 0.02287629549649317
1260 0.7501439263918529 0.5089891918512386 0.029926517412854636 0.03617733189368764
1252 0.7733767085040286 0.5143973850959784 0.029926517412854636 0.03617733189368781
168 0.767481912597043 0.4473903577980825 0.017017081637205677 0.02756379549649317
734 0.8612728561746078 0.45261688077704176 0.05813340456798457 0.03954216378737563
1345 0.7962586878118136 0.4217988749169456 0.0653726944820761 0.029105311535622215
1203 0.8567291983272632 0.35982860347914586 0.026146420171816585 0.023477072794389108
1202 0.7622765134561257 0.3373144509505373 0.024420145861557073 0.020251943244739758
723 0.7420625107425922 0.4089193406792194 0.05977779172311415 0.04120479333702498
623 0.7981863579836302 0.3999739396917703 0.014635710085908115 0.011838665946843819
623 0.8146578850074231 0.3249937260889649 0.01776071008590847 0.012038925046142523
1326 0.8389894996613159 0.27952053978405533 0.03748006784239592 0.09116522054263569
2249 0.8118261341029122 0.3491123465393155 0.011346935775648603 0.00851340684754529
1258 0.8156538189740496 0.3658189851882635 0.028364017412854638 0.03607720234403846
1259 0.7947238432843091 0.36134223626799766 0.028364017412854638 0.03607720234403846
1200 0.7560741010862253 0.3659203123015893 0.022857645861557075 0.020151813695090493
1201 0.8505677295349277 0.3876532148301979 0.026064533016686653 0.02191457279438911
305 0.7829121607880207 0.4969793476190497 0.009702548620519025 0.006850777297895938
211 0.7355391938047074 0.47356283157992074 0.008221935775648781 0.008313147748246586
2249 0.4695844866594753 0.821804862735328 0.008549484396167628 0.014563147748246763
2249 0.3065389320460625 0.7619723804725 0.017924484396167804 0.015163925046142524
1345 0.7841460329051451 0.6828365044665949 0.032887743102595124 0.033252590992986344
1345 0.771410337518558 0.7314044123938743 0.032887743102595124 0.033252590992986344