4339 0.0984375 0.18984375 0.009375 0.08203125
4251 0.09921875 0.2359375 0.0109375 0.009375
3997 0.128125 0.20078125 0.0140625 0.009375
3027 0.14296875 0.2171875 0.0125 0.015625
3489 0.13671875 0.15390625 0.0109375 0.01171875
3587 0.175 0.1921875 0.015625 0.03203125
4405 0.21171875 0.15 0.01015625 0.01171875
3993 0.21484375 0.19765625 0.01328125 0.00859375
2955 0.22265625 0.16015625 0.009375 0.009375
3633 0.25 0.215625 0.0375 0.01953125
3431 0.2578125 0.2390625 0.05546875 0.01328125
3501 0.2828125 0.15234375 0.01171875 0.0109375
4006 0.2828125 0.19609375 0.0140625 0.00859375
3058 0.2921875 0.215625 0.01171875 0.0171875
3588 0.31953125 0.1875 0.01640625 0.03203125
4408 0.3546875 0.15078125 0.0109375 0.0125
3011 0.37109375 0.159375 0.01328125 0.00859375
3510 0.42890625 0.14921875 0.01171875 0.01171875
2561 0.39140625 0.21875 0.05625 0.04921875
4066 0.42890625 0.19375 0.01328125 0.0078125
3178 0.43515625 0.2109375 0.0125 0.01640625
3589 0.4671875 0.1796875 0.01640625 0.03359375
4409 0.50234375 0.14765625 0.01171875 0.0109375
4094 0.503125 0.19453125 0.0140625 0.0078125
3145 0.53203125 0.08515625 0.01796875 0.0109375
4116 0.56640625 0.19453125 0.01328125 0.009375
3513 0.571875 0.14296875 0.0109375 0.0109375
3154 0.575 0.2109375 0.0125 0.01796875
3590 0.6078125 0.18125 0.01484375 0.03125
4410 0.64453125 0.14375 0.0109375 0.01171875
4111 0.64609375 0.19296875 0.0140625 0.00859375
3210 0.6546875 0.26015625 0.00859375 0.01015625
3514 0.7078125 0.1421875 0.009375 0.009375
4178 0.71015625 0.190625 0.0140625 0.0078125
3214 0.715625 0.2109375 0.0125 0.0171875
3591 0.74296875 0.17734375 0.015625 0.03203125
3877 0.771875 0.18984375 0.009375 0.00859375
4411 0.77734375 0.1421875 0.009375 0.00859375
2625 0.81015625 0.13984375 0.0109375 0.0796875
2513 0.79921875 0.278125 0.02890625 0.16953125
3209 0.734375 0.30546875 0.0140625 0.009375
3211 0.73515625 0.3234375 0.01328125 0.00859375
3213 0.73515625 0.33828125 0.01328125 0.009375
3526 0.68984375 0.2859375 0.00703125 0.0234375
3351 0.70390625 0.2921875 0.015625 0.02109375
3439 0.709375 0.3734375 0.0140625 0.0171875
4261 0.709375 0.3578125 0.01484375 0.0203125
3314 0.70859375 0.34296875 0.0171875 0.02421875
2249 0.6953125 0.38671875 0.01171875 0.0171875
2700 0.7703125 0.38671875 0.00546875 0.0109375
3168 0.6578125 0.27890625 0.01328125 0.009375
3157 0.6125 0.30703125 0.01328125 0.00859375
4083 0.6125 0.31953125 0.01328125 0.009375
4077 0.61328125 0.33359375 0.0140625 0.009375
4038 0.6125 0.34609375 0.01328125 0.009375
4089 0.61328125 0.36171875 0.0140625 0.009375
3280 0.66015625 0.39140625 0.0109375 0.009375
4046 0.5984375 0.35859375 0.009375 0.00859375
3208 0.5828125 0.35703125 0.0140625 0.00859375
3127 0.56015625 0.30703125 0.0140625 0.00859375
3111 0.56015625 0.31953125 0.0140625 0.00859375
3089 0.56015625 0.33203125 0.0140625 0.009375
3524 0.54375 0.2953125 0.0078125 0.0234375
3350 0.53203125 0.3078125 0.01484375 0.0203125
3349 0.50546875 0.29609375 0.01484375 0.021875
3312 0.53203125 0.328125 0.015625 0.02421875
3311 0.5046875 0.31640625 0.01640625 0.0234375
4260 0.5328125 0.35078125 0.0140625 0.0203125
4259 0.50625 0.33828125 0.0140625 0.01953125
3439 0.5328125 0.37265625 0.0140625 0.0203125
3439 0.5046875 0.35859375 0.01484375 0.0203125
3520 0.51953125 0.28984375 0.00625 0.01328125
4010 0.50078125 0.3828125 0.01328125 0.00859375
4018 0.50078125 0.39453125 0.0140625 0.00859375
3135 0.4671875 0.3171875 0.01328125 0.00859375
4056 0.46796875 0.3296875 0.0125 0.009375
4032 0.4671875 0.34375 0.01484375 0.00859375
4047 0.4671875 0.35703125 0.0140625 0.01015625
4066 0.4671875 0.37109375 0.0140625 0.01015625
3120 0.45 0.3171875 0.0140625 0.01015625
3100 0.44921875 0.33125 0.0140625 0.009375
3079 0.44921875 0.34375 0.01328125 0.009375
3986 0.44921875 0.35859375 0.01328125 0.009375
3525 0.4078125 0.27890625 0.0078125 0.02421875
4386 0.39609375 0.31796875 0.015625 0.0203125
2277 0.3953125 0.3390625 0.01640625 0.0234375
3439 0.39765625 0.35703125 0.0140625 0.021875
3544 0.3703125 0.27734375 0.00625 0.0203125
3348 0.35546875 0.29296875 0.015625 0.02265625
3310 0.35546875 0.3109375 0.0171875 0.02421875
4258 0.35703125 0.33125 0.0140625 0.0203125
3439 0.35625 0.3515625 0.0140625 0.01953125
3976 0.340625 0.38359375 0.01328125 0.00859375
3036 0.32578125 0.3140625 0.01328125 0.009375
3965 0.325 0.33046875 0.01328125 0.00859375
3954 0.325 0.34453125 0.01328125 0.00859375
3911 0.32578125 0.35390625 0.01328125 0.00859375
3539 0.32578125 0.36640625 0.00546875 0.01875
3535 0.30390625 0.36640625 0.00546875 0.0203125
3536 0.26640625 0.3703125 0.00625 0.01875
2956 0.28046875 0.31328125 0.0140625 0.00859375
2933 0.2796875 0.3265625 0.0140625 0.009375
2911 0.2796875 0.3375 0.0140625 0.00859375
3542 0.22734375 0.28203125 0.00703125 0.01796875
3347 0.24140625 0.3046875 0.01640625 0.0109375
3309 0.24375 0.32265625 0.0203125 0.01171875
4257 0.24296875 0.34296875 0.01640625 0.0109375
3439 0.24140625 0.3546875 0.01640625 0.0109375
3439 0.22109375 0.3796875 0.01640625 0.01640625
2554 0.240625 0.37578125 0.02421875 0.0265625
2552 0.253125 0.3765625 0.021875 0.02421875
3182 0.2625 0.39140625 0.00625 0.0171875
3921 0.1796875 0.3234375 0.0140625 0.00859375
3900 0.1796875 0.33671875 0.01328125 0.009375
3943 0.18046875 0.34921875 0.0140625 0.009375
3011 0.18125 0.36171875 0.01328125 0.00859375
3932 0.18046875 0.37265625 0.01328125 0.00859375
2944 0.1546875 0.309375 0.01328125 0.009375
2922 0.1671875 0.33125 0.0125 0.01015625
2900 0.1546875 0.353125 0.01328125 0.00859375
2967 0.13984375 0.26171875 0.00703125 0.02421875
2978 0.13984375 0.3046875 0.0078125 0.02265625
2989 0.1390625 0.35 0.00703125 0.01875
3000 0.13515625 0.37578125 0.0140625 0.00859375
4218 0.165625 0.39921875 0.01328125 0.009375
3541 0.20625 0.3984375 0.0125 0.01015625
3523 0.19375 0.4171875 0.0125 0.00859375
3540 0.20546875 0.4171875 0.0125 0.01015625
3207 0.19296875 0.46015625 0.00625 0.0203125
3985 0.18671875 0.4890625 0.00546875 0.01328125
3766 0.203125 0.5078125 0.00625 0.0125
2844 0.2125 0.50625 0.00625 0.01171875
3877 0.20390625 0.4390625 0.00625 0.01328125
2744 0.22109375 0.43515625 0.01640625 0.01796875
2550 0.24375 0.4375 0.02421875 0.02265625
2556 0.26015625 0.43984375 0.0296875 0.028125
3410 0.22109375 0.48671875 0.0078125 0.0203125
3185 0.23046875 0.484375 0.00703125 0.01953125
3477 0.24140625 0.47578125 0.00859375 0.02109375
4151 0.2234375 0.52109375 0.01328125 0.00859375
3765 0.23984375 0.50859375 0.00703125 0.00625
2728 0.23984375 0.496875 0.00625 0.00703125
3184 0.246875 0.50234375 0.00625 0.01875
4160 0.265625 0.52265625 0.00625 0.01953125
4162 0.27734375 0.5203125 0.0140625 0.0078125
3476 0.29375 0.41015625 0.0125 0.01015625
3189 0.2859375 0.49453125 0.00625 0.01875
4155 0.28515625 0.51015625 0.01328125 0.00859375
4156 0.315625 0.5203125 0.0125 0.00859375
2856 0.3328125 0.50546875 0.0109375 0.0171875
4128 0.31640625 0.42578125 0.01328125 0.009375
4137 0.31640625 0.44140625 0.0140625 0.009375
4158 0.31640625 0.45390625 0.0140625 0.00859375
4145 0.31640625 0.46484375 0.01328125 0.00859375
3190 0.3171875 0.47578125 0.01328125 0.00859375
2867 0.3609375 0.453125 0.01171875 0.0171875
3455 0.38984375 0.453125 0.01796875 0.0125
3473 0.41875 0.40546875 0.0078125 0.021875
2889 0.4171875 0.45 0.01171875 0.01796875
2744 0.4203125 0.47578125 0.0171875 0.0109375
3527 0.4359375 0.4890625 0.0125 0.015625
2441 0.44140625 0.5078125 0.0203125 0.02734375
3439 0.44453125 0.440625 0.01640625 0.01015625
3069 0.47734375 0.42421875 0.00625 0.01875
4027 0.46171875 0.44140625 0.01328125 0.00859375
2443 0.47109375 0.47109375 0.01953125 0.02734375
2442 0.478125 0.4953125 0.01875 0.02421875
2250 0.47265625 0.50390625 0.0171875 0.0234375
3221 0.4609375 0.51015625 0.00859375 0.01328125
3778 0.4890625 0.5140625 0.01328125 0.00859375
3789 0.48984375 0.4953125 0.01328125 0.00859375
3800 0.48984375 0.48515625 0.0140625 0.00859375
4176 0.490625 0.471875 0.0140625 0.00859375
3533 0.50078125 0.453125 0.00625 0.025
3538 0.50703125 0.43359375 0.0171875 0.01015625
4177 0.515625 0.44453125 0.0140625 0.00859375
3767 0.515625 0.5390625 0.0140625 0.00859375
3574 0.5359375 0.5390625 0.0171875 0.009375
2644 0.54921875 0.525 0.0078125 0.0078125
2700 0.5484375 0.515625 0.0078125 0.00859375
2728 0.5484375 0.5015625 0.00703125 0.00859375
2728 0.5484375 0.4875 0.00703125 0.0078125
2280 0.55703125 0.46796875 0.01953125 0.0125
4386 0.5546875 0.453125 0.01640625 0.01015625
3439 0.52109375 0.4125 0.0140625 0.01953125
3695 0.53515625 0.4125 0.01796875 0.02734375
3696 0.5484375 0.41171875 0.0171875 0.02734375
3697 0.5640625 0.41171875 0.01875 0.02734375
3855 0.57109375 0.4234375 0.00625 0.0203125
3543 0.56640625 0.50859375 0.00703125 0.0203125
3205 0.5734375 0.53203125 0.0140625 0.01015625
3459 0.575 0.54765625 0.0203125 0.0109375
3478 0.62421875 0.40703125 0.00703125 0.01953125
2545 0.60234375 0.45 0.03984375 0.01171875
2548 0.603125 0.46640625 0.03984375 0.0109375
3439 0.5875 0.50234375 0.0140625 0.02109375
2744 0.5890625 0.521875 0.01328125 0.01953125
3218 0.634375 0.45546875 0.00625 0.01875
4386 0.6234375 0.51015625 0.01484375 0.01953125
3439 0.62421875 0.5296875 0.01484375 0.0203125
2765 0.621875 0.553125 0.0109375 0.01328125
2764 0.6390625 0.53359375 0.0125 0.06328125
3288 0.66484375 0.4296875 0.009375 0.009375
3291 0.6640625 0.46640625 0.01015625 0.00859375
3754 0.65703125 0.521875 0.01015625 0.0296875
4189 0.71015625 0.56953125 0.0140625 0.009375
2644 0.75390625 0.47265625 0.00546875 0.0125
2249 0.78125 0.471875 0.01171875 0.01484375
4386 0.7890625 0.58984375 0.0578125 0.03359375
4187 0.75625 0.5984375 0.00703125 0.0203125
3216 0.7296875 0.58984375 0.01328125 0.01015625
4184 0.77734375 0.6671875 0.01328125 0.009375
3575 0.7734375 0.7203125 0.02109375 0.00859375
4186 0.7953125 0.7328125 0.01328125 0.00859375
4188 0.7765625 0.73359375 0.01328125 0.00859375
4183 0.74296875 0.66015625 0.0140625 0.0078125
4182 0.725 0.6609375 0.01328125 0.00859375
3461 0.72890625 0.646875 0.01640625 0.0078125
3757 0.73828125 0.7328125 0.00859375 0.00859375
3287 0.675 0.67421875 0.01328125 0.0109375
2644 0.68671875 0.590625 0.003125 0.0078125
3554 0.6734375 0.59140625 0.00390625 0.0078125
3217 0.628125 0.59296875 0.00625 0.01875
4174 0.6234375 0.65546875 0.00703125 0.02265625
4175 0.59765625 0.65703125 0.00859375 0.0234375
3762 0.6375 0.72578125 0.01171875 0.01171875
3761 0.58203125 0.72421875 0.01171875 0.0109375
3226 0.59375 0.63671875 0.01640625 0.01015625
3456 0.5703125 0.59765625 0.00703125 0.02265625
3269 0.54921875 0.62265625 0.0078125 0.01484375
4172 0.5703125 0.65234375 0.0171875 0.0109375
4173 0.5296875 0.696875 0.01328125 0.01015625
4167 0.51875 0.71015625 0.00625 0.0203125
2765 0.521875 0.60625 0.01328125 0.0140625
2744 0.5109375 0.60546875 0.00703125 0.02265625
3439 0.5015625 0.60546875 0.00703125 0.021875
2546 0.47109375 0.5859375 0.0078125 0.06328125
4122 0.47734375 0.59375 0.009375 0.0140625
2549 0.4875 0.58515625 0.00859375 0.06171875
3210 0.49140625 0.5703125 0.00703125 0.01328125
4157 0.49296875 0.5875 0.00859375 0.01328125
2481 0.515625 0.6796875 0.01484375 0.009375
2479 0.50078125 0.6796875 0.0140625 0.00859375
2480 0.48671875 0.6796875 0.0140625 0.009375
2482 0.4703125 0.68046875 0.0140625 0.00859375
3188 0.45546875 0.58828125 0.0078125 0.0125
2845 0.42578125 0.63203125 0.01171875 0.015625
3521 0.4578125 0.6265625 0.01328125 0.01015625
3439 0.44609375 0.64453125 0.01640625 0.01015625
3439 0.45703125 0.68046875 0.0125 0.00859375
3460 0.45859375 0.70390625 0.00703125 0.02265625
4170 0.4359375 0.67578125 0.0125 0.0078125
3537 0.44375 0.653125 0.015625 0.01875
2645 0.4609375 0.64296875 0.009375 0.0109375
4171 0.38515625 0.721875 0.01328125 0.00859375
3528 0.35703125 0.71953125 0.01796875 0.009375
2495 0.3828125 0.6828125 0.01953125 0.028125
2496 0.36640625 0.68046875 0.01953125 0.02890625
2477 0.35078125 0.684375 0.0171875 0.0234375
3755 0.3765625 0.6390625 0.00625 0.01328125
2955 0.3484375 0.659375 0.00703125 0.0125
2878 0.3390625 0.6609375 0.00625 0.01796875
3770 0.33125 0.6671875 0.00625 0.02421875
3199 0.34140625 0.615625 0.00859375 0.0125
4198 0.31953125 0.61796875 0.0140625 0.0078125
4298 0.33046875 0.59375 0.01015625 0.0125
4332 0.325 0.590625 0.009375 0.01328125
4302 0.3234375 0.58515625 0.00859375 0.0125
4299 0.31953125 0.57890625 0.009375 0.01171875
4300 0.31875 0.56953125 0.01015625 0.01328125
3561 0.33125 0.615625 0.00859375 0.01171875
3222 0.33125 0.63515625 0.00546875 0.01875
4197 0.30546875 0.64765625 0.01328125 0.00859375
3220 0.29609375 0.61796875 0.01328125 0.009375
4196 0.2875 0.6484375 0.0140625 0.00859375
4151 0.27734375 0.61875 0.0140625 0.00859375
4193 0.2578125 0.61875 0.01328125 0.00859375
3219 0.2671875 0.65 0.01328125 0.00859375
4194 0.24921875 0.65078125 0.0140625 0.009375
3187 0.31328125 0.5359375 0.00625 0.01796875
4207 0.3234375 0.54453125 0.01328125 0.0203125
3186 0.3015625 0.5375 0.01328125 0.00859375
3197 0.2921875 0.546875 0.00703125 0.01796875
2455 0.3109375 0.58671875 0.015625 0.0078125
2456 0.28984375 0.5875 0.015625 0.0078125
3756 0.27734375 0.5734375 0.009375 0.009375
2464 0.27890625 0.584375 0.0125 0.01640625
2463 0.26796875 0.58359375 0.01328125 0.01796875
3439 0.26015625 0.58515625 0.01171875 0.0171875
3198 0.265625 0.57265625 0.00625 0.01875
3193 0.2375 0.54453125 0.0125 0.009375
3194 0.22265625 0.55390625 0.0140625 0.0078125
3191 0.240625 0.58515625 0.01328125 0.0078125
4152 0.22421875 0.5859375 0.0140625 0.0078125
4154 0.2390625 0.60078125 0.0125 0.009375
3196 0.2390625 0.61328125 0.0125 0.009375
4153 0.22578125 0.6265625 0.01328125 0.009375
3195 0.22578125 0.65625 0.01328125 0.0078125
4123 0.22578125 0.67890625 0.01328125 0.01015625
3153 0.21171875 0.6984375 0.00859375 0.009375
4190 0.21171875 0.7109375 0.009375 0.009375
4179 0.2125 0.7234375 0.00859375 0.00859375
3188 0.2125 0.73515625 0.009375 0.00859375
4168 0.2125 0.74765625 0.009375 0.00859375
3753 0.196875 0.76640625 0.00625 0.0140625
3192 0.2359375 0.6625 0.00625 0.01953125
3223 0.24375 0.66875 0.00703125 0.01875
4200 0.259375 0.690625 0.00625 0.01796875
4199 0.26796875 0.690625 0.00703125 0.01875
3224 0.27890625 0.690625 0.00546875 0.01875
3769 0.28828125 0.69296875 0.00546875 0.0234375
3768 0.296875 0.69296875 0.00625 0.02421875
3225 0.3078125 0.68984375 0.0078125 0.01796875
3771 0.3171875 0.69296875 0.00703125 0.02421875
3833 0.28515625 0.70859375 0.0125 0.009375
3844 0.2859375 0.72109375 0.0140625 0.009375
2728 0.246875 0.75703125 0.00625 0.0078125
2644 0.27578125 0.75625 0.00703125 0.00703125
3530 0.26328125 0.76171875 0.02109375 0.0109375
3822 0.3046875 0.77890625 0.00703125 0.0171875
4256 0.303125 0.76484375 0.009375 0.00859375
3487 0.340625 0.7328125 0.00859375 0.0265625
3760 0.34921875 0.75703125 0.0109375 0.0109375
4192 0.3703125 0.74375 0.01328125 0.009375
4169 0.37109375 0.7546875 0.0125 0.009375
3531 0.4046875 0.74921875 0.021875 0.0109375
4166 0.3984375 0.77265625 0.00625 0.01796875
3457 0.440625 0.75859375 0.00625 0.02109375
3522 0.421875 0.80546875 0.01953125 0.009375
3202 0.48046875 0.75234375 0.00625 0.01875
3206 0.4859375 0.7390625 0.01328125 0.00859375
4191 0.50390625 0.74140625 0.0140625 0.0078125
3759 0.52890625 0.75234375 0.01171875 0.0109375
3292 0.5484375 0.76640625 0.01015625 0.0109375
3750 0.55546875 0.81796875 0.00703125 0.02890625
3579 0.578125 0.79453125 0.00625 0.02421875
4163 0.59765625 0.7953125 0.00703125 0.01796875
3580 0.62890625 0.79375 0.00625 0.02421875
3517 0.57890625 0.83359375 0.00546875 0.01328125
3515 0.62890625 0.846875 0.01015625 0.00859375
4164 0.65546875 0.8234375 0.00625 0.01875
3293 0.640625 0.75078125 0.00546875 0.01328125
3202 0.65625 0.75 0.00546875 0.01875
3532 0.68671875 0.77890625 0.00703125 0.03046875
3201 0.6875 0.80703125 0.01328125 0.00859375
3294 0.6953125 0.7609375 0.0109375 0.01171875
3493 0.74296875 0.82890625 0.01953125 0.01328125
2756 0.81171875 0.76953125 0.0046875 0.009375
2249 0.75 0.80234375 0.01171875 0.00703125
2249 0.73203125 0.81796875 0.0125 0.0078125
2249 0.62109375 0.79609375 0.01171875 0.0078125
2249 0.57109375 0.796875 0.0125 0.00703125
2249 0.46640625 0.80546875 0.01171875 0.00703125
2249 0.80390625 0.80390625 0.01171875 0.0109375
2249 0.68828125 0.82109375 0.0125 0.01640625
2249 0.6375 0.7953125 0.0109375 0.015625
2249 0.58671875 0.79609375 0.01171875 0.015625
2249 0.43828125 0.80625 0.01171875 0.0171875
2249 0.40859375 0.80859375 0.01171875 0.01484375
2617 0.11171875 0.784375 0.0265625 0.0125
2616 0.14296875 0.846875 0.02734375 0.0109375
2618 0.2109375 0.84609375 0.02890625 0.01171875
2619 0.175 0.84609375 0.025 0.0109375
4279 0.1796875 0.77734375 0.03515625 0.01328125
3439 0.20859375 0.7890625 0.01640625 0.009375
2598 0.18125 0.7890625 0.01015625 0.009375
4337 0.153125 0.7890625 0.0109375 0.01015625
4236 0.1671875 0.78828125 0.0109375 0.009375
2745 0.24765625 0.82421875 0.00703125 0.00703125
2700 0.2765625 0.8234375 0.0078125 0.00703125
3529 0.2625 0.81875 0.021875 0.01015625
2624 0.2546875 0.84609375 0.02578125 0.009375
2623 0.30078125 0.84453125 0.02734375 0.0109375
3811 0.3046875 0.8265625 0.00625 0.01796875
4234 0.3046875 0.81171875 0.01328125 0.00859375
3439 0.30546875 0.8 0.01640625 0.009375
4203 0.340625 0.83125 0.00859375 0.0171875
4407 0.45234375 0.834375 0.01953125 0.01171875
3518 0.51953125 0.83203125 0.00703125 0.01328125
4412 0.6796875 0.88046875 0.0125 0.01015625
2033 0.13125 0.18359375 0.04296875 0.02734375
2031 0.2140625 0.18203125 0.04375 0.0265625
2041 0.28515625 0.18046875 0.04375 0.02734375
2036 0.35625 0.1796875 0.04375 0.028125
2100 0.43046875 0.178125 0.04375 0.02734375
2128 0.50078125 0.17734375 0.04375 0.02578125
2150 0.56875 0.17734375 0.04296875 0.02734375
2145 0.64375 0.175 0.04375 0.02890625
2210 0.71171875 0.17421875 0.04296875 0.028125
2234 0.77421875 0.1734375 0.0421875 0.0265625
2234 0.76640625 0.321875 0.015625 0.00859375
2234 0.76640625 0.33359375 0.015625 0.01015625
2234 0.76640625 0.35546875 0.01640625 0.01015625
2117 0.6296875 0.31875 0.01640625 0.01015625
2111 0.63046875 0.33359375 0.01640625 0.01015625
2123 0.6296875 0.36015625 0.01640625 0.0109375
2080 0.5984375 0.36796875 0.01484375 0.0109375
2090 0.48515625 0.33046875 0.01640625 0.01015625
2081 0.48515625 0.35703125 0.01640625 0.0109375
2100 0.484375 0.37109375 0.015625 0.009375
2045 0.48515625 0.384375 0.015625 0.00859375
2052 0.48515625 0.396875 0.015625 0.0109375
2025 0.43359375 0.359375 0.01484375 0.01015625
2005 0.34140625 0.33046875 0.01640625 0.01015625
1994 0.34140625 0.34453125 0.015625 0.0109375
2016 0.34140625 0.3734375 0.015625 0.01015625
1962 0.19609375 0.32421875 0.01640625 0.0109375
1983 0.19609375 0.34921875 0.015625 0.01015625
1972 0.19609375 0.37421875 0.01640625 0.0109375
2024 0.19296875 0.4890625 0.00703125 0.0234375
1921 0.203125 0.48828125 0.00625 0.02265625
2234 0.19375 0.52421875 0.01640625 0.0109375
2182 0.22265625 0.53046875 0.01640625 0.01015625
2234 0.2390625 0.525 0.0078125 0.0203125
2192 0.25859375 0.525 0.0078125 0.02421875
2187 0.3015625 0.51015625 0.015625 0.009375
2188 0.3015625 0.52109375 0.015625 0.00859375
2161 0.30078125 0.42578125 0.01640625 0.01015625
2170 0.3015625 0.44140625 0.015625 0.009375
2190 0.3015625 0.45390625 0.01640625 0.009375
2177 0.3015625 0.46640625 0.015625 0.0109375
2061 0.46640625 0.45078125 0.01640625 0.0109375
2209 0.515625 0.4546875 0.01640625 0.0109375
2208 0.51640625 0.47109375 0.015625 0.0125
1840 0.51640625 0.48515625 0.01640625 0.01328125
1829 0.5171875 0.50078125 0.015625 0.0125
1818 0.51640625 0.51484375 0.015625 0.0125
1807 0.5171875 0.52890625 0.015625 0.0109375
2219 0.7578125 0.61875 0.00703125 0.02265625
2221 0.709375 0.58046875 0.01640625 0.0109375
2216 0.76796875 0.67421875 0.00703125 0.02421875
2215 0.74296875 0.67109375 0.015625 0.00859375
2214 0.725 0.67109375 0.015625 0.009375
2218 0.79453125 0.74296875 0.01640625 0.009375
2220 0.77734375 0.74375 0.015625 0.00859375
2206 0.63203125 0.65625 0.00703125 0.02421875
2207 0.60625 0.65859375 0.0078125 0.0234375
2204 0.571875 0.6625 0.01640625 0.01171875
2205 0.5328125 0.68671875 0.01640625 0.01015625
2156 0.48046875 0.603125 0.01640625 0.02265625
2189 0.4953125 0.6046875 0.00625 0.02265625
2199 0.51171875 0.7125 0.00703125 0.0234375
2202 0.43515625 0.6671875 0.01640625 0.01171875
1810 0.325 0.66796875 0.00625 0.02265625
1811 0.31640625 0.66796875 0.00703125 0.02421875
1808 0.296875 0.66875 0.00625 0.02265625
1809 0.2875 0.6671875 0.00625 0.02265625
2231 0.26796875 0.66875 0.00703125 0.02265625
2230 0.31640625 0.63359375 0.00703125 0.021875
2229 0.30703125 0.6328125 0.00625 0.02265625
2228 0.2875 0.63359375 0.00625 0.02265625
2227 0.278125 0.634375 0.00703125 0.02265625
2225 0.25859375 0.63515625 0.00625 0.0234375
2226 0.24921875 0.63359375 0.00703125 0.0234375
2232 0.259375 0.66875 0.00703125 0.02421875
1876 0.27109375 0.70859375 0.015625 0.0109375
1888 0.27109375 0.72109375 0.015625 0.0109375
2186 0.225 0.6015625 0.01640625 0.0125
2185 0.225 0.63515625 0.01640625 0.0109375
2157 0.225 0.66796875 0.015625 0.01015625
2222 0.19921875 0.709375 0.015625 0.01171875
2211 0.2 0.721875 0.01640625 0.0109375
2200 0.2 0.74609375 0.01640625 0.01171875
1865 0.31171875 0.77890625 0.00703125 0.02265625
1851 0.31640625 0.82578125 0.015625 0.0109375
2203 0.3859375 0.73125 0.01640625 0.009375
2224 0.3859375 0.74375 0.01640625 0.0109375
2201 0.3859375 0.75546875 0.015625 0.0109375
2198 0.3984375 0.79375 0.00703125 0.02265625
2223 0.503125 0.7515625 0.015625 0.009375
2234 0.4828125 0.80546875 0.01015625 0.01015625
2195 0.59921875 0.8171875 0.00703125 0.0234375
2196 0.6484375 0.81640625 0.0078125 0.02265625
864 0.12890625 0.2609375 0.01484375 0.0421875
923 0.15078125 0.21171875 0.01640625 0.02265625
952 0.29765625 0.209375 0.01640625 0.0234375
1053 0.43984375 0.20546875 0.01640625 0.02265625
1037 0.58359375 0.20546875 0.01640625 0.0234375
1089 0.72265625 0.2078125 0.015625 0.02265625
1164 0.76640625 0.31015625 0.01640625 0.00859375
1084 0.71796875 0.30625 0.01640625 0.01015625
1086 0.71875 0.32265625 0.0171875 0.0109375
1088 0.71953125 0.3375 0.0171875 0.0109375
1040 0.62890625 0.30703125 0.0171875 0.0109375
1014 0.57734375 0.30625 0.01640625 0.01171875
1001 0.57734375 0.31875 0.01640625 0.01171875
981 0.57734375 0.33125 0.01640625 0.0109375
1083 0.5796875 0.36796875 0.0171875 0.0109375
1021 0.48515625 0.3171875 0.01796875 0.0109375
1009 0.43359375 0.31875 0.0171875 0.0109375
992 0.43359375 0.33125 0.01640625 0.0109375
972 0.43359375 0.34375 0.0171875 0.01171875
929 0.340625 0.31484375 0.01640625 0.0109375
853 0.2953125 0.3140625 0.01640625 0.0109375
830 0.2953125 0.3265625 0.01640625 0.0109375
807 0.2953125 0.33828125 0.0171875 0.01171875
908 0.196875 0.36171875 0.01640625 0.0109375
841 0.15234375 0.31953125 0.0171875 0.0109375
818 0.15234375 0.33203125 0.01640625 0.01171875
796 0.15546875 0.34375 0.0171875 0.0109375
875 0.128125 0.30390625 0.015625 0.0421875
886 0.12890625 0.34765625 0.01640625 0.04140625
897 0.13671875 0.38984375 0.03046875 0.021875
1921 0.21015625 0.44375 0.00625 0.0234375
1082 0.2015625 0.46015625 0.009375 0.02578125
740 0.2125 0.4875 0.00703125 0.02421875
1060 0.2296875 0.46171875 0.00703125 0.02421875
1059 0.2484375 0.52421875 0.00703125 0.0234375
1068 0.22265625 0.54375 0.01640625 0.009375
1069 0.22421875 0.56171875 0.01640625 0.00859375
1057 0.26328125 0.4125 0.00625 0.0234375
1065 0.3015625 0.47890625 0.0171875 0.0109375
1064 0.3046875 0.49453125 0.03046875 0.021875
752 0.328125 0.51015625 0.01640625 0.0234375
2194 0.278125 0.5296875 0.01640625 0.01015625
763 0.35625 0.46015625 0.01640625 0.02265625
785 0.42265625 0.45546875 0.01640625 0.02265625
963 0.4703125 0.42421875 0.00703125 0.02578125
1096 0.46640625 0.51640625 0.01640625 0.0234375
1080 0.55703125 0.53203125 0.01640625 0.0109375
1093 0.640625 0.45859375 0.00625 0.0234375
1091 0.7296875 0.59921875 0.0171875 0.00859375
1092 0.634375 0.59140625 0.00625 0.02421875
2745 0.52421875 0.59375 0.0046875 0.00859375
2843 0.515625 0.59375 0.0046875 0.00859375
1164 0.51875 0.5703125 0.015625 0.040625
1085 0.50234375 0.57109375 0.015625 0.0421875
1063 0.45234375 0.5953125 0.015625 0.02109375
741 0.4203125 0.6375 0.01640625 0.021875
852 0.35 0.6390625 0.00703125 0.02421875
774 0.33984375 0.6390625 0.00625 0.02421875
1097 0.325 0.6328125 0.00546875 0.02265625
951 0.36328125 0.6609375 0.01640625 0.009375
1095 0.29609375 0.63359375 0.00625 0.02109375
1094 0.2671875 0.63359375 0.00625 0.0234375
1100 0.30703125 0.66796875 0.00703125 0.02421875
1099 0.27890625 0.66796875 0.00703125 0.02421875
1098 0.25 0.66875 0.00625 0.0234375
1067 0.2390625 0.64140625 0.00625 0.02421875
1062 0.3140625 0.55703125 0.00703125 0.0234375
1061 0.303125 0.5625 0.01640625 0.0421875
1072 0.29140625 0.56796875 0.00625 0.02265625
1073 0.265625 0.55078125 0.00546875 0.02421875
1164 0.253125 0.56015625 0.01640625 0.0421875
1066 0.240625 0.56796875 0.00703125 0.02421875
1071 0.225 0.615625 0.01640625 0.0109375
1070 0.22578125 0.64765625 0.01640625 0.01015625
1036 0.19921875 0.696875 0.01640625 0.01171875
1063 0.2 0.734375 0.015625 0.01015625
1077 0.47421875 0.7546875 0.00625 0.02421875
1081 0.4859375 0.73125 0.01640625 0.01015625
1076 0.7109375 0.8140625 0.03046875 0.021875
2234 0.7859375 0.80390625 0.01640625 0.00703125
1573 0.7671875 0.80390625 0.01953125 0.0078125
498 0.24765625 0.13359375 0.0515625 0.08046875
403 0.3921875 0.12734375 0.046875 0.08046875
443 0.53671875 0.128125 0.053125 0.0765625
475 0.6796875 0.23125 0.05546875 0.08046875
455 0.66484375 0.32421875 0.053125 0.078125
486 0.60234375 0.6046875 0.04375 0.05546875
471 0.6765625 0.71953125 0.0578125 0.0671875
498 0.41875 0.71171875 0.0484375 0.08046875
1455 0.175 0.2671875 0.04609375 0.06640625
1455 0.3203125 0.26640625 0.0453125 0.0640625
1455 0.46640625 0.2640625 0.0453125 0.0625
1455 0.60859375 0.2625 0.04453125 0.0625
1455 0.74375 0.2625 0.0453125 0.0640625
1415 0.6015625 0.409375 0.03828125 0.0578125
1408 0.44140625 0.4046875 0.03828125 0.05546875
1413 0.26328125 0.4765625 0.028125 0.03984375
1385 0.39140625 0.54453125 0.11875 0.1640625
1390 0.55234375 0.56875 0.05 0.05390625
4442 0.67421875 0.55 0.05 0.08984375
1393 0.7296875 0.62421875 0.04296875 0.0390625
1392 0.484375 0.70390625 0.04453125 0.03828125
1412 0.27734375 0.421875 0.0171875 0.03359375
4445 0.7390625 0.703125 0.046875 0.053125
4451 0.61875 0.7 0.0390625 0.0625
4450 0.565625 0.703125 0.0375 0.065625
4440 0.209375 0.76640625 0.01953125 0.02421875
4449 0.36328125 0.7921875 0.06171875 0.0609375
1387 0.45703125 0.75546875 0.0265625 0.0484375
4448 0.5125 0.78671875 0.06796875 0.05390625
4447 0.78046875 0.77734375 0.06953125 0.04921875
1220 0.17421875 0.14453125 0.0609375 0.046875
1232 0.32109375 0.140625 0.06015625 0.046875
1241 0.465625 0.13671875 0.06015625 0.0484375
1244 0.609375 0.13515625 0.059375 0.04453125
1245 0.74296875 0.13359375 0.06171875 0.04609375
1345 0.7265625 0.4671875 0.0515625 0.17578125
1345 0.82578125 0.6953125 0.065625 0.0703125
1345 0.13828125 0.4640625 0.09296875 0.12265625
1345 0.14765625 0.5984375 0.13125 0.1453125
1345 0.13203125 0.72578125 0.09921875 0.1203125
1193 0.1109375 0.82109375 0.0359375 0.0609375
1192 0.1203125 0.87578125 0.0453125 0.0484375
1195 0.16484375 0.875 0.04375 0.04765625
1194 0.21015625 0.875 0.04609375 0.0484375
1197 0.2546875 0.87421875 0.0453125 0.04765625
1196 0.29921875 0.87265625 0.0453125 0.04765625
1345 0.38671875 0.88515625 0.06796875 0.12109375
1339 0.45546875 0.88359375 0.06875 0.11796875
1249 0.52421875 0.8828125 0.06875 0.11796875
1248 0.5828125 0.8921875 0.04921875 0.08984375
1246 0.6328125 0.88828125 0.04921875 0.0859375
1344 0.7140625 0.8828125 0.05234375 0.09140625
1224 0.7796875 0.86796875 0.0703125 0.1203125
341 0.13046875 0.1828125 0.02109375 0.01484375
341 0.2140625 0.18046875 0.01953125 0.01484375
341 0.284375 0.17890625 0.01953125 0.0140625
341 0.35625 0.178125 0.01953125 0.01484375
341 0.4296875 0.17734375 0.0203125 0.01328125
341 0.5015625 0.17734375 0.0203125 0.01328125
341 0.56796875 0.1765625 0.0203125 0.0140625
341 0.64375 0.17421875 0.01953125 0.015625
341 0.71171875 0.175 0.01953125 0.0140625
341 0.77421875 0.1734375 0.01953125 0.0140625
16 0.246875 0.1359375 0.0328125 0.03359375
16 0.3921875 0.12890625 0.0328125 0.03203125
16 0.53828125 0.128125 0.03203125 0.03359375
16 0.68515625 0.234375 0.03203125 0.03203125
16 0.66796875 0.315625 0.0359375 0.03046875
15 0.609375 0.6046875 0.01875 0.03828125
16 0.67578125 0.72109375 0.025 0.04609375
16 0.41953125 0.72109375 0.03359375 0.03359375
211 0.76640625 0.321875 0.00546875 0.00546875
211 0.7671875 0.334375 0.00546875 0.00546875
211 0.7671875 0.35625 0.00625 0.00546875
211 0.6296875 0.31796875 0.00546875 0.00546875
211 0.63046875 0.3328125 0.00546875 0.00625
211 0.63046875 0.3609375 0.00546875 0.00546875
212 0.5984375 0.36796875 0.00546875 0.00546875
211 0.48515625 0.33046875 0.00546875 0.00546875
211 0.48515625 0.35703125 0.00546875 0.0046875
211 0.48515625 0.3703125 0.00546875 0.00546875
286 0.43359375 0.35859375 0.00546875 0.00703125
211 0.340625 0.33046875 0.00546875 0.00703125
211 0.34140625 0.34453125 0.00546875 0.00546875
211 0.1953125 0.325 0.00546875 0.00546875
211 0.19609375 0.34921875 0.00546875 0.00546875
551 0.16640625 0.38515625 0.0203125 0.0171875
276 0.16640625 0.38515625 0.0109375 0.00625
211 0.19609375 0.3734375 0.00546875 0.00546875
211 0.19296875 0.4890625 0.00390625 0.0078125
211 0.20234375 0.4890625 0.00390625 0.0078125
211 0.209375 0.44453125 0.00390625 0.00703125
265 0.19296875 0.525 0.00546875 0.00703125
294 0.221875 0.53046875 0.00546875 0.00625
316 0.23984375 0.5234375 0.0046875 0.0078125
163 0.26328125 0.4765625 0.015625 0.02265625
211 0.25859375 0.525 0.00390625 0.00703125
213 0.278125 0.52890625 0.00546875 0.00625
321 0.278125 0.421875 0.0109375 0.00703125
240 0.3015625 0.4265625 0.00546875 0.00625
224 0.3015625 0.44140625 0.00546875 0.00625
240 0.3015625 0.453125 0.00546875 0.00546875
211 0.3015625 0.46640625 0.0046875 0.00546875
240 0.30078125 0.509375 0.00546875 0.00546875
240 0.3015625 0.52109375 0.00546875 0.00546875
212 0.46640625 0.45 0.00546875 0.00625
305 0.515625 0.45390625 0.00546875 0.00546875
209 0.51640625 0.4703125 0.00546875 0.00703125
209 0.5171875 0.48515625 0.00546875 0.00625
209 0.5171875 0.50078125 0.00546875 0.00546875
209 0.5171875 0.515625 0.00546875 0.00625
209 0.5171875 0.5296875 0.00546875 0.00625
1359 0.678125 0.4484375 0.04765625 0.028125
1352 0.6765625 0.4109375 0.04453125 0.0265625
1361 0.6765625 0.48515625 0.04921875 0.0265625
88 0.67890625 0.4078125 0.01484375 0.01328125
88 0.67734375 0.48203125 0.0140625 0.01171875
29 0.6796875 0.4484375 0.0140625 0.0140625
211 0.709375 0.58046875 0.0046875 0.0046875
68 0.678125 0.53828125 0.0234375 0.01953125
350 0.684375 0.56171875 0.01640625 0.009375
244 0.49609375 0.60546875 0.00390625 0.0078125
244 0.48125 0.60390625 0.00546875 0.00703125
335 0.40625 0.5109375 0.02265625 0.03125
1168 0.278125 0.5515625 0.01953125 0.0328125
43 0.27890625 0.55234375 0.01015625 0.01875
294 0.22421875 0.57578125 0.00625 0.00625
117 0.14453125 0.60078125 0.07578125 0.10546875
289 0.2 0.709375 0.00546875 0.00546875
289 0.2 0.721875 0.00546875 0.00546875
224 0.2 0.74609375 0.0046875 0.00546875
294 0.225 0.6015625 0.00546875 0.00625
294 0.225 0.63515625 0.00546875 0.00625
265 0.225 0.66875 0.00546875 0.00625
211 0.24921875 0.634375 0.003125 0.00703125
291 0.25859375 0.63359375 0.00390625 0.0078125
291 0.25859375 0.66875 0.0046875 0.00703125
291 0.2875 0.63359375 0.00390625 0.0078125
291 0.31640625 0.63359375 0.00390625 0.00859375
291 0.2875 0.66875 0.00390625 0.0078125
291 0.31640625 0.66796875 0.00390625 0.0078125
211 0.2671875 0.66875 0.00390625 0.00703125
211 0.27734375 0.634375 0.003125 0.00703125
211 0.29609375 0.66875 0.003125 0.0078125
211 0.30625 0.63359375 0.003125 0.0078125
211 0.325 0.66796875 0.00390625 0.0078125
1167 0.36328125 0.6390625 0.01953125 0.0328125
211 0.43515625 0.6671875 0.00546875 0.0046875
211 0.5328125 0.68671875 0.00546875 0.00546875
240 0.57265625 0.6625 0.00546875 0.00625
1348 0.5359375 0.63359375 0.01953125 0.0609375
77 0.5375 0.6375 0.009375 0.01875
297 0.57890625 0.425 0.0046875 0.0078125
244 0.48515625 0.384375 0.00546875 0.00546875
244 0.48515625 0.396875 0.00546875 0.00546875
211 0.7578125 0.61796875 0.00390625 0.00703125
211 0.7953125 0.74296875 0.00546875 0.0046875
240 0.77734375 0.74375 0.00546875 0.00625
240 0.725 0.6703125 0.00546875 0.00625
211 0.74296875 0.6703125 0.00546875 0.00546875
305 0.76796875 0.675 0.00390625 0.00859375
195 0.74140625 0.70625 0.01328125 0.03125
1364 0.7234375 0.75390625 0.0453125 0.02734375
78 0.728125 0.7515625 0.01640625 0.0125
195 0.61796875 0.70234375 0.02265625 0.01953125
195 0.565625 0.7015625 0.0203125 0.015625
1362 0.56484375 0.74765625 0.0453125 0.0265625
76 0.56328125 0.7484375 0.0140625 0.01328125
240 0.51171875 0.7125 0.00390625 0.0078125
211 0.503125 0.75078125 0.00546875 0.0046875
211 0.3859375 0.73125 0.00546875 0.00390625
240 0.38515625 0.75546875 0.00546875 0.00625
211 0.27109375 0.70859375 0.00546875 0.0046875
265 0.27109375 0.721875 0.00546875 0.00546875
211 0.3109375 0.78046875 0.003125 0.0078125
211 0.31640625 0.8265625 0.00546875 0.00625
303 0.48515625 0.80625 0.00390625 0.00546875
305 0.59921875 0.81640625 0.00390625 0.00703125
305 0.6484375 0.8171875 0.0046875 0.00859375
1338 0.17421875 0.11640625 0.075 0.03828125
1340 0.3203125 0.11484375 0.078125 0.03984375
1341 0.465625 0.1125 0.078125 0.0375
1342 0.60859375 0.109375 0.07734375 0.0390625
1343 0.74140625 0.10703125 0.075 0.0375
1345 0.11875 0.22734375 0.03046875 0.02265625
2745 0.11875 0.40078125 0.009375 0.0078125
1345 0.10390625 0.3203125 0.02578125 0.15703125
1254 0.41015625 0.32265625 0.0171875 0.0625
1269 0.36953125 0.32734375 0.01328125 0.07890625
1345 0.76640625 0.425 0.03125 0.06640625
1345 0.76640625 0.515625 0.034375 0.06796875
1780 0.78515625 0.51484375 0.0546875 0.1125
1780 0.76640625 0.34375 0.01640625 0.0109375
1255 0.696875 0.33671875 0.01328125 0.07734375
1723 0.6296875 0.34609375 0.0171875 0.0125
1253 0.5453125 0.346875 0.01484375 0.0796875
1345 0.51875 0.33203125 0.01328125 0.07890625
1722 0.48515625 0.34375 0.0171875 0.0109375
1264 0.54296875 0.4328125 0.05546875 0.01875
211 0.34140625 0.3734375 0.00546875 0.0046875
1648 0.31640625 0.3671875 0.01171875 0.0203125
1646 0.2953125 0.36796875 0.0125 0.0203125
1647 0.275 0.36796875 0.0125 0.0203125
1695 0.34140625 0.359375 0.0171875 0.01328125
1267 0.22734375 0.3328125 0.0125 0.07734375
1685 0.19609375 0.3375 0.0171875 0.01171875
1645 0.19140625 0.403125 0.01484375 0.01796875
533 0.2203125 0.46328125 0.009375 0.0265625
1266 0.234375 0.39765625 0.04453125 0.0203125
1265 0.234375 0.4171875 0.0453125 0.01875
1256 0.45 0.4734375 0.04609375 0.06328125
1268 0.5765625 0.48203125 0.015625 0.08046875
1572 0.53515625 0.45390625 0.0203125 0.01328125
1497 0.53515625 0.4703125 0.0203125 0.0125
1502 0.53515625 0.48515625 0.01953125 0.0140625
1500 0.53515625 0.5 0.01875 0.01328125
1499 0.53515625 0.51484375 0.01953125 0.0125
1557 0.53515625 0.52890625 0.01953125 0.01171875
1262 0.50234375 0.50546875 0.0125 0.07734375
1204 0.6109375 0.525 0.0203125 0.05859375
2249 0.75859375 0.66953125 0.01171875 0.01640625
1358 0.65234375 0.596875 0.0203125 0.04609375
1634 0.67265625 0.63203125 0.0640625 0.0703125
1251 0.49453125 0.6265625 0.0609375 0.0203125
1345 0.48828125 0.665625 0.075 0.0203125
1345 0.4953125 0.64609375 0.059375 0.0203125
1460 0.33359375 0.6015625 0.01640625 0.021875
1767 0.3265625 0.54921875 0.00859375 0.0125
1771 0.3265625 0.559375 0.00859375 0.0125
1770 0.3265625 0.56875 0.00859375 0.0125
1772 0.3296875 0.575 0.00859375 0.01328125
1773 0.334375 0.57890625 0.00859375 0.0125
1769 0.3375 0.58359375 0.00859375 0.01328125
3520 0.3203125 0.609375 0.00625 0.0109375
1345 0.28125 0.60234375 0.0734375 0.02265625
1257 0.3546875 0.70390625 0.0453125 0.02265625
211 0.60546875 0.65703125 0.00390625 0.0078125
240 0.63125 0.65703125 0.0046875 0.00859375
1558 0.76796875 0.7015625 0.009375 0.028125
1345 0.784375 0.69453125 0.01875 0.0359375
2249 0.75859375 0.72421875 0.00625 0.0171875
1261 0.675 0.775 0.01640625 0.04296875
1363 0.615625 0.746875 0.0453125 0.0265625
1563 0.62890625 0.81015625 0.0203125 0.0125
1562 0.57890625 0.81171875 0.0203125 0.0125
1260 0.4171875 0.76484375 0.03125 0.0234375
1252 0.4171875 0.78828125 0.03125 0.0234375
168 0.353125 0.76875 0.02578125 0.01328125
734 0.3375 0.8609375 0.028125 0.05390625
1345 0.321875 0.79140625 0.015625 0.06328125
1203 0.24765625 0.8375 0.01875 0.02109375
1202 0.246875 0.740625 0.01484375 0.02109375
723 0.32109375 0.7359375 0.0296875 0.05390625
623 0.3 0.78828125 0.00859375 0.0125
623 0.2234375 0.7890625 0.009375 0.01640625
1326 0.1734375 0.803125 0.08671875 0.01953125
2249 0.24765625 0.79140625 0.00625 0.009375
1258 0.2625 0.7984375 0.03125 0.021875
1259 0.26328125 0.77734375 0.03125 0.02109375
1200 0.27578125 0.740625 0.01484375 0.0203125
1201 0.2765625 0.8375 0.0171875 0.02109375
305 0.3984375 0.79375 0.0046875 0.00859375
211 0.3859375 0.74296875 0.00546875 0.00546875
2249 0.78359375 0.55625 0.0125 0.00703125
2249 0.7609375 0.384375 0.01171875 0.015625
1345 0.57890625 0.83359375 0.02734375 0.0265625
1345 0.6296875 0.83125 0.02734375 0.0265625