3591 0.8741841693587661 0.8971429724585687 0.02630994292790554 0.030165732122152632
1791 0.8694089321790475 0.848131516549213 0.03884848428423453 0.06543355242559415
3590 0.8688331974805287 0.7594676292763096 0.024601893713693812 0.026913186364518005
3633 0.8139273736592111 0.7596910277591009 0.05222177956950454 0.08520391848667046
3431 0.7674162466947403 0.7480521550300648 0.04110449710451576 0.11387105242559432
3589 0.8575960986378204 0.6134696030635125 0.026237168320799496 0.028603232122152634
3588 0.8495203870986652 0.46694541836598435 0.027799668320799498 0.028730777879787082
2574 0.8261000037240536 0.4815022548802836 0.06713195781510137 0.2716516015172088
2629 0.8026239623677247 0.5140916142734001 0.05008569892376151 0.20644118969849784
2630 0.7840045490093239 0.45924474654533387 0.06604464681406572 0.3151465100019397
3587 0.8406634255595099 0.320357460789639 0.024601893713693812 0.026913186364518005
3439 0.7276240781645438 0.22172902896704888 0.014863020678164317 0.01833541181871077
2580 0.7088911947899323 0.23666850275425172 0.02093323821317572 0.04840554909161447
3439 0.689197278950332 0.22172915790500278 0.013300520678164496 0.018207866061076317
2581 0.6704643955757206 0.23666863169220562 0.019443512820281582 0.049840503333979845
3439 0.6499164551290144 0.22322801396413938 0.013300520678164318 0.018207866061076317
3439 0.6091095186112498 0.22381807426564143 0.013300520678164318 0.018207866061076317
2582 0.630438709057956 0.23732246487252495 0.019443512820281582 0.049840503333979935
2583 0.5904130225401912 0.2379762980528443 0.019443512820281582 0.049840503333979845
3439 0.6176796898275335 0.30921344032671777 0.013300520678164496 0.018207866061076317
2357 0.6771103478092508 0.29602765623801286 0.02227741439185813 0.04384559484924892
2344 0.6560165978092509 0.2943057885099466 0.019443512820281582 0.049840503333979845
2564 0.6356677105056979 0.2934289436606976 0.021006012820281583 0.04996804909161447
2555 0.598437384203181 0.3350904141139206 0.021660984284234353 0.06403054909161447
3439 0.5825234398275335 0.3063436607799407 0.013300520678164496 0.018207866061076317
2744 0.5613569152204276 0.30618429305187445 0.01493579528527036 0.019897911818710857
2553 0.5874420721686878 0.38595141244693065 0.021660984284234176 0.06403054909161439
2557 0.5670567975615819 0.38585581759768167 0.02151543507002245 0.060905549091614476
2551 0.5488183738640988 0.33966647274843276 0.019661836641598995 0.05452800333397985
2358 0.6900918831697237 0.43824697820844455 0.021006012820281583 0.04996804909161447
2345 0.6697066085626179 0.43815138335919557 0.01958906203449331 0.05296550333397985
2565 0.6500298093484062 0.43968206138876387 0.017881012820281584 0.0497129575763454
3439 0.6312605386702417 0.45540278517596666 0.014863020678164496 0.01833541181871077
3439 0.6474463107961481 0.4951508113887638 0.014863020678164317 0.01833541181871077
2744 0.6678679727068071 0.49446515623801285 0.01493579528527036 0.019897911818710767
4386 0.6882532473139129 0.4945607510872618 0.01493579528527036 0.019897911818710767
3439 0.6297065390845266 0.6066304453276876 0.014863020678164317 0.01833541181871077
2359 0.6893191335840084 0.5895384112389827 0.019443512820281582 0.049840503333979845
2346 0.6736941335840084 0.5882629536626374 0.01958906203449331 0.05296550333398002
2566 0.6587048343697968 0.5901762689651091 0.019443512820281582 0.049840503333980025
3439 0.6212540301931864 0.6702465351759667 0.014863020678164496 0.01833541181871077
2360 0.6809736325505511 0.6845320468448963 0.019443512820281582 0.049840503333979845
2347 0.6613332206398924 0.6852814748744647 0.01958906203449331 0.05296550333397985
2567 0.6417655833363395 0.6844684029040329 0.019443512820281582 0.049840503333979845
2361 0.6940857545526231 0.7734350501788763 0.019443512820281582 0.049840503333980025
2348 0.6745181172490702 0.7726219782084446 0.01958906203449331 0.05296550333398002
2568 0.6548413180348585 0.7741526562380129 0.019443512820281582 0.049840503333980025
3439 0.6352907973566941 0.7898096071463984 0.014863020678164496 0.01833541181871077
2765 0.6594838145202019 0.9102017265414546 0.04742296360606986 0.04901132697140156
2249 0.618751806662319 0.8755079910853221 0.014571922249740864 0.012085411818710767
2249 0.5941199878034003 0.7982121674479006 0.014571922249740864 0.012085411818710767
2249 0.5275446098054721 0.8806103371425191 0.014571922249741043 0.012085411818711122
2249 0.543242384412578 0.8803232947188644 0.011446922249741042 0.01183032030344151
2249 0.47318890364300037 0.8016723941100412 0.014571922249741043 0.012085411818710767
2249 0.5540579139820826 0.7996472506282198 0.011446922249740865 0.011830320303441689
2249 0.5148134774643179 0.8003648566873565 0.011446922249741042 0.01183032030344151
2249 0.44745684946638986 0.8826992535031579 0.011446922249740865 0.01183032030344151
4386 0.41894870575269627 0.9054672027445534 0.0452440334984459 0.0690687354561323
4386 0.4933601625343405 0.7390128974440211 0.014863020678164317 0.01833541181871077
3439 0.47371975062368177 0.7397623254735894 0.015008569892376044 0.021460411818710768
2765 0.4526260006236818 0.7380404577455233 0.014717471463952591 0.015210411818710768
3439 0.49450743962264576 0.6975428745652039 0.022675520678164317 0.018973140606883553
2744 0.47326814040843407 0.6989460068371376 0.022675520678164317 0.018973140606883553
2545 0.5470866300693518 0.7135981803247781 0.020787688998963993 0.045280549091614476
2548 0.5329513554622459 0.7140127685060673 0.020787688998963993 0.045280549091614476
3697 0.5929107063718687 0.6726382115385451 0.03339469685684691 0.015178460910325242
3696 0.5920395651393744 0.6576669157809105 0.03495719685684691 0.015306006667959693
3695 0.5913503604246447 0.6387893700232761 0.03495719685684691 0.015306006667959693
3439 0.5873178318885974 0.6243442327503723 0.023946922249741043 0.012850686364518004
2407 0.5190387127820095 0.6422972651720874 0.021297111248705036 0.05621804909161447
2406 0.49787218817490364 0.642137897444021 0.021297111248705036 0.05621804909161447
2405 0.47901302626424497 0.6429510983524067 0.021297111248705036 0.05621804909161447
2404 0.4578101143535861 0.6435729806243404 0.021297111248705036 0.05621804909161447
2422 0.5465130494236087 0.5912129972942399 0.05828768899896399 0.04834164727484343
2428 0.5611577462804556 0.5798609091129507 0.05828768899896417 0.04834164727484325
3439 0.5399398717971842 0.5302914727484327 0.015008569892376044 0.021460411818710768
2744 0.5245695829220548 0.5235472651720874 0.01493579528527036 0.019897911818710767
2337 0.5089081956185018 0.523053057595742 0.01915241439185813 0.043590503333979846
2543 0.4945545971900783 0.5281551457770312 0.017881012820281584 0.0497129575763454
2338 0.516474600704735 0.39427435335337657 0.037906722497410075 0.11205346091032524
2641 0.4607511395798645 0.39521522895735056 0.025329639784752268 0.042538186364518005
3439 0.3536128817219817 0.3551007988017504 0.027144696856846905 0.014668277879787084
2463 0.34976013565092307 0.3704707072864813 0.0365196968568469 0.015433552425594322
2464 0.34988641418697036 0.38459698016529853 0.0365196968568469 0.015433552425594322
2456 0.35075755541946474 0.3995682759229331 0.038082196856846905 0.015561098183228862
2455 0.35162869665195906 0.41453957168056765 0.038082196856846905 0.01556109818322895
2478 0.3117100179920773 0.4465709506185215 0.0365196968568469 0.015433552425594322
2496 0.31258115922457164 0.46154224637615604 0.0365196968568469 0.015433552425594322
2495 0.313452300457066 0.4765135421337906 0.038082196856846905 0.01556109818322895
3439 0.3404642566195378 0.553219434407664 0.014863020678164408 0.01833541181871077
3439 0.2951688732449263 0.5659906303150797 0.027144696856846905 0.014668277879787084
2546 0.396568707405326 0.5609360816825072 0.05501713978475227 0.04496155575957417
2549 0.3972579121200558 0.5798136274401419 0.054944365177646406 0.043399055759574166
2280 0.4134094509951852 0.5866216078953045 0.022238873035529315 0.009598140606883377
3454 0.4324676660489972 0.5983721798657362 0.015008569892376044 0.021460411818710768
2762 0.4161149199779386 0.6127217222893908 0.012863873035529317 0.008832866061076316
3439 0.3864274199779386 0.6102983528943347 0.022311647642635178 0.011160640606883553
2744 0.3858816104246447 0.6220171028943347 0.025582196856846907 0.014540732122152632
2482 0.29365987717386766 0.5815518574362625 0.030269696856846905 0.014923369395056164
2480 0.2946037930134679 0.594960653193897 0.028634422249741043 0.013233323637421534
2479 0.2954749342459623 0.6099319489515315 0.02856164764263518 0.011670823637421534
2481 0.2955648254784566 0.6248394718303489 0.028634422249741043 0.013233323637421534
2626 0.3562240355698698 0.719976370772182 0.1747218258882322 0.20883235030926084
2431 0.3331610630724598 0.8278845945593849 0.13336046360606985 0.05602634364130097
2249 0.3299782510379665 0.8793833216805677 0.011301373035529316 0.00870532030344151
2249 0.274254789913096 0.8803241972845417 0.00959332382131759 0.005452774545807415
2455 0.3024889518237548 0.8802762709219631 0.038082196856846905 0.01556109818322895
2249 0.19431042473544954 0.9130094094028148 0.011301373035529316 0.008705320303441866
2456 0.19291274462782573 0.892505590766363 0.016862168320799585 0.027837957576345218
2249 0.19151506452020187 0.8720017721299111 0.008176373035529271 0.00845022878817261
2249 0.18973639475166024 0.8428404306146422 0.006541098428423453 0.006760183030537803
2249 0.18965296567749368 0.7267690204629214 0.006541098428423453 0.006760183030538158
2249 0.18658577771198695 0.6747601103112004 0.006541098428423453 0.006760183030538158
2249 0.1851880976043631 0.6542562916747486 0.004978598428423453 0.00663263727290353
2249 0.1807596168347855 0.580962312886576 0.004978598428423453 0.006632637272903708
2249 0.1765880012428543 0.46847828834076866 0.004978598428423453 0.006632637272903708
2249 0.15547294230873288 0.23148860030926074 0.006541098428423453 0.006760183030538158
2249 0.11321266770162705 0.22960736485312827 0.004978598428423453 0.00663263727290353
2249 0.11526316522042768 0.26976997924721463 0.004978598428423453 0.006632637272903618
2249 0.11773103970369903 0.31780886652011825 0.003416098428423453 0.006505091515269079
2249 0.11941766418697038 0.3657839809142046 0.004978598428423453 0.006632637272903618
2249 0.12288511249155931 0.4091991410659254 0.004978598428423453 0.006632637272903708
2249 0.11270324545188601 0.24054486485312826 0.006541098428423453 0.006760183030538158
2249 0.11535305645292201 0.2846775021260319 0.006541098428423453 0.006760183030538158
2249 0.1178573182397463 0.3319351393989355 0.006541098428423453 0.006760183030538158
2249 0.1205071292407823 0.3760677766718391 0.006541098428423453 0.006760183030538158
2249 0.12379264102760659 0.4233891868235601 0.008176373035529316 0.00845022878817261
2249 0.1783474003332315 0.514890902734855 0.009738873035529273 0.008577774545807238
2249 0.1793084327982202 0.5447697213713069 0.009738873035529273 0.008577774545807238
2249 0.1826474485139859 0.607779904401845 0.008176373035529316 0.00845022878817261
2249 0.18885459905210517 0.7102352247052868 0.009738873035529316 0.008577774545807238
2249 0.19195817432116483 0.7614628848570076 0.008176373035529316 0.00845022878817261
2249 0.18933828846535394 0.8177128848570077 0.009738873035529273 0.008577774545807059
3480 0.18953734160850708 0.8302766577358248 0.014644696856846861 0.013647911818710768
2481 0.19045133230288216 0.7433028162205557 0.015081344499481997 0.023022911818710766
2573 0.25996331162471775 0.7662298753141099 0.03398120181924558 0.09461086939505617
2602 0.24057761083892942 0.7615105533436782 0.029730349461880756 0.10360323212215264
4386 0.22678693858918844 0.7713639144037847 0.014935795285270271 0.019897911818710767
2572 0.2105455084815646 0.7496484110698047 0.021660984284234353 0.06403054909161447
2479 0.18653011973026962 0.6927926331900177 0.018133569892376133 0.021715503333979848
2480 0.18389957940739804 0.6314087230382969 0.015081344499481997 0.023022911818710766
3480 0.18081527481650284 0.5629297900077587 0.014571922249740998 0.012085411818710767
2482 0.17709526943981935 0.49126208409840333 0.015081344499481997 0.023022911818710766
2415 0.2609223058337495 0.5435896007683028 0.03576202564056317 0.0994259151526908
2603 0.24384396774440828 0.5398428474343228 0.03129284946188075 0.10373077787978709
2322 0.23017957403071457 0.5638224813732465 0.01966183664159917 0.05452800333398002
4386 0.22747625910073715 0.5040010712215256 0.014863020678164408 0.01833541181871077
3487 0.20740566170577104 0.41296161197819037 0.016425520678164496 0.018462957576345217
3439 0.18776524979511222 0.4137110400077587 0.014863020678164451 0.01833541181871077
4234 0.1674163624915593 0.4128341951585098 0.014863020678164408 0.01833541181871077
2462 0.13195189743774735 0.39974439273291534 0.03077911910658786 0.025860869395056163
2461 0.1251775126153938 0.35998039106592544 0.03241439371369372 0.027550915152690703
2460 0.12367282464988709 0.30809902667183914 0.02921661910658786 0.02573332363742171
2459 0.11975161207727454 0.25758884364130097 0.03077911910658786 0.025860869395056163
2458 0.11815487882649753 0.22452125212603188 0.030851893713693724 0.027423369395056164
2249 0.13590530500517994 0.23067552833882904 0.006541098428423453 0.006760183030538158
2457 0.19002987882649752 0.23038835697722054 0.030851893713693724 0.027423369395056164
2504 0.2341693689017001 0.39397236697916016 0.0580693651776464 0.04365414727484325
2403 0.2206355618296055 0.36463568228163207 0.027581344499481998 0.024043277879787085
3439 0.1622044776692057 0.3731977392491543 0.024238020678164406 0.019100686364518005
2503 0.15771818486513478 0.35165757909743345 0.045132717535011316 0.03325878121376693
3352 0.1655135682397463 0.3358252850067888 0.0742380206781644 0.02318215060882318
2280 0.14858077936461683 0.32895353167280894 0.02216609842842345 0.008035640606883466
4247 0.16151742700725197 0.3205988977338852 0.01159247146395268 0.014955320303441688
2762 0.14505767307831052 0.30357089439990537 0.008176373035529271 0.00845022878817261
4246 0.13101444375647495 0.28517170970237726 0.011592471463952725 0.014955320303441688
2280 0.1431698413991101 0.2767533028846363 0.022238873035529315 0.009598140606883554
3439 0.1937670008285695 0.3185260857653932 0.024165246071058587 0.017538186364518003
4373 0.13877343982753354 0.27012066561173265 0.038082196856846814 0.015561098183228862
2606 0.20270750723871028 0.2949450645535659 0.03880994292790545 0.03118609818322886
2525 0.20094595409555716 0.28225374591711405 0.042080492142117176 0.03456618969849794
2585 0.20011120016661574 0.26650120015947953 0.04527826674922304 0.03638378121376702
1345 0.9015857313932594 0.8476212045807212 0.05236732878371626 0.08832891848667046
1790 0.8632403229972573 0.711173650488137 0.04033820967712849 0.06399859818322895
1345 0.8946358722114688 0.7105995656408277 0.05556510339082195 0.09014651000193971
1789 0.8534929495474433 0.5668656700329743 0.03877570967712814 0.06387105242559432
1345 0.884107248761655 0.5662278123068478 0.053857054176610575 0.0868939642443051
1345 0.8737605618296055 0.4179498089728678 0.05073205417661057 0.086638872729036
1345 0.864939987594003 0.2705806013965225 0.05214900496239849 0.08364141848667064
1788 0.8431098753118409 0.41936891669899445 0.038848484284234173 0.06543355242559432
1787 0.8304194383797914 0.27089959472856273 0.04026543507002245 0.06243609818322886
1793 0.6578937750213907 0.20348946987349475 0.15941354135632899 0.047257121521088054
1345 0.650545693756475 0.3275806741158602 0.08390411910658777 0.03019742515463033
1793 0.5740730849889693 0.3362384548705853 0.044225188998963993 0.04719373545613248
1345 0.661891954509842 0.4712349503286575 0.08546661910658777 0.030324970912264958
1345 0.6618640676205738 0.6233714062380129 0.08710189371369381 0.03201501666989941
1345 0.6504342619962212 0.6498861088133884 0.08390411910658777 0.03019742515463051
1345 0.6674847131962943 0.8057693180567236 0.08546661910658777 0.030324970912264958
1345 0.5780176447516603 0.8745355513868243 0.06104881596343468 0.04078423879011232
1345 0.4869196098054722 0.8772941474440212 0.05607021753501122 0.034151601517208974
1793 0.5360142353222008 0.8334642701730572 0.16057793507002263 0.07225712152108806
1345 0.470723183212505 0.7199122110795031 0.0621746683207995 0.03153678454774678
1345 0.561825526264245 0.6497110235070371 0.03096320967712849 0.06323332363742154
1345 0.48608281762057376 0.6090225085041275 0.08383134449948208 0.02863492515463051
1793 0.5168640907799376 0.5542870821415493 0.06951628742738727 0.055484467578284936
1793 0.41857440984374417 0.22316501471304542 0.04618579528527036 0.022448826971401558
1793 0.29747850579096824 0.24700151425400346 0.03561216832079959 0.02936850666795978
1793 0.25171008747016865 0.2699289601614192 0.045132717535011316 0.03325878121376702
1793 0.3775448413991101 0.29588516652981656 0.10011131596343467 0.04397288273097573
1793 0.3804279387940762 0.385521622439172 0.03310790653397531 0.07586086939505617
1793 0.27887824731391286 0.4611437625870135 0.03187073821317572 0.04929836939505616
1793 0.32276518031702084 0.5964752268313186 0.03474318114108117 0.07755091515269079
1793 0.3546144937992562 0.6029961648628266 0.048223484284234355 0.06619882697140156
1638 0.41438975413833834 0.599249153652939 0.021258569892376046 0.021970594849248924
1793 0.30822737552123786 0.9254452497101358 0.05621576674922295 0.037276601517208977
1345 0.30541274462782575 0.9016888853160495 0.04022689371369372 0.028188643940863047
1793 0.2289594065384845 0.8930953931919575 0.03812073821317572 0.04980855242559414
1793 0.2177372702683889 0.797288685615612 0.03910104135632882 0.03743609818322895
1793 0.14805400889584935 0.8959017866737788 0.07278683664159917 0.05886455909355419
1793 0.12990763048363657 0.8308986689457125 0.04415241439185813 0.04563123545613266
1793 0.12531648387445876 0.7442596672787226 0.045569365177646405 0.04263378121376693
1345 0.1574205084815646 0.7453118553102305 0.03263271753501131 0.03223841515269079
1345 0.15357207051605787 0.6932391722796923 0.032705492142117175 0.03380091515269079
1793 0.12224929590895202 0.6922507571270018 0.0424443651776464 0.042378689698497854
1793 0.13364486828252753 0.6327960087939917 0.07122433664159918 0.05873701333591956
1793 0.2134971881749037 0.6189245695545357 0.03812073821317572 0.04980855242559432
1793 0.12196681369163234 0.5636155740964636 0.06006851282028158 0.05315669303247787
1793 0.12516889640429005 0.4948655740964636 0.07264128742738744 0.05573955909355401
1345 0.2068533899941493 0.525844249251094 0.052945217535011316 0.03389651000193972
1793 0.2063118885464072 0.4701204077358249 0.03499573821317572 0.04955346091032524
1345 0.18781875372405366 0.4293998128865759 0.06188356989237613 0.025286784547746778
1793 0.10288728970369902 0.3165971818225901 0.05586481803034933 0.23026132697140156
1793 0.15218527646913266 0.2178884859151744 0.063518844499482 0.026976830305381404
1793 0.17211247870266302 0.2783316494008752 0.03227315260503385 0.09135832363742162
1779 0.1457854191493691 0.28794589439990537 0.021258569892376133 0.021970594849248924
1637 0.14603797622146367 0.3161984401575399 0.021258569892376133 0.021970594849248924
1345 0.1388761395798645 0.36894080288463627 0.027110463606069855 0.04735323212215263
1345 0.1898757134011821 0.3683985400077587 0.04371576674922299 0.03625623545613248
1345 0.2386043118296055 0.36610245849442924 0.028600188998963993 0.045918277879787084
711 0.18700757857882852 0.32895340273485507 0.012936647642635135 0.010395366061076317
711 0.19125412283064153 0.40615363152302775 0.01293664764263518 0.010395366061076317
1793 0.6678850893321956 0.5109351791168301 0.06508134449948208 0.027104376063016033
1793 0.752243088503626 0.2151122382103842 0.026455492142117266 0.03329073212215254
1793 0.5139851856937043 0.6834484236568183 0.08375856989237622 0.027072425154630507
1793 0.3346167868082149 0.22415381667959777 0.04618579528527036 0.022448826971401558
1793 0.20247422084478015 0.24944124591711409 0.03561216832079959 0.02936850666795978