3591 0.1359375 0.1234375 0.0265625 0.021875
1791 0.18515625 0.12578125 0.059375 0.0296875
3590 0.2734375 0.12109375 0.0234375 0.02109375
3633 0.27421875 0.17578125 0.078125 0.04140625
3431 0.28671875 0.221875 0.10859375 0.02421875
3589 0.41875 0.1234375 0.02421875 0.021875
3588 0.56484375 0.1234375 0.02421875 0.0234375
2574 0.55078125 0.14765625 0.26640625 0.0265625
2629 0.51875 0.17265625 0.2015625 0.0203125
2630 0.57421875 0.18828125 0.3109375 0.01875
3587 0.7109375 0.1234375 0.0234375 0.021875
3439 0.81171875 0.23046875 0.01640625 0.0125
2580 0.79765625 0.25 0.0453125 0.0140625
3439 0.8125 0.26953125 0.01640625 0.0109375
2581 0.7984375 0.2890625 0.04609375 0.0125
3439 0.8125 0.30859375 0.01640625 0.0109375
3439 0.8125 0.34921875 0.01640625 0.0109375
2582 0.7984375 0.32890625 0.04609375 0.0125
2583 0.79921875 0.36875 0.04609375 0.0125
3439 0.72734375 0.34609375 0.01640625 0.0109375
2357 0.7390625 0.2859375 0.04140625 0.01484375
2344 0.74140625 0.30625 0.04609375 0.0125
2564 0.7421875 0.3265625 0.04609375 0.0140625
2555 0.70234375 0.36640625 0.0609375 0.01328125
3439 0.73125 0.38046875 0.01640625 0.0109375
2744 0.73125 0.4015625 0.0171875 0.0125
2553 0.6515625 0.38046875 0.0609375 0.01328125
2557 0.65234375 0.40078125 0.0578125 0.0125
2551 0.6984375 0.41640625 0.0515625 0.0125
2358 0.596875 0.28125 0.04609375 0.0140625
2345 0.59765625 0.3015625 0.04921875 0.01328125
2565 0.596875 0.32109375 0.046875 0.0109375
3439 0.58125 0.340625 0.01640625 0.0125
3439 0.54140625 0.3265625 0.01640625 0.0125
2744 0.54140625 0.30625 0.0171875 0.01171875
4386 0.54140625 0.2859375 0.0171875 0.01328125
3439 0.43125 0.35078125 0.01640625 0.0125
2359 0.446875 0.290625 0.046875 0.01171875
2346 0.4484375 0.30625 0.05078125 0.01171875
2566 0.446875 0.32109375 0.046875 0.01171875
3439 0.36796875 0.36328125 0.01640625 0.0125
2360 0.35234375 0.30390625 0.046875 0.01328125
2347 0.3515625 0.32421875 0.05078125 0.0125
2567 0.353125 0.34375 0.046875 0.01328125
2361 0.26328125 0.29609375 0.04765625 0.01328125
2348 0.26484375 0.315625 0.05078125 0.01328125
2568 0.26328125 0.3359375 0.04765625 0.0125
3439 0.2484375 0.35625 0.01640625 0.0125
2765 0.128125 0.3390625 0.03984375 0.03984375
2249 0.16328125 0.37734375 0.01015625 0.0125
2249 0.240625 0.39765625 0.01015625 0.0125
2249 0.16015625 0.46875 0.01015625 0.0125
2249 0.16015625 0.453125 0.009375 0.00859375
2249 0.240625 0.51875 0.01015625 0.0125
2249 0.240625 0.4375 0.009375 0.00859375
2249 0.240625 0.47734375 0.009375 0.00859375
2249 0.16015625 0.54921875 0.009375 0.00859375
4386 0.13828125 0.57890625 0.0625 0.0359375
4386 0.30234375 0.49453125 0.01640625 0.0125
3439 0.30234375 0.51484375 0.01875 0.01171875
2765 0.30390625 0.53515625 0.01171875 0.0125
3439 0.34375 0.49140625 0.015625 0.0203125
2744 0.34296875 0.5125 0.01484375 0.0203125
2545 0.3265625 0.43984375 0.0421875 0.0140625
2548 0.3265625 0.45390625 0.0421875 0.0140625
3697 0.36640625 0.39140625 0.00859375 0.03203125
3696 0.38125 0.39140625 0.00859375 0.0328125
3695 0.4 0.39140625 0.009375 0.0328125
3439 0.4140625 0.39453125 0.00859375 0.02265625
2407 0.39765625 0.46328125 0.053125 0.01328125
2406 0.3984375 0.484375 0.053125 0.01328125
2405 0.3984375 0.50390625 0.053125 0.01328125
2404 0.3984375 0.525 0.053125 0.01328125
2422 0.4484375 0.4328125 0.0390625 0.053125
2428 0.459375 0.41796875 0.0390625 0.05390625
3439 0.50859375 0.4359375 0.01796875 0.01171875
2744 0.51640625 0.45078125 0.0171875 0.0125
2337 0.5171875 0.46640625 0.04140625 0.01171875
2543 0.5125 0.48125 0.046875 0.0109375
2338 0.6453125 0.4515625 0.1078125 0.02109375
2641 0.6453125 0.5078125 0.0390625 0.01875
3439 0.6875 0.6125 0.00859375 0.02578125
2463 0.67265625 0.6171875 0.00859375 0.03515625
2464 0.65859375 0.61796875 0.01015625 0.03515625
2456 0.64375 0.61796875 0.009375 0.0359375
2455 0.62890625 0.61796875 0.009375 0.03671875
2478 0.59765625 0.659375 0.01015625 0.034375
2496 0.5828125 0.659375 0.009375 0.03515625
2495 0.56796875 0.659375 0.01015625 0.0359375
3439 0.490625 0.63671875 0.01640625 0.01171875
3439 0.47890625 0.6828125 0.00859375 0.02421875
2546 0.48203125 0.58125 0.0359375 0.04921875
2549 0.46328125 0.58125 0.034375 0.05078125
2280 0.45546875 0.565625 0.00625 0.021875
3454 0.44375 0.54765625 0.01953125 0.01328125
2762 0.4296875 0.56484375 0.00625 0.01328125
3439 0.4328125 0.59453125 0.0078125 0.02265625
2744 0.42109375 0.5953125 0.00859375 0.0234375
2482 0.4640625 0.68515625 0.00859375 0.028125
2480 0.45 0.68515625 0.0078125 0.028125
2479 0.43515625 0.68515625 0.00703125 0.02734375
2481 0.4203125 0.6859375 0.0078125 0.02734375
2626 0.32421875 0.63046875 0.18046875 0.14765625
2431 0.2171875 0.66015625 0.0328125 0.12890625
2249 0.16640625 0.66640625 0.00546875 0.0109375
2249 0.16640625 0.721875 0.00390625 0.009375
2455 0.16640625 0.69375 0.00859375 0.0359375
2249 0.1359375 0.80390625 0.00625 0.0109375
2456 0.15625 0.80390625 0.02578125 0.01171875
2249 0.1765625 0.80390625 0.0078125 0.00625
2249 0.20625 0.80390625 0.00703125 0.00703125
2249 0.321875 0.79765625 0.00703125 0.00703125
2249 0.3734375 0.79765625 0.00546875 0.00703125
2249 0.39375 0.79765625 0.00546875 0.0046875
2249 0.4671875 0.79765625 0.00625 0.0046875
2249 0.57890625 0.79609375 0.00546875 0.0046875
2249 0.815625 0.803125 0.00546875 0.00703125
2249 0.81796875 0.8453125 0.00625 0.0046875
2249 0.778125 0.8453125 0.00546875 0.0046875
2249 0.73046875 0.84609375 0.00546875 0.00390625
2249 0.6828125 0.846875 0.00703125 0.0046875
2249 0.6390625 0.84609375 0.00625 0.0046875
2249 0.80703125 0.84609375 0.00546875 0.00703125
2249 0.76328125 0.84609375 0.00546875 0.00703125
2249 0.71640625 0.84609375 0.00546875 0.00703125
2249 0.67265625 0.84609375 0.00546875 0.00703125
2249 0.625 0.84609375 0.00546875 0.0078125
2249 0.5328125 0.796875 0.00546875 0.009375
2249 0.503125 0.79765625 0.00546875 0.00859375
2249 0.43984375 0.79765625 0.00625 0.0078125
2249 0.33828125 0.79765625 0.00546875 0.00859375
2249 0.28671875 0.79765625 0.00546875 0.0078125
2249 0.23125 0.803125 0.00546875 0.00859375
3480 0.21875 0.80390625 0.0109375 0.01328125
2481 0.3046875 0.79765625 0.0203125 0.0125
2573 0.28046875 0.7296875 0.090625 0.0203125
2602 0.2859375 0.7484375 0.10078125 0.0140625
4386 0.2765625 0.76328125 0.0171875 0.0125
2572 0.2984375 0.778125 0.0609375 0.0125
2479 0.35546875 0.7984375 0.01953125 0.01484375
2480 0.41640625 0.79765625 0.0203125 0.01328125
3480 0.48515625 0.796875 0.01015625 0.0125
2482 0.55625 0.796875 0.0203125 0.01328125
2415 0.50234375 0.715625 0.0953125 0.021875
2603 0.50625 0.7328125 0.10078125 0.01484375
2322 0.4828125 0.74765625 0.0515625 0.01328125
4386 0.5421875 0.746875 0.01640625 0.01328125
3487 0.63359375 0.76171875 0.015625 0.0140625
3439 0.63359375 0.78125 0.01640625 0.01171875
4234 0.634375 0.8015625 0.01640625 0.0125
2462 0.6484375 0.8359375 0.0203125 0.02890625
2461 0.68828125 0.840625 0.021875 0.0296875
2460 0.73984375 0.8390625 0.0203125 0.0265625
2459 0.790625 0.83984375 0.0203125 0.02890625
2458 0.8234375 0.83984375 0.02109375 0.02890625
2249 0.81640625 0.82265625 0.00546875 0.00625
2457 0.815625 0.76875 0.02109375 0.02890625
2504 0.6515625 0.73359375 0.034375 0.053125
2403 0.68125 0.7453125 0.01875 0.02578125
3439 0.67421875 0.8046875 0.01484375 0.02109375
2503 0.69609375 0.8078125 0.02578125 0.04140625
3352 0.71171875 0.79921875 0.009375 0.0734375
2280 0.71875 0.815625 0.0046875 0.021875
4247 0.7265625 0.80234375 0.0125 0.00859375
2762 0.74375 0.81796875 0.0078125 0.0078125
4246 0.7625 0.83046875 0.0125 0.00859375
2280 0.7703125 0.81796875 0.00546875 0.02109375
3439 0.728125 0.76953125 0.0140625 0.021875
4373 0.77734375 0.821875 0.00859375 0.03671875
2606 0.75078125 0.759375 0.02421875 0.03515625
2525 0.7640625 0.76015625 0.028125 0.03828125
2585 0.7796875 0.76015625 0.02734375 0.03984375
1345 0.184375 0.09296875 0.08046875 0.03984375
1790 0.32109375 0.1234375 0.0578125 0.03046875
1345 0.32109375 0.0921875 0.08046875 0.04296875
1789 0.465625 0.125 0.0578125 0.0296875
1345 0.465625 0.09453125 0.07890625 0.0421875
1345 0.61328125 0.09609375 0.0796875 0.0390625
1345 0.76015625 0.09609375 0.0765625 0.03984375
1788 0.6125 0.1265625 0.05859375 0.0296875
1787 0.76015625 0.13125 0.05703125 0.03125
1793 0.83125 0.29921875 0.01875 0.15703125
1345 0.70859375 0.3140625 0.015625 0.08203125
1793 0.7015625 0.390625 0.040625 0.0375
1345 0.56484375 0.3109375 0.01640625 0.0828125
1345 0.41328125 0.31953125 0.015625 0.08359375
1345 0.3875 0.3328125 0.015625 0.08125
1345 0.23203125 0.325 0.01640625 0.0828125
1345 0.165625 0.41796875 0.0296875 0.05546875
1345 0.16484375 0.509375 0.02578125 0.05390625
1793 0.20703125 0.4578125 0.04296875 0.1546875
1345 0.321875 0.51640625 0.0203125 0.059375
1345 0.38984375 0.42109375 0.059375 0.02265625
1345 0.43203125 0.49453125 0.0140625 0.08125
1793 0.4859375 0.4609375 0.04453125 0.0625
1793 0.81796875 0.53984375 0.0140625 0.04375
1793 0.796875 0.66171875 0.0234375 0.0328125
1793 0.775 0.709375 0.02421875 0.040625
1793 0.74609375 0.58515625 0.0265625 0.096875
1793 0.65703125 0.5875 0.07265625 0.021875
1793 0.58359375 0.69296875 0.04375 0.02421875
1793 0.4484375 0.65703125 0.0734375 0.0234375
1793 0.440625 0.62578125 0.05859375 0.0390625
1638 0.44296875 0.565625 0.01796875 0.01796875
1793 0.12109375 0.690625 0.02734375 0.0515625
1345 0.14453125 0.6921875 0.02109375 0.03828125
1793 0.1546875 0.76796875 0.04375 0.03203125
1793 0.25078125 0.7734375 0.03203125 0.03359375
1793 0.15390625 0.84921875 0.04609375 0.06484375
1793 0.21953125 0.86328125 0.03828125 0.0390625
1793 0.30546875 0.86328125 0.034375 0.040625
1345 0.30390625 0.83125 0.0265625 0.02734375
1345 0.35546875 0.83203125 0.02734375 0.02890625
1793 0.3578125 0.86328125 0.03515625 0.0375
1793 0.41640625 0.8484375 0.04609375 0.0640625
1793 0.428125 0.7671875 0.04296875 0.03125
1793 0.48515625 0.85546875 0.04453125 0.053125
1793 0.55390625 0.8484375 0.04453125 0.065625
1345 0.52109375 0.76875 0.025 0.05078125
1793 0.5765625 0.76640625 0.04375 0.02890625
1345 0.61796875 0.78203125 0.0140625 0.06015625
1793 0.73203125 0.86015625 0.22421875 0.02265625
1793 0.82890625 0.80546875 0.01484375 0.0609375
1793 0.76875 0.7890625 0.08671875 0.01953125
1779 0.759375 0.81640625 0.01796875 0.01796875
1637 0.73125 0.8171875 0.01875 0.01796875
1345 0.67890625 0.82734375 0.04296875 0.0203125
1345 0.678125 0.7765625 0.02734375 0.0390625
1345 0.6796875 0.728125 0.0421875 0.02109375
711 0.71796875 0.77734375 0.0078125 0.01328125
711 0.640625 0.77734375 0.0078125 0.01328125
1793 0.525 0.30703125 0.015625 0.0625
1793 0.81796875 0.20546875 0.0296875 0.02109375
1793 0.35703125 0.47109375 0.01328125 0.08125
1793 0.81875 0.6234375 0.0140625 0.04375
1793 0.79609375 0.75703125 0.0234375 0.0328125