1994 0.0421875 0.321875 0.021875 0.01953125
2005 0.0421875 0.36875 0.021875 0.01796875
1910 0.12265625 0.2359375 0.02109375 0.021875
1922 0.18828125 0.2359375 0.02109375 0.021875
1865 0.34375 0.51796875 0.009375 0.0375
1851 0.3734375 0.61171875 0.01015625 0.0375
2117 0.384375 0.659375 0.009375 0.0375
2123 0.39140625 0.63125 0.01953125 0.01796875
1972 0.49140625 0.49609375 0.01015625 0.0375
1962 0.5125 0.49296875 0.01171875 0.03984375
1954 0.49453125 0.7265625 0.01171875 0.04609375
1944 0.5078125 0.7296875 0.01015625 0.04375
1983 0.5109375 0.58125 0.021875 0.01796875
2100 0.52578125 0.54375 0.021875 0.021875
2090 0.653125 0.525 0.01015625 0.03984375
2081 0.66640625 0.52421875 0.01171875 0.04140625
2072 0.64296875 0.5765625 0.021875 0.01953125
2052 0.68828125 0.44921875 0.01171875 0.03984375
2061 0.71796875 0.6375 0.0078125 0.03359375
1888 0.096875 0.75078125 0.02109375 0.01796875
1899 0.13046875 0.71953125 0.009375 0.0359375
1933 0.13125 0.6828125 0.01015625 0.03359375
1673 0.18203125 0.71796875 0.02421875 0.02421875
1065 0.0546875 0.2671875 0.0125 0.0375
1067 0.13125 0.26171875 0.01953125 0.021875
1066 0.1140625 0.290625 0.0125 0.0359375
1064 0.13828125 0.3359375 0.0125 0.03984375
923 0.20390625 0.325 0.01953125 0.021875
774 0.18984375 0.41015625 0.0234375 0.021875
992 0.196875 0.4828125 0.02109375 0.02421875
1001 0.228125 0.3609375 0.01171875 0.0375
1028 0.2625 0.23671875 0.059375 0.059375
774 0.24375 0.43203125 0.01953125 0.021875
763 0.2421875 0.484375 0.02109375 0.021875
929 0.28203125 0.63515625 0.021875 0.021875
897 0.26171875 0.734375 0.0578125 0.06171875
853 0.3625 0.734375 0.0578125 0.065625
785 0.32578125 0.46796875 0.021875 0.021875
752 0.2890625 0.41953125 0.0125 0.0359375
830 0.29140625 0.5328125 0.01015625 0.03203125
963 0.44296875 0.615625 0.02109375 0.021875
952 0.4578125 0.5875 0.0125 0.0375
796 0.38984375 0.52109375 0.01953125 0.02421875
908 0.40078125 0.4890625 0.021875 0.02421875
818 0.3625 0.4671875 0.0234375 0.01953125
807 0.35703125 0.4390625 0.0125 0.0359375
2111 0.3625 0.38828125 0.01171875 0.0375
1058 0.36484375 0.23671875 0.0578125 0.059375
981 0.41640625 0.42265625 0.0140625 0.04140625
972 0.490625 0.2703125 0.0234375 0.02421875
1107 0.63046875 0.23125 0.021875 0.021875
951 0.7171875 0.26171875 0.01484375 0.04140625
1043 0.8953125 0.3234375 0.0125 0.0375
918 0.65625 0.453125 0.02109375 0.01953125
886 0.62421875 0.471875 0.021875 0.021875
1014 0.70625 0.559375 0.01875 0.021875
1021 0.5953125 0.7046875 0.0125 0.0375
1037 0.66875 0.7484375 0.01953125 0.021875
1040 0.60625 0.625 0.0125 0.0375
1009 0.621875 0.59609375 0.01953125 0.02421875
543 0.0859375 0.43671875 0.028125 0.04140625
545 0.12890625 0.50234375 0.02421875 0.05
544 0.1125 0.5796875 0.02890625 0.04140625
546 0.54609375 0.69609375 0.0484375 0.0515625
550 0.690625 0.50078125 0.02421875 0.04765625
2128 0.7203125 0.51015625 0.01953125 0.01796875
4474 0.89296875 0.50234375 0.02421875 0.08984375
4476 0.89453125 0.25625 0.0234375 0.0875
1636 0.69375 0.18984375 0.03828125 0.0375
4443 0.71953125 0.47109375 0.0234375 0.04765625
1444 0.65546875 0.659375 0.08828125 0.09375
4444 0.55390625 0.546875 0.0265625 0.04375
1577 0.63828125 0.35 0.0125 0.03984375
626 0.65234375 0.35 0.01015625 0.03984375
2080 0.6234375 0.41640625 0.01015625 0.0375
2156 0.63515625 0.415625 0.009375 0.0359375
2189 0.646875 0.4171875 0.009375 0.03984375
2200 0.65859375 0.4171875 0.009375 0.0359375
355 0.73359375 0.2578125 0.02109375 0.0375
1164 0.1828125 0.59765625 0.0140625 0.0375
1164 0.20078125 0.55390625 0.021875 0.021875
1164 0.21015625 0.521875 0.01953125 0.021875
1164 0.1984375 0.4484375 0.021875 0.021875
1164 0.246875 0.61953125 0.0125 0.0375
1164 0.27578125 0.5765625 0.021875 0.02421875
1164 0.225 0.72578125 0.0125 0.03984375
1164 0.2953125 0.6140625 0.0234375 0.02421875
1164 0.33671875 0.665625 0.02109375 0.02421875
1164 0.35390625 0.65703125 0.0125 0.04140625
1164 0.25234375 0.52109375 0.0234375 0.02421875
1164 0.2640625 0.484375 0.0234375 0.021875
1164 0.26484375 0.43125 0.02109375 0.02421875
1164 0.1796875 0.32734375 0.0140625 0.0375
1164 0.04296875 0.2984375 0.02109375 0.01953125
1164 0.2 0.35390625 0.021875 0.01953125
1164 0.196875 0.3765625 0.0234375 0.021875
1164 0.28984375 0.32421875 0.0125 0.03984375
1164 0.3 0.2875 0.021875 0.02578125
1164 0.32734375 0.28828125 0.02109375 0.01953125
1164 0.3796875 0.30234375 0.0234375 0.02421875
1164 0.31171875 0.3578125 0.01171875 0.0359375
1164 0.30078125 0.39765625 0.01171875 0.03984375
1164 0.32109375 0.39921875 0.0125 0.03984375
1164 0.334375 0.3984375 0.0140625 0.0375
1164 0.3921875 0.35703125 0.02109375 0.021875
1164 0.37890625 0.390625 0.021875 0.021875
1164 0.396875 0.40390625 0.0140625 0.03984375
1164 0.3984375 0.453125 0.0140625 0.03984375
1164 0.28984375 0.45703125 0.0125 0.03984375
1164 0.29140625 0.496875 0.0125 0.03203125
1164 0.309375 0.51796875 0.0125 0.0375
357 0.5125 0.64609375 0.01875 0.028125
1164 0.715625 0.5953125 0.0125 0.04140625
1164 0.6390625 0.74765625 0.0234375 0.02421875
1061 0.70390625 0.6609375 0.01171875 0.0375
1164 0.66640625 0.5609375 0.02109375 0.01953125
1057 0.63515625 0.54140625 0.021875 0.021875
1164 0.8546875 0.3328125 0.021875 0.021875
1164 0.30703125 0.434375 0.02109375 0.021875
1164 0.4171875 0.56484375 0.0125 0.03984375
695 0.6625 0.59609375 0.021875 0.01953125
3844 0.07265625 0.74921875 0.028125 0.02421875
3855 0.13046875 0.76328125 0.0140625 0.04765625
3833 0.1859375 0.7453125 0.0265625 0.02421875
3000 0.2453125 0.7765625 0.03046875 0.02578125
3036 0.2828125 0.6578125 0.02890625 0.02421875
2956 0.3765625 0.78046875 0.0265625 0.02578125
4083 0.39609375 0.66796875 0.0140625 0.04765625
3069 0.42109375 0.6140625 0.02421875 0.02421875
3298 0.515625 0.62265625 0.0265625 0.02421875
3911 0.49453125 0.68359375 0.0125 0.04765625
3900 0.5078125 0.68515625 0.0125 0.05
4214 0.54609375 0.65390625 0.03125 0.02421875
3135 0.59453125 0.7515625 0.01640625 0.04765625
3157 0.59296875 0.6359375 0.0140625 0.04375
4365 0.64375 0.71875 0.03125 0.0296875
3154 0.69296875 0.7484375 0.02890625 0.02578125
3186 0.70390625 0.70390625 0.01484375 0.04765625
4027 0.73046875 0.63515625 0.0140625 0.05
3748 0.89296875 0.4421875 0.02890625 0.02578125
3127 0.73125 0.55859375 0.02890625 0.028125
4094 0.74609375 0.51015625 0.02890625 0.02578125
3755 0.7296875 0.434375 0.021875 0.02578125
4316 0.690625 0.5984375 0.0265625 0.028125
4018 0.68984375 0.40546875 0.0140625 0.0515625
3182 0.609375 0.54296875 0.0265625 0.02421875
2989 0.625 0.49375 0.028125 0.02578125
3021 0.63125 0.4484375 0.02890625 0.021875
4056 0.653125 0.48515625 0.01171875 0.03984375
4047 0.66953125 0.48046875 0.0125 0.05
4038 0.61796875 0.57421875 0.02578125 0.01953125
3120 0.59609375 0.59375 0.028125 0.021875
4046 0.5828125 0.3671875 0.0125 0.03359375
4122 0.5953125 0.36796875 0.0125 0.0359375
4157 0.60859375 0.3671875 0.01015625 0.0375
4168 0.61953125 0.36796875 0.0140625 0.03203125
3637 0.65234375 0.3140625 0.0125 0.028125
2845 0.6390625 0.30546875 0.0140625 0.04609375
3756 0.559375 0.51484375 0.01875 0.02421875
3943 0.5375 0.58046875 0.02890625 0.028125
4066 0.50078125 0.54296875 0.028125 0.02421875
3921 0.5125 0.4515625 0.0125 0.04765625
3932 0.4921875 0.4515625 0.0140625 0.04765625
3058 0.45859375 0.54453125 0.0140625 0.04765625
4089 0.39375 0.60625 0.0265625 0.02421875
3811 0.375 0.56953125 0.0140625 0.04609375
2900 0.4140625 0.521875 0.028125 0.02578125
3011 0.42734375 0.4890625 0.028125 0.028125
3089 0.43203125 0.41875 0.0140625 0.04609375
2922 0.3671875 0.4890625 0.02421875 0.01953125
3822 0.35703125 0.51796875 0.01484375 0.04609375
3079 0.5171875 0.26953125 0.028125 0.02578125
4077 0.36171875 0.34296875 0.01484375 0.04609375
2889 0.32734375 0.4921875 0.02421875 0.021875
2911 0.3703125 0.43203125 0.0140625 0.04609375
2856 0.278125 0.38046875 0.0140625 0.04140625
3183 0.325 0.23984375 0.0140625 0.05
3145 0.225 0.2421875 0.0125 0.0515625
2933 0.278125 0.5328125 0.0140625 0.04765625
2867 0.2390625 0.4625 0.02421875 0.021875
3100 0.17109375 0.484375 0.0265625 0.021875
4213 0.128125 0.46328125 0.028125 0.02421875
3889 0.1328125 0.64375 0.0125 0.04375
4211 0.08671875 0.4703125 0.028125 0.021875
2944 0.16640625 0.41015625 0.0265625 0.021875
4212 0.11171875 0.54765625 0.02890625 0.021875
3965 0.06953125 0.36796875 0.02578125 0.01953125
3954 0.06796875 0.3234375 0.02578125 0.021875
3190 0.06796875 0.2671875 0.0140625 0.04140625
3191 0.11171875 0.3328125 0.0125 0.04609375
3192 0.10625 0.25859375 0.02890625 0.01953125
3866 0.12421875 0.21484375 0.0265625 0.02421875
3878 0.16328125 0.2375 0.028125 0.021875
2878 0.23828125 0.41171875 0.02578125 0.02421875
3111 0.24140625 0.36015625 0.0125 0.04765625
3027 0.2296875 0.325 0.02890625 0.02578125
3232 0.628125 0.1984375 0.01875 0.02421875
3346 0.6890625 0.15390625 0.02890625 0.02578125
3057 0.7171875 0.225 0.01484375 0.0359375
3295 0.75078125 0.2640625 0.0140625 0.04375
3168 0.90859375 0.32421875 0.0140625 0.04765625
4248 0.9140625 0.23359375 0.0125 0.04140625
2679 0.0765625 0.18515625 0.053125 0.04375
2439 0.140625 0.15390625 0.11015625 0.02578125
2354 0.1796875 0.1265625 0.19453125 0.03359375
3189 0.1515625 0.33515625 0.0140625 0.04609375
1329 0.02109375 0.240625 0.028125 0.09140625
1216 0.4609375 0.05 0.90546875 0.09921875
1215 0.4640625 0.94765625 0.91171875 0.09765625
1782 0.03203125 0.5625 0.0640625 0.253125
1793 0.8515625 0.49296875 0.04765625 0.09921875
1793 0.88984375 0.603125 0.0453125 0.08515625
79 0.659375 0.6609375 0.02890625 0.08125
277 0.546875 0.69296875 0.0171875 0.01796875
1793 0.88984375 0.3765625 0.0453125 0.06953125