1994 0.24615778075472505 0.07431315700864174 0.023915732122152634 0.025127265027114643
2005 0.2928892595428977 0.06623249141579302 0.023915732122152544 0.025127265027114643
1910 0.16669380817547017 0.16770006352630412 0.027040732122152543 0.025145445745273866
1922 0.17155690923363695 0.23248472619228666 0.027040732122152543 0.025145445745273953
1865 0.4649724561992195 0.3401007417103806 0.040337957576345396 0.01585225897699045
1851 0.5614170215016914 0.3543763442679045 0.040337957576345396 0.015852258976990365
2117 0.6095994299864224 0.35721954313643633 0.040337957576345396 0.01585225897699045
2123 0.5821441096829807 0.36831157924078983 0.023660640606883377 0.02200226502711473
1972 0.45435433634512135 0.48931040135130105 0.040337957576345396 0.01585225897699054
1962 0.45341371861705515 0.510399606171761 0.043718049091614475 0.018995439695149587
1954 0.6851577972554466 0.4551707089256768 0.05009559484924893 0.02059430113146803
1944 0.6896061811943703 0.4676388926688981 0.04658795757634522 0.015888620413308983
1983 0.5413441533145832 0.49505134124284245 0.023915732122152634 0.02512726502711473
2100 0.5045298084653342 0.5155683743221339 0.027040732122152633 0.025145445745273776
2090 0.4955697834604851 0.6444655339630542 0.0434629575763454 0.015870439695149584
2081 0.49604814452059154 0.6577376936039746 0.043718049091614475 0.018995439695149587
2072 0.5463190825520995 0.6254291876520461 0.023915732122152634 0.02512726502711473
2052 0.4230571836102663 0.6909592597625573 0.043718049091614475 0.018995439695149587
2061 0.6129009336102663 0.6898547811343838 0.03695786606107632 0.012709078258831141
1888 0.6792731696946186 0.05851842272312744 0.023915732122152634 0.025127265027114643
1899 0.6511482986325724 0.09694511846840131 0.03877545757634522 0.015843168617910817
1933 0.6139193656020343 0.10340874190677234 0.037085411818710765 0.014271578258831186
1673 0.6532530615094501 0.14769000703208285 0.030420823637421535 0.028288626463433088
1065 0.1928734130266588 0.09570688885826913 0.04059304909161439 0.01897725897699045
1067 0.19287367090256657 0.17223302742195065 0.026785640606883508 0.022020445745273863
1066 0.2204405615094501 0.15020803649713693 0.03890300333397985 0.01740566861791084
1064 0.2674750581754702 0.16711373536566881 0.043718049091614475 0.018995439695149673
923 0.26127311347600246 0.23352453054520864 0.026785640606883553 0.022020445745273863
774 0.3455364142346068 0.2057035366935287 0.027168277879787085 0.026707945745273864
992 0.4193565515075104 0.20058878981678668 0.030165732122152632 0.025163626463433175
1001 0.2996500872632053 0.25126147638867835 0.04059304909161447 0.01897725897699045
1028 0.1781260315036311 0.3050682533196497 0.07267196757828502 0.06757838544042354
774 0.37192369999030167 0.25552627469147615 0.026785640606883553 0.022020445745273863
763 0.42431524741492616 0.24507004284184877 0.027040732122152633 0.025145445745273866
929 0.5777272898385808 0.2597950972929666 0.027040732122152633 0.025145445745273866
897 0.6759095693853577 0.22408433538910993 0.07579696757828494 0.06759656615858275
853 0.6834354137755648 0.32321218179831374 0.07892196757828493 0.06761474687674207
785 0.414239003623844 0.33024447356000797 0.027040732122152633 0.025145445745273866
752 0.3626923501400829 0.3016518409482548 0.03890300333397985 0.01740566861791084
830 0.47640403483761096 0.2861535850945224 0.03396041181871077 0.01425339754067192
963 0.5707125310445891 0.42225873585664814 0.027040732122152633 0.025145445745273953
952 0.5434007319529747 0.44115872678146173 0.04059304909161447 0.01897725897699054
796 0.47221112922781805 0.38534960919682326 0.029910640606883376 0.022038626463433086
908 0.4404669216514726 0.40115187119887585 0.030165732122152632 0.025163626463433175
818 0.41592917831943244 0.36693595248276917 0.024043277879787085 0.02668976502711464
807 0.38715047407706693 0.3655416241257421 0.03890300333397985 0.01740566861791084
2111 0.3367838122583561 0.37989047043675 0.04059304909161447 0.01897725897699045
1058 0.18546055725738628 0.4065398497288535 0.07254442182065049 0.06601588544042354
981 0.3750811666505028 0.4273012807416004 0.04384559484924892 0.020557939695149584
972 0.22889207967716158 0.5249807775201465 0.030293277879787084 0.026726126463433177
1107 0.1999065970959671 0.6696120214700223 0.027040732122152543 0.025145445745273776
951 0.2370879905777885 0.749826241415793 0.04397314060688355 0.022120439695149586
1043 0.3125668673897105 0.9157143409482547 0.04059304909161439 0.018977258976990187
918 0.4241093716417742 0.6589371001216369 0.023915732122152634 0.02512726502711473
886 0.4401966283097341 0.6244848320694603 0.027040732122152633 0.025145445745273776
1014 0.5339309107314489 0.6910950942679046 0.026785640606883376 0.022020445745273776
1021 0.6712710272515673 0.5583275251824554 0.04059304909161447 0.01897725897699054
1037 0.7206016054309168 0.6236343626146688 0.026785640606883553 0.022020445745273776
1040 0.5920778637658666 0.5814337479568966 0.04059304909161447 0.01897725897699054
1009 0.5646385189166175 0.6018962388817102 0.029910640606883553 0.022038626463433176
543 0.3644295486325725 0.09861319935951118 0.04655600666795978 0.034629530054229286
545 0.4336898606010645 0.13022629284184878 0.055803460910325245 0.03312157220870704
544 0.5094231842384861 0.10167404596510674 0.04655600666795969 0.034629530054229286
546 0.6587549228594206 0.5107667239527915 0.062404147274843245 0.056586343285945875
550 0.47428484376198715 0.6851950730924697 0.052550915152690794 0.03154089149054791
2128 0.48611529300338285 0.7124570098607532 0.023660640606883377 0.02200226502711473
4474 0.49161650966358394 0.8842183803722581 0.0969386439408634 0.03960792154477701
4476 0.24533156996508598 0.9262569312091387 0.09368609818322886 0.03802724082661797
1636 0.1638258337600475 0.7385392834720749 0.04563123545613248 0.04243293969514959
4443 0.4466063828516619 0.7181530188377436 0.052550915152690794 0.03154089149054773
1444 0.6306940825520996 0.6249383082617468 0.1145404742462448 0.1021806444174139
4444 0.5101102577067299 0.5428666725267357 0.04955346091032524 0.033085210772388504
1577 0.31954941739940884 0.6579836541799713 0.043718049091614475 0.018995439695149587
626 0.320745255580698 0.672032518641352 0.0434629575763454 0.015870439695149584
2080 0.3848713995215614 0.6326154946372469 0.040337957576345396 0.01585225897699054
2156 0.3846960563393024 0.644329699457707 0.038775457576345304 0.015843168617910842
2189 0.38770948603586064 0.655244473560008 0.0434629575763454 0.015870439695149584
2200 0.3883153928536016 0.6669541332009283 0.038775457576345394 0.015843168617910842
355 0.2349037372438086 0.7670182865953328 0.042920823637421626 0.02836134933607006
1164 0.5329087395390184 0.16791212432213382 0.04072059484924893 0.020539758976990452
1164 0.4902430074168658 0.19314847365820387 0.027040732122152633 0.025145445745273866
1164 0.459407595598155 0.20738369048071661 0.026785640606883553 0.022020445745273863
1164 0.384407595598155 0.20782002771653824 0.027040732122152543 0.025145445745273866
1164 0.5592482278700888 0.22788656714054145 0.04059304909161447 0.01897725897699045
1164 0.5188784483233118 0.2632609857584523 0.030165732122152632 0.025163626463433175
1164 0.6639355989321348 0.1890144438003663 0.043718049091614475 0.018995439695149673
1164 0.5576380593834183 0.276310431601922 0.030293277879787084 0.026726126463433177
1164 0.612772098473093 0.30878658831597616 0.030165732122152632 0.025163626463433085
1164 0.6049915493814785 0.3275729497522947 0.043718049091614475 0.018995439695149764
1164 0.4614326101420225 0.24953937422393793 0.030293277879787084 0.026726126463433086
1164 0.4256546068080427 0.26692686212368955 0.027168277879787085 0.026707945745273954
1164 0.3726093551410527 0.2758251391528567 0.030165732122152546 0.025163626463433175
1164 0.2624688227193377 0.20931032572474845 0.04072059484924893 0.020539758976990452
1164 0.22311889348182143 0.07913246721529618 0.023915732122152544 0.025127265027114643
1164 0.2900996151429924 0.2247671540817755 0.023915732122152544 0.025127265027114643
1164 0.3125485710523478 0.21760863905466085 0.027168277879787085 0.026707945745273864
1164 0.2676031196849203 0.31860351249303187 0.043718049091614475 0.018995439695149673
1164 0.2311714121085749 0.3344330455723233 0.030165732122152632 0.025163626463433175
1164 0.23447188422878779 0.3609637293155446 0.023915732122152544 0.025127265027114643
1164 0.2523291928632999 0.41005521428842995 0.030293277879787084 0.026726126463433177
1164 0.30304641210857486 0.33401488905466087 0.03890300333397985 0.01740566861791084
1164 0.3418856425637375 0.31739047043675 0.043718049091614475 0.018995439695149673
1164 0.3449788205933058 0.3368944493595112 0.043718049091614475 0.018995439695149673
1164 0.34467593165341226 0.35017115417997136 0.04072059484924893 0.020539758976990452
1164 0.30826032846921364 0.4136342113615637 0.027040732122152633 0.025145445745273776
1164 0.34019585468201075 0.3954881993595112 0.027040732122152543 0.025145445745273866
1164 0.3553266471056654 0.41101775058917517 0.04384559484924892 0.020557939695149584
1164 0.40427433013620356 0.404485949457707 0.04384559484924892 0.020557939695149584
1164 0.4005749874129865 0.296746172330344 0.043718049091614475 0.018995439695149673
1164 0.44002012468589 0.2918314133533535 0.034215503333980025 0.01737839754067192
1164 0.46309096286717927 0.30575301278761946 0.04059304909161447 0.018977258976990364
357 0.6061081549815732 0.4860848865205781 0.033163186364518184 0.023619307181592396
1164 0.5711120463373627 0.6947831756499937 0.043718049091614475 0.018995439695149587
1164 0.7175562248259729 0.5939786788714475 0.030293277879787084 0.026726126463433177
1061 0.6353976869442463 0.672544561286809 0.04059304909161447 0.01897725897699054
1164 0.5324958275511297 0.6512786153451433 0.023915732122152634 0.02512726502711473
1057 0.510509128309734 0.6240757659108775 0.027040732122152633 0.025145445745273776
1164 0.3190718299670257 0.8742899102300956 0.027040732122152633 0.025145445745273776
1164 0.3786043925637375 0.317176846998379 0.027040732122152633 0.025145445745273953
1164 0.5174918072573863 0.4046081484244347 0.043718049091614475 0.018995439695149587
695 0.5676361020969368 0.6417036274453917 0.023915732122152634 0.02512726502711473
3844 0.6764988560591366 0.03510819380036629 0.03223841515269079 0.03142271682251273
3855 0.6946910045419279 0.08966388359371183 0.05022314060688356 0.022156801131468163
3833 0.6805968115094501 0.14753092574818955 0.030548369395056164 0.02985112646343313
3000 0.7168214828710585 0.2012008264121195 0.03249350666795969 0.034547716822512696
3036 0.6005748584750326 0.25731953708631217 0.03223841515269079 0.0314227168225127
2956 0.7305177078662094 0.3299661758463854 0.030548369395056164 0.029851126463433176
4083 0.6197078825617979 0.36731216062287897 0.050223140606883376 0.022156801131468208
3069 0.5670294216514726 0.40041555211342683 0.030420823637421535 0.028288626463433175
3298 0.5829417219510351 0.4924666967272325 0.030548369395056164 0.029851126463433176
3911 0.6424601142249085 0.46166614862082656 0.05009559484924893 0.02059430113146803
3900 0.6452822252850149 0.4749246727231274 0.053220594849248924 0.02061248184962743
4214 0.6168384898288825 0.5172576184684013 0.03249350666795969 0.034547716822512696
3135 0.7180662789185572 0.5494656095896067 0.050350686364518185 0.02371930113146803
3157 0.6018832984633946 0.5665400009819587 0.046970594849248926 0.020576120413308984
4365 0.6886659502801658 0.6035173053348807 0.037308552425594145 0.036137487899751616
3154 0.7225946690663987 0.6470491367169698 0.03223841515269079 0.0314227168225127
3186 0.6789403928536016 0.6652633264121195 0.050350686364518005 0.023719301131468206
4027 0.6118805675491901 0.7023547811343838 0.05334814060688338 0.022174981849627427
3748 0.4314762351177768 0.8939388140172835 0.03223841515269079 0.0314227168225127
3127 0.5350151786092965 0.7160769135497452 0.03549096091032524 0.03300339754067192
4094 0.487917038002413 0.7382155339630542 0.03223841515269079 0.0314227168225127
3755 0.4108921523964993 0.7347592567374953 0.030165732122152632 0.025163626463433175
4316 0.5724353013383325 0.6690064708295335 0.03380091515269079 0.0314318071815924
4018 0.3793869319432764 0.6998029946372469 0.054910640606883554 0.02218407220870695
3182 0.5102698833107039 0.5983081514494968 0.030548369395056164 0.029851126463433176
2989 0.4623267198250032 0.6212325670423455 0.03223841515269079 0.0314227168225127
3021 0.41749258088510965 0.6347683470965749 0.02911341515269079 0.031404536104353474
4056 0.455997100429947 0.6509427929400446 0.043718049091614475 0.018995439695149587
4047 0.4523141199747844 0.667362678478664 0.053220594849248924 0.02061248184962743
4038 0.5420460417954349 0.6012467990883646 0.024170823637421533 0.028252265027114733
3120 0.5604292510387701 0.5769326003180287 0.02911341515269079 0.031404536104353654
4046 0.33286236043188666 0.6001211572050335 0.03734050333397985 0.01739657825883114
4122 0.33418574437081033 0.612607521666414 0.03890300333397985 0.01740566861791084
4157 0.3346641054309168 0.6258796813073344 0.040337957576345396 0.01585225897699054
4168 0.33611503512747504 0.6368035457687149 0.03434304909161438 0.018940897540672096
3637 0.2843613454289772 0.6777103469001832 0.031090503333979846 0.017360216822512698
2845 0.27516168861123613 0.6660506842342007 0.05022314060688356 0.022156801131468208
3756 0.47881246028210545 0.5532001845287883 0.029910640606883553 0.022038626463433176
3943 0.5423646483136133 0.5208144105246831 0.03549096091032524 0.03300339754067192
4066 0.5018830405874869 0.4905956453993726 0.03223841515269079 0.0314227168225127
3921 0.41143351270769973 0.5176717506873711 0.05009559484924893 0.02059430113146803
3932 0.4099666075569487 0.4973774314055303 0.05022314060688356 0.022156801131468028
3058 0.500575503164802 0.4492166664766115 0.050223140606883376 0.022156801131468208
4089 0.5574151766524424 0.37470247980652394 0.03054836939505634 0.029851126463433176
3811 0.5193730427135187 0.36242973878351437 0.05022314060688356 0.022156801131468208
2900 0.4742041928633 0.40876438329912423 0.03223841515269079 0.0314227168225127
3011 0.44304991665050275 0.4269058501216369 0.03549096091032524 0.033003397540672094
3089 0.37302445907415743 0.44293082592114014 0.05022314060688347 0.022156801131468208
2922 0.4385216554406151 0.36758539227611464 0.024170823637421533 0.028252265027114642
3822 0.466232067259326 0.3533683561717612 0.050350686364518005 0.023719301131468206
3079 0.2298488017973745 0.5515250968019872 0.0322384151526907 0.0314227168225127
4077 0.2917423792278179 0.3863995456705191 0.050350686364518005 0.023719301131468206
2889 0.4386490722602957 0.3277598229942739 0.027295823637421536 0.028270445745273865
2911 0.38125128937953884 0.3804126452029809 0.05022314060688347 0.022156801131468118
2856 0.3224499874129865 0.29720069028432483 0.04384559484924892 0.020557939695149675
3183 0.18558797407706693 0.3667142804470128 0.05334814060688351 0.022174981849627427
3145 0.18040587968685992 0.2675727984991895 0.05478309484924897 0.020621572208706952
2933 0.47514442377750454 0.27288597063314174 0.05022314060688356 0.022156801131468208
2867 0.40159522453610885 0.2459831030485032 0.027295823637421536 0.028270445745273865
3100 0.41833605650848027 0.17482572053494588 0.027423369395056164 0.029832945745273863
4213 0.3941809504493436 0.1359223018188392 0.0322384151526907 0.03142271682251274
3889 0.5750003868138617 0.11144395570422297 0.04684304909161448 0.019013620413308896
4211 0.39840593590547607 0.09373025663929939 0.029113415152690704 0.03140453610435352
2944 0.34432460059912484 0.18228421741168793 0.027423369395056164 0.029832945745273863
4212 0.4777905469655826 0.10654335314669909 0.02911341515269079 0.031404536104353474
3965 0.29456345878429335 0.09355351551809396 0.024170823637421623 0.028252265027114642
3954 0.24958579863257246 0.09928134075186308 0.027295823637421623 0.028270445745273865
3190 0.19341554696558255 0.10819779849918951 0.04384559484924892 0.020557939695149675
3191 0.26254831317644 0.14137339198152707 0.05009559484924893 0.020594301131468117
3192 0.18781938014590188 0.14805518403780893 0.0259884151526907 0.031386355386194255
3866 0.14521742090256656 0.172510283373879 0.030548369395056164 0.02985112646343313
3878 0.17125389135578956 0.20749836173090608 0.029113415152690704 0.031404536104353474
2878 0.3510212686267534 0.253305244539051 0.030420823637421712 0.028288626463433175
3111 0.29934719832331175 0.2645381812091386 0.05009559484924893 0.020594301131468207
3027 0.26391988135384986 0.2584972594679698 0.0322384151526907 0.0314227168225127
3232 0.16690277845951526 0.6721466690106943 0.02991064060688351 0.022038626463433176
3346 0.12704331088123025 0.7395341569104459 0.0322384151526907 0.0314227168225127
3057 0.20064030754725035 0.7562853196746242 0.039158094849248926 0.020530668617910842
3295 0.24222202966746326 0.782593289620395 0.046970594849248926 0.020576120413308984
3168 0.3146077284498169 0.9289774102300956 0.05022314060688356 0.022156801131468028
4248 0.22395090647938526 0.9490268106976337 0.043718049091614385 0.018995439695149587
2679 0.11194240635869904 0.13053640681225 0.05640923879011232 0.059674981849627384
2439 0.08530041590159673 0.19862787665982484 0.05137079454968654 0.11274543969514968
2354 0.061480407566647036 0.24171480132785989 0.08013326546195146 0.19724770472226433
3189 0.2680171921143939 0.17960464500658918 0.05022314060688347 0.022156801131468163
1329 0.163265532421715 0.06620574121940129 0.09719373545613248 0.04273292154477706
1216 0.08125012893795389 0.5315403706097006 0.16250025787590777 0.9119192587805987
1215 0.8737737581657719 0.42418537110068 0.2524524836684563 0.84837074220136
1782 0.48424758318031935 0.03880290388538377 0.26587983363936124 0.07760580777076755
1793 0.4791801536044473 0.8452467839630542 0.1113518303053814 0.0631181444174139
1793 0.5915845587551983 0.8648956877502421 0.09534419303247788 0.05833974082661797
79 0.6320014910368303 0.6280542179026672 0.08769118969849785 0.04111587939029935
277 0.655502377101786 0.5123474046709507 0.023533094849248926 0.020439765027114733
1793 0.3652135063296041 0.9021331090986274 0.07959164727484325 0.056686337235821685