1994 0.08321072208312526 0.26139719602224043 0.026018844499481997 0.022311376623205436
2005 0.07910757299274804 0.3073818518664391 0.026018844499481997 0.022311376623205436
1910 0.17194142824559705 0.18878758482031052 0.026164393713693723 0.025436376623205435
1922 0.2372218258882322 0.19929443668674965 0.026164393713693633 0.025436376623205435
1865 0.36607468775610974 0.5020802917995996 0.015881865177646403 0.039307961850553144
1851 0.3869929633966729 0.5992416639585783 0.015881865177646403 0.039307961850553144
2117 0.3931552262169545 0.647747347805954 0.015881865177646403 0.039307961850553144
2123 0.4028555578961549 0.6213757625786064 0.022893844499482084 0.02225682954530477
1972 0.5152570504525568 0.5039036647693571 0.015881865177646403 0.039307961850553144
1962 0.5363144131490039 0.5034906075451866 0.02071491439185813 0.042514782467404186
1954 0.496975893090012 0.7315241042987758 0.021006012820281583 0.04876478246740419
1944 0.5097306042148825 0.7372110426103785 0.017735463606069857 0.04558523538950343
1983 0.5263272911469319 0.5907451456946337 0.026018844499482087 0.02231137662320535
2100 0.54500236248705 0.555943451700988 0.026164393713693813 0.02543637662320535
2090 0.6738722251834972 0.5574122686643911 0.01758991439185813 0.04246023538950343
2081 0.68718986248705 0.5584253437454689 0.02071491439185813 0.04251478246740401
2072 0.6590135126108846 0.6071122597359373 0.026018844499482087 0.02231137662320535
2052 0.7159098678637336 0.4878907012939509 0.02071491439185813 0.042514782467404186
2061 0.7279133699306481 0.6785702483718516 0.014101041356328814 0.03459318831160267
1888 0.09786415094789483 0.6933329886359143 0.026018844499481997 0.02231137662320535
1899 0.13412698262709527 0.6674250535707225 0.015809090570540585 0.03774546185055314
1933 0.13870316666366053 0.6315966477265238 0.01573631596343472 0.03618296185055314
1673 0.18598058105551868 0.6745750803560837 0.02943494292790545 0.028615923701106105
1065 0.10108527274507903 0.2094080020285949 0.019006865177646447 0.03936250892845372
1067 0.1778660965663966 0.21543190543716154 0.023039393713693724 0.025381829545304768
1066 0.1580095148871962 0.24162621266133194 0.01893409057054054 0.03780000892845372
1064 0.17823427770747777 0.2903773583592609 0.02071491439185813 0.0425147824674041
923 0.24453136579681897 0.2891927337646503 0.023039393713693724 0.025381829545304768
774 0.22260716997342941 0.3715552203719697 0.027726893713693725 0.025463650162155814
992 0.2228661892038518 0.44415692329406903 0.02630994292790545 0.028561376623205348
1001 0.2651007309744654 0.32858251623205437 0.019006865177646402 0.03936250892845372
1028 0.31116874813797313 0.21151379301741563 0.07031680810555194 0.0683602621748646
774 0.27395350020488773 0.40133422361838056 0.023039393713693634 0.025381829545304768
763 0.26776131223938104 0.45274671915415376 0.026164393713693723 0.02543637662320535
929 0.29371599834286094 0.6077615016215578 0.026164393713693723 0.02543637662320535
897 0.2638166366798712 0.7032552337646504 0.06889985731976359 0.07145798863591431
853 0.3644716081438239 0.7190632402574721 0.06904540653397531 0.07458298863591431
785 0.3526992384180635 0.44954562702694717 0.026164393713693723 0.02543637662320535
752 0.32053740177646434 0.3959024297868908 0.01893409057054054 0.03780000892845372
830 0.3124959234880861 0.5081706047058129 0.01559076674922295 0.03305796185055314
963 0.45558029755707263 0.6137093129029181 0.026164393713693813 0.02543637662320535
952 0.473129516539826 0.5882553453703221 0.019006865177646402 0.03936250892845372
796 0.4118238353987449 0.5122462244291595 0.023184942927905537 0.028506829545304768
908 0.42524848056018066 0.48203657304918773 0.02630994292790536 0.028561376623205348
818 0.38963631223938106 0.4548740551922802 0.027581344499482085 0.022338650162155815
807 0.3867274820079227 0.4259405316533299 0.01893409057054054 0.03780000892845372
2111 0.3969350818840882 0.3769399699649326 0.019006865177646493 0.03936250892845372
1058 0.41338621960192584 0.2273490730491877 0.06875430810555194 0.0683329886359143
981 0.44730110897239345 0.4191916996723931 0.02227741439185813 0.0425420560063543
972 0.5352826443328663 0.28021674877888875 0.027872442927905538 0.028588650162155817
1107 0.6781593490475959 0.26397591436232004 0.026164393713693813 0.025436376623205435
951 0.7621555134394541 0.30759527515721286 0.02383991439185813 0.04256932954530477
1043 0.9341268668302763 0.3964646805943744 0.019006865177646402 0.03936250892845372
918 0.6830609805601806 0.4865367069759937 0.026018844499482087 0.02231137662320535
886 0.6493409520241334 0.4999991891190863 0.026164393713693813 0.02543637662320535
1014 0.7234570022718024 0.5996503616023764 0.02303939371369381 0.025381829545304768
1021 0.5989557700544828 0.725498021100023 0.019006865177646402 0.03936250892845372
1037 0.6686539939996348 0.7805770332748877 0.02303939371369381 0.025381829545304768
1040 0.6172284270027427 0.6485361006453279 0.019006865177646402 0.03936250892845372
1009 0.6355588959854961 0.623095769882207 0.023184942927905537 0.028506829545304768
543 0.11612172952672335 0.38140573295387137 0.03485018899896399 0.04432274431795715
545 0.15302672415003987 0.4530858640413037 0.03372433664159917 0.053670470779006864
544 0.1299210179875681 0.5268409638791479 0.03485018899896399 0.04432274431795715
546 0.5506081612869771 0.7098224281620377 0.05738016046291676 0.05876707386326192
550 0.7128426798982269 0.5393577439076248 0.033578787427387444 0.05054547077900686
2128 0.7415862640586267 0.5531299176087309 0.022893844499482084 0.02225682954530477
4474 0.9150066474332382 0.5725498936627434 0.04186647642635144 0.0944045649348082
4476 0.9395913087247244 0.32942718505860125 0.04015842721213971 0.09125229139585773
1636 0.745381082298373 0.23236345007613496 0.04415241439185813 0.04292388555165916
4443 0.7444543988809802 0.5141492382255819 0.03201628742738745 0.05051819724005639
1444 0.663688204091048 0.6907196465054125 0.1048758986760923 0.10643300649282175
4444 0.5726735982190265 0.563451988632619 0.03499573821317572 0.047447744317957154
1577 0.6750964691876411 0.38257590989809315 0.02071491439185813 0.04251478246740401
626 0.6892317437947469 0.3843838717486462 0.01758991439185813 0.04246023538950343
2080 0.6538250907754284 0.44543442004436284 0.015881865177646403 0.039307961850553144
2156 0.6655802280789812 0.4464202215864905 0.015809090570540717 0.03774546185055314
2189 0.6774445272931929 0.4497497731286179 0.01758991439185813 0.042460235389503255
2200 0.6892360519002988 0.45151682467074555 0.015809090570540717 0.03774546185055314
355 0.7784889888323482 0.30631914731619136 0.028454639784752444 0.041088650162155814
1164 0.1983820736119206 0.5553574760540126 0.02056936517764645 0.03938978246740419
1164 0.2199274338271683 0.5151415791382676 0.026164393713693723 0.02543637662320535
1164 0.23257082898860407 0.4849182909888207 0.023039393713693724 0.025381829545304768
1164 0.22755153515107587 0.41067226744987034 0.026164393713693723 0.02543637662320535
1164 0.25995742845048475 0.5868762573036006 0.019006865177646402 0.03936250892845372
1164 0.2925494505763913 0.5491950251605081 0.02630994292790545 0.028561376623205348
1164 0.22800541521591847 0.6885790791382677 0.02071491439185813 0.042514782467404186
1164 0.3084677030575907 0.5892842370110613 0.02787244292790545 0.028588650162155817
1164 0.34549897621695447 0.6469155048679687 0.02630994292790545 0.028561376623205348
1164 0.363176627788531 0.6409791505658976 0.02071491439185813 0.042514782467404186
1164 0.2742317901134746 0.4911097897710047 0.02787244292790545 0.028588650162155817
1164 0.2897818614535928 0.45625354869945844 0.027726893713693725 0.025463650162155814
1164 0.29515641211554655 0.4040461663942102 0.02630994292790536 0.028561376623205348
1164 0.22027622849326606 0.28798874391092005 0.020569365177646404 0.03938978246740401
1164 0.08680660297653739 0.2380415166390915 0.026018844499481997 0.022311376623205436
1164 0.23802880872472443 0.3171813660698986 0.026018844499482087 0.022311376623205436
1164 0.23283404052775936 0.33972852191409725 0.027726893713693725 0.025463650162155814
1164 0.3302334253501129 0.3023978916374438 0.02071491439185813 0.04251478246740401
1164 0.34343974669023114 0.26750074025747206 0.02630994292790545 0.028561376623205438
1164 0.37100182051154873 0.27266552718910303 0.026018844499482087 0.022311376623205436
1164 0.42198427770747776 0.29463203043551395 0.027872442927905538 0.028588650162155817
1164 0.3490947413135476 0.3386354005658976 0.01893409057054054 0.03780000892845372
1164 0.3344714691876411 0.376630278406919 0.02071491439185813 0.0425147824674041
1164 0.35418465570540575 0.3808774476437983 0.02071491439185813 0.04251478246740401
1164 0.36753868031251163 0.3826717727248762 0.020569365177646404 0.0393897824674041
1164 0.4292916635632887 0.35096385105236494 0.026164393713693813 0.025436376623205435
1164 0.41277840570540575 0.38190020535443603 0.026164393713693813 0.025436376623205435
1164 0.4291311517764644 0.3977979407439394 0.02227741439185813 0.04254205600635439
1164 0.42669966459674596 0.4461536201270883 0.02227741439185813 0.0425420560063543
1164 0.31759649234700493 0.43332060917003973 0.02071491439185813 0.042514782467404186
1164 0.3155459948282043 0.4730961753226639 0.01871576674922295 0.03311250892845372
1164 0.3314813639347921 0.4967927739426921 0.019006865177646402 0.03936250892845372
357 0.522279800038272 0.6546849147693571 0.023257717535011223 0.03006932954530477
1164 0.7290734555387901 0.6364372954497524 0.02071491439185813 0.04251478246740401
1164 0.6387481701783171 0.7753713360348312 0.027872442927905538 0.028588650162155817
1061 0.7117083271265773 0.699363989443398 0.019006865177646402 0.03936250892845372
1164 0.6834313157540377 0.5950486363591428 0.026018844499482087 0.02231137662320535
1057 0.6542146966474499 0.5711202126580366 0.026164393713693813 0.02543637662320535
1164 0.8920849160444881 0.3988532950427152 0.026164393713693813 0.02543637662320535
1164 0.3369629224546288 0.4133626651763942 0.026164393713693723 0.02543637662320535
1164 0.43431957361192064 0.5594757804355138 0.02071491439185813 0.042514782467404186
695 0.6764386071103665 0.6292736318949159 0.026018844499482087 0.022311376623205526
3844 0.07420832712657725 0.6882363855516592 0.03255994292790543 0.028670470779006862
3855 0.13069592162605925 0.7110795961843962 0.022568512820281585 0.0487920560063543
3833 0.18725413667987117 0.7019188303560837 0.03099744292790545 0.028643197240056394
3000 0.24376100185751765 0.7419359042193456 0.035757717535011224 0.03028751785690744
3036 0.29242748014589587 0.6303768413131323 0.03255994292790545 0.028670470779006862
2956 0.37450373366055256 0.7668558579522238 0.03099744292790545 0.028643197240056394
4083 0.4037845111631425 0.6580808758091312 0.022568512820281585 0.04879205600635448
3069 0.43430461103930806 0.6094348701270884 0.02943494292790554 0.028615923701106105
3298 0.5274745682352371 0.6321377589251584 0.030997442927905537 0.028643197240056394
3911 0.5004797286981538 0.6894320616851021 0.021006012820281583 0.04876478246740419
3900 0.5139065279123656 0.69278888676618 0.02115156203449331 0.05188978246740419
4214 0.554893246895119 0.667744022317839 0.035757717535011224 0.03028751785690744
3135 0.5941077582676584 0.7722502901747466 0.024131012820281583 0.04881932954530477
3157 0.6036025746453779 0.6576656387947748 0.022422963606069858 0.045667056006354304
4365 0.6460319772504117 0.7473963404990581 0.035976041356328814 0.034975017856907445
3154 0.6922370432138465 0.7841111363591428 0.03255994292790554 0.028670470779006862
3186 0.7074596288219883 0.7422236452875965 0.024131012820281583 0.04881932954530477
4027 0.7403769826270953 0.6780071866834543 0.02271406203449331 0.0519170560063543
3748 0.9200537123632155 0.5133112613574952 0.03255994292790554 0.028670470779006862
3127 0.7485661641824611 0.602430488225582 0.032705492142117085 0.031795470779006865
4094 0.7675494505763913 0.5574861810014115 0.03255994292790536 0.028670470779006862
3755 0.7584783575246513 0.48004697361508536 0.02630994292790554 0.028561376623205348
4316 0.70407345553879 0.6360009188265469 0.031142992142117264 0.031768197240056396
4018 0.7209398161683225 0.44504468221922744 0.024349336641599172 0.053506829545304765
3182 0.628324284736791 0.568326449265356 0.030997442927905537 0.028643197240056394
2989 0.6487972965236153 0.521846915580136 0.03255994292790554 0.028670470779006862
3021 0.6592596075246513 0.4783151038917387 0.03241439371369381 0.025545470779006863
4056 0.6774852227022978 0.5176639760507173 0.02071491439185813 0.042514782467404186
4047 0.693782310791639 0.5156065982096958 0.02115156203449331 0.05188978246740419
4038 0.6337224141824611 0.6004258831127319 0.029143844499482086 0.022365923701106107
3120 0.6102677975570726 0.6164093932590017 0.03241439371369381 0.025545470779006863
4046 0.6184654795267234 0.3901741757264057 0.018861315963434676 0.03623750892845372
4122 0.6303297787409351 0.3935037272685332 0.01893409057054054 0.03780000892845372
4157 0.643647416044488 0.3945168023496112 0.015881865177646403 0.039307961850553144
4168 0.6546940779551468 0.3970514671222635 0.02027826674922295 0.03313978246740401
3637 0.6922454278313122 0.3485281923654972 0.017007717535011225 0.02996023538950343
2845 0.6800536428851242 0.33816739082336966 0.022568512820281585 0.04879205600635448
3756 0.5813743560769093 0.5323792666357962 0.02318494292790536 0.028506829545304768
3943 0.5530353403611435 0.5943337958567894 0.032705492142117265 0.031795470779006865
4066 0.5198204259692855 0.5516008250777826 0.03255994292790554 0.028670470779006862
3921 0.5398910233642515 0.4629610649315129 0.021006012820281583 0.04876478246740419
3932 0.5202142241500398 0.4594951456946337 0.022568512820281585 0.0487920560063543
3058 0.47819585214796784 0.5461905762955986 0.022568512820281585 0.0487920560063543
4089 0.4071963014860141 0.5972524699649326 0.03099744292790536 0.028643197240056394
3811 0.39209568630836766 0.5579581448838548 0.022568512820281585 0.0487920560063543
2900 0.43544327191650944 0.5165615775134146 0.03255994292790554 0.028670470779006862
3011 0.4519929170779452 0.48640647321134356 0.032705492142117265 0.031795470779006865
3089 0.4628533343652876 0.41790193506189655 0.022568512820281585 0.04879205600635448
2922 0.39221765673886305 0.4767763287312306 0.029143844499482086 0.022365923701106107
3822 0.37942871236321557 0.5038746168806776 0.024131012820281583 0.04881932954530477
3079 0.561990693547078 0.2838053989410445 0.03255994292790554 0.028670470779006772
4077 0.4002933682780183 0.3317229273512588 0.024131012820281583 0.04881932954530477
2889 0.35226474482820425 0.47373710348799686 0.029289393713693636 0.025490923701106106
2911 0.4005716581866051 0.42149849350388296 0.022568512820281585 0.0487920560063543
2856 0.31321289929526497 0.35596322240056455 0.02227741439185813 0.04254205600635448
3183 0.37343330769126715 0.22430984780595403 0.02271406203449331 0.051917056006354476
3145 0.27288749813797314 0.21084559131313227 0.022786836641599174 0.05347955600635448
2933 0.29914189888098025 0.506376279624735 0.022568512820281585 0.0487920560063543
2867 0.26674246773989907 0.4308717191541537 0.029289393713693723 0.025490923701106106
3100 0.19701216459674592 0.4421444099013884 0.030851893713693724 0.025518197240056394
4213 0.1558948589723934 0.4141051846581547 0.03255994292790545 0.028670470779006862
3889 0.143951438789567 0.5934381286518003 0.020860463606069857 0.04563978246740401
4211 0.11378013357949927 0.4149312991064956 0.03241439371369372 0.025545470779006863
2944 0.1990241207592177 0.36802111728771464 0.030851893713693724 0.025518197240056394
4212 0.131554138541898 0.4948642609570486 0.03241439371369372 0.025545470779006863
3965 0.10659687220695976 0.31098413879807 0.029143844499481996 0.022365923701106107
3954 0.10921029590444283 0.2665347094149211 0.029289393713693723 0.025490923701106106
3190 0.11443929735218487 0.2112023271096728 0.02227741439185813 0.04254205600635439
3191 0.1521255419755014 0.28289609496658025 0.021006012820281583 0.04876478246740401
3192 0.15335624813797316 0.20875916558343127 0.030706344499481997 0.022393197240056485
3866 0.17490160835322088 0.16854326866768637 0.03099744292790545 0.028643197240056484
3878 0.2121126639775734 0.1965143100635442 0.03241439371369372 0.025545470779006773
2878 0.2706272930089587 0.3801995633099551 0.02943494292790545 0.028615923701106105
3111 0.27845475558157123 0.3303768413131323 0.021006012820281583 0.0487647824674041
3027 0.27049455231458364 0.29354899715733096 0.03255994292790536 0.028670470779006862
3232 0.678974832298373 0.2312043246707455 0.023184942927905537 0.028506829545304768
3346 0.7437072663349383 0.19642595007613498 0.03255994292790554 0.028670470779006817
3057 0.7651328101724665 0.27095834577406386 0.022059090570540542 0.03785455600635448
3295 0.7952954991714305 0.31519926947516996 0.022422963606069858 0.04566705600635448
3168 0.9467360287409351 0.3990266189059771 0.022568512820281585 0.04879205600635439
4248 0.9605566261359012 0.310277764603906 0.02071491439185813 0.04251478246740401
2679 0.13022265508623324 0.13107449634655205 0.06170378742738745 0.05103639448011288
2439 0.19717256058675123 0.11038589529089182 0.11439213978475227 0.04258869480442447
2354 0.23915885339082216 0.09004216761202617 0.1997132096771284 0.06437396590774283
3189 0.1915519150110307 0.2913904334403387 0.022568512820281585 0.04879205600635448
1329 0.06994228060296188 0.1776398047885384 0.04499147642635144 0.09445911201270882
1216 0.5279666422659517 0.08961902231783905 0.9184332845319034 0.17683797320804823
1215 0.4730055078533737 0.91328125 0.8690154813887501 0.1734375
1782 0.06142357505966265 0.49754320170428334 0.08864308477957232 0.2607114034085667
1793 0.8744715386657326 0.5570106684195097 0.06588617328319799 0.10731366801906325
1793 0.9024403349844601 0.6714686347342897 0.060470927212139716 0.09160684740221221
79 0.6668859786981538 0.6923366935833132 0.04299232878371626 0.08505683847375849
277 0.5520251120727654 0.706724701700988 0.021258569892376046 0.020667056006354302
1793 0.9232471788647697 0.44779535551329647 0.058180681141081436 0.07595457386326192