1216 0.54296875 0.0546875 0.88828125 0.08984375
538 0.1765625 0.12734375 0.06484375 0.03984375
740 0.178125 0.1875 0.06015625 0.065625
1352 0.24609375 0.196875 0.05 0.06328125
1358 0.24453125 0.28046875 0.0546875 0.06328125
356 0.196875 0.321875 0.0203125 0.03984375
1631 0.24296875 0.36171875 0.0625 0.06796875
1484 0.12578125 0.265625 0.0375 0.08125
505 0.15390625 0.32890625 0.03515625 0.0375
852 0.2953125 0.265625 0.03515625 0.1015625
1036 0.29453125 0.37734375 0.034375 0.103125
1063 0.37421875 0.178125 0.05703125 0.06171875
499 0.43515625 0.1890625 0.03515625 0.0359375
1921 0.49453125 0.16171875 0.021875 0.021875
1545 0.49453125 0.190625 0.0296875 0.02421875
1074 0.4625 0.26328125 0.03515625 0.1015625
875 0.4625 0.365625 0.0328125 0.09921875
1085 0.51171875 0.365625 0.034375 0.09921875
1096 0.5609375 0.3671875 0.034375 0.1015625
1433 0.51953125 0.25625 0.0296875 0.05546875
1807 0.54921875 0.22734375 0.02265625 0.01796875
2222 0.55 0.25234375 0.021875 0.01953125
2211 0.55 0.27421875 0.021875 0.01953125
1419 0.5703125 0.165625 0.02578125 0.05390625
1430 0.61015625 0.165625 0.02578125 0.05390625
1447 0.65 0.165625 0.02578125 0.05390625
1448 0.68984375 0.165625 0.02578125 0.05390625
1420 0.7296875 0.165625 0.02578125 0.05390625
1421 0.77109375 0.16484375 0.02578125 0.05546875
1424 0.8109375 0.165625 0.02734375 0.05390625
1425 0.85 0.16484375 0.025 0.05546875
1429 0.890625 0.16484375 0.02734375 0.05546875
1436 0.87578125 0.221875 0.04296875 0.05
1445 0.87109375 0.28046875 0.04921875 0.059375
1719 0.94453125 0.234375 0.0203125 0.01953125
2045 0.94375 0.25546875 0.01953125 0.01796875
1720 0.94453125 0.28046875 0.0203125 0.01953125
1329 0.978125 0.240625 0.02578125 0.0953125
1440 0.865625 0.33671875 0.0203125 0.04140625
1062 0.86953125 0.3953125 0.05703125 0.059375
1437 0.94609375 0.3515625 0.08515625 0.0953125
500 0.8625 0.4515625 0.03671875 0.03984375
1438 0.86875 0.496875 0.04453125 0.0515625
1439 0.86953125 0.55 0.0421875 0.05
2016 0.91015625 0.47421875 0.02265625 0.01796875
2025 0.909375 0.51875 0.021875 0.01953125
2031 0.909375 0.56171875 0.021875 0.01796875
2033 0.909375 0.6046875 0.021875 0.01953125
1209 0.959375 0.5578125 0.0578125 0.2484375
1435 0.8859375 0.69296875 0.08515625 0.14921875
1548 0.8109375 0.2359375 0.028125 0.02578125
1431 0.8921875 0.8015625 0.02578125 0.05546875
1427 0.85234375 0.8015625 0.02578125 0.0515625
1426 0.8125 0.8015625 0.025 0.0515625
1434 0.8046875 0.734375 0.03984375 0.06171875
1840 0.765625 0.75078125 0.0203125 0.01796875
1423 0.771875 0.80234375 0.02578125 0.05390625
1422 0.73203125 0.8 0.02578125 0.05390625
1450 0.690625 0.79921875 0.025 0.05546875
1449 0.65 0.8 0.02578125 0.0578125
1446 0.61015625 0.8 0.02578125 0.05390625
1441 0.5703125 0.8015625 0.025 0.05546875
2242 0.5046875 0.7859375 0.04921875 0.1375
940 0.553125 0.66484375 0.05546875 0.06171875
1829 0.6140625 0.7109375 0.02265625 0.01796875
1818 0.6375 0.709375 0.021875 0.01953125
547 0.459375 0.80234375 0.04765625 0.05390625
548 0.459375 0.69375 0.046875 0.05546875
549 0.43671875 0.62421875 0.02265625 0.04765625
725 0.5015625 0.61953125 0.040625 0.1609375
1432 0.56171875 0.5953125 0.046875 0.0578125
502 0.565625 0.53984375 0.0375 0.0375
1485 0.4421875 0.52109375 0.08046875 0.03984375
1550 0.51328125 0.49296875 0.01484375 0.05546875
1549 0.49375 0.49296875 0.01328125 0.059375
501 0.4609375 0.46328125 0.03515625 0.0359375
864 0.4171875 0.45 0.03515625 0.1015625
1428 0.36875 0.45859375 0.04765625 0.1171875
633 0.32109375 0.4421875 0.01171875 0.04140625
1453 0.28828125 0.471875 0.046875 0.065625
1060 0.30703125 0.521875 0.02265625 0.02578125
1059 0.28125 0.521875 0.021875 0.021875
696 0.4171875 0.7765625 0.01171875 0.0375
1442 0.35078125 0.66171875 0.1390625 0.23828125
702 0.24140625 0.778125 0.0421875 0.04609375
504 0.26875 0.565625 0.0203125 0.065625
1546 0.2234375 0.42109375 0.03046875 0.028125
2024 0.22421875 0.44609375 0.02265625 0.021875
1383 0.23046875 0.51015625 0.01953125 0.03359375
1443 0.22890625 0.5765625 0.04921875 0.059375
503 0.25 0.6671875 0.0375 0.0375
1053 0.25859375 0.703125 0.02265625 0.021875
2066 0.25859375 0.72578125 0.02265625 0.02421875
1655 0.1640625 0.85078125 0.0421875 0.0359375
1417 0.14453125 0.73046875 0.0453125 0.09375
4477 0.19765625 0.540625 0.015625 0.05546875
4478 0.196875 0.4859375 0.015625 0.0578125
1208 0.08828125 0.4953125 0.1765625 0.2265625
1215 0.54375 0.9453125 0.8875 0.10546875
2700 0.09375 0.028125 0.0125 0.03203125
2644 0.0953125 0.07578125 0.01484375 0.0359375
4208 0.13828125 0.12734375 0.0171875 0.04375
2844 0.14140625 0.1765625 0.01484375 0.03203125
3280 0.22578125 0.15078125 0.01953125 0.028125
2955 0.28671875 0.2 0.01796875 0.02578125
4372 0.32421875 0.1984375 0.0203125 0.02421875
3188 0.375 0.128125 0.021875 0.02578125
3258 0.446875 0.115625 0.0296875 0.028125
3339 0.428125 0.15078125 0.02734375 0.03203125
3199 0.4671875 0.20078125 0.0203125 0.02421875
3877 0.51796875 0.16484375 0.01796875 0.02421875
2509 0.53046875 0.1875 0.034375 0.02578125
3561 0.49375 0.21484375 0.01796875 0.02421875
4341 0.590625 0.18203125 0.0125 0.02578125
4352 0.6296875 0.1796875 0.01484375 0.03359375
4355 0.49296875 0.2640625 0.0125 0.0515625
3210 0.5015625 0.30234375 0.01796875 0.02421875
3221 0.55390625 0.303125 0.01796875 0.021875
3767 0.575 0.22890625 0.02578125 0.02421875
4190 0.5703125 0.253125 0.0203125 0.02578125
4179 0.5703125 0.27734375 0.01953125 0.021875
4368 0.66953125 0.1765625 0.0125 0.0359375
4369 0.71015625 0.17890625 0.01328125 0.0359375
4342 0.75078125 0.17421875 0.01328125 0.04609375
4343 0.78984375 0.17578125 0.0125 0.04140625
4346 0.83046875 0.17265625 0.01171875 0.04375
4347 0.86953125 0.17109375 0.01328125 0.04375
4351 0.9109375 0.17265625 0.0125 0.04765625
4312 0.9546875 0.1984375 0.01328125 0.04765625
4001 0.91953125 0.23359375 0.02578125 0.02578125
4010 0.9203125 0.259375 0.02734375 0.021875
4006 0.91953125 0.28046875 0.03046875 0.02421875
4358 0.84609375 0.22265625 0.01328125 0.0515625
4366 0.84140625 0.278125 0.0125 0.04765625
4362 0.8890625 0.3390625 0.01484375 0.04609375
4359 0.97265625 0.4171875 0.02734375 0.02421875
4436 0.9421875 0.41640625 0.0203125 0.0296875
3187 0.90546875 0.42265625 0.01328125 0.04609375
3340 0.88984375 0.4515625 0.0125 0.04765625
3976 0.91171875 0.45390625 0.028125 0.021875
3986 0.9109375 0.49921875 0.028125 0.02421875
4360 0.83984375 0.49765625 0.0125 0.05
4361 0.840625 0.55 0.01328125 0.05
3993 0.909375 0.53984375 0.02265625 0.021875
3997 0.9109375 0.58125 0.02578125 0.021875
4357 0.8609375 0.603125 0.0296875 0.02578125
2400 0.9609375 0.69765625 0.053125 0.02421875
3251 0.96328125 0.71953125 0.028125 0.02421875
2768 0.94140625 0.87578125 0.02421875 0.0296875
4353 0.91328125 0.80625 0.01328125 0.05
4349 0.8734375 0.8078125 0.0125 0.04609375
4356 0.83359375 0.7453125 0.01328125 0.04765625
4348 0.83359375 0.80703125 0.01171875 0.04765625
4345 0.7921875 0.80703125 0.01171875 0.04375
4344 0.75234375 0.8078125 0.01171875 0.04609375
3800 0.73984375 0.74921875 0.02578125 0.02421875
3430 0.70390625 0.71640625 0.0375 0.021875
4371 0.7109375 0.81328125 0.01328125 0.0359375
4370 0.66953125 0.8125 0.0125 0.03359375
4367 0.63046875 0.81328125 0.01171875 0.03203125
3778 0.6609375 0.71171875 0.02265625 0.02421875
4363 0.590625 0.8125 0.01328125 0.0375
3789 0.5890625 0.7109375 0.025 0.021875
3047 0.5375 0.7140625 0.028125 0.02421875
4270 0.50546875 0.8734375 0.028125 0.0296875
2644 0.5359375 0.7953125 0.01328125 0.11171875
2700 0.54765625 0.7953125 0.0125 0.115625
3257 0.446875 0.87734375 0.0296875 0.02578125
4215 0.45078125 0.846875 0.028125 0.028125
4216 0.4546875 0.7375 0.02734375 0.02421875
4217 0.45703125 0.628125 0.0125 0.04765625
3527 0.44140625 0.5875 0.0296875 0.0296875
4266 0.4734375 0.59609375 0.01328125 0.03984375
4354 0.53046875 0.60859375 0.0125 0.03984375
3342 0.53828125 0.5375 0.01328125 0.04609375
3567 0.5140625 0.4453125 0.01328125 0.0359375
3566 0.49453125 0.44453125 0.01484375 0.0375
3341 0.45625 0.4953125 0.0296875 0.028125
2978 0.4609375 0.43125 0.028125 0.02421875
2967 0.4109375 0.38828125 0.025 0.02578125
4317 0.40234375 0.7796875 0.01328125 0.04765625
3648 0.321875 0.41015625 0.01796875 0.021875
3153 0.3203125 0.3859375 0.0125 0.03203125
3563 0.25390625 0.41953125 0.0203125 0.02421875
4422 0.2578125 0.46640625 0.01484375 0.0296875
3985 0.24375 0.44765625 0.0171875 0.02421875
4350 0.3359375 0.4671875 0.0125 0.04765625
4436 0.38984375 0.53046875 0.01484375 0.01953125
3185 0.32734375 0.50625 0.02734375 0.02578125
4364 0.28359375 0.7515625 0.02578125 0.02421875
3343 0.24765625 0.6375 0.03046875 0.021875
2249 0.246875 0.61640625 0.01171875 0.01953125
3344 0.265625 0.61171875 0.02578125 0.02578125
4365 0.21953125 0.61953125 0.025 0.021875
4249 0.1984375 0.59375 0.0125 0.04609375
4250 0.1984375 0.43046875 0.01484375 0.05
3269 0.20390625 0.39296875 0.01328125 0.0296875
3766 0.19609375 0.85859375 0.0171875 0.028125
4324 0.1984375 0.78125 0.0125 0.04765625
2376 0.21171875 0.7765625 0.01171875 0.0734375
4303 0.1765625 0.734375 0.0125 0.04140625
4032 0.23359375 0.72578125 0.02734375 0.02421875
3178 0.23359375 0.7015625 0.02734375 0.01953125
3250 0.16875 0.61953125 0.02421875 0.021875
2382 0.10546875 0.69375 0.0125 0.11171875
3521 0.1015625 0.27109375 0.01171875 0.04140625
4436 0.1140625 0.225 0.0203125 0.028125
3345 0.18046875 0.32890625 0.0125 0.04609375
3296 0.19921875 0.353125 0.02734375 0.021875
3287 0.20625 0.2734375 0.01328125 0.03359375
2700 0.0953125 0.92265625 0.01171875 0.028125
2644 0.0953125 0.97109375 0.01015625 0.0296875
3452 0.3265625 0.8296875 0.19375 0.06171875
2355 0.70703125 0.21484375 0.0921875 0.03203125
2306 0.7078125 0.24140625 0.08984375 0.0296875
2349 0.77734375 0.23671875 0.034375 0.02421875
3565 0.8046875 0.2109375 0.0171875 0.028125
1384 0.7109375 0.484375 0.24609375 0.43125
1451 0.37578125 0.29453125 0.11015625 0.14296875
198 0.18671875 0.12734375 0.01171875 0.015625
40 0.24140625 0.19609375 0.03671875 0.0375
40 0.24140625 0.2796875 0.034375 0.0375
108 0.37421875 0.31875 0.0796875 0.06953125
105 0.36953125 0.45390625 0.0328125 0.065625
86 0.7125 0.49375 0.1671875 0.34375
48 0.9484375 0.353125 0.02578125 0.08125
138 0.88515625 0.659375 0.0703125 0.04140625
143 0.49765625 0.74921875 0.021875 0.015625
14 0.5046875 0.8234375 0.03046875 0.02421875
50 0.51953125 0.7890625 0.009375 0.04375
274 0.459375 0.803125 0.015625 0.01953125
274 0.459375 0.69375 0.0171875 0.015625
114 0.35078125 0.66171875 0.06171875 0.11171875
1256 0.440625 0.559375 0.08515625 0.0375
1484 0.16640625 0.26328125 0.0453125 0.07734375