1216 0.575 0.09798079123714666 0.85 0.1872324740027385
538 0.23055586733238065 0.09714909930035473 0.0736995799535138 0.050483384798020656
740 0.22929365211335742 0.15714622492717534 0.07221348960843983 0.07382995658477531
1352 0.29690176919363653 0.1762659494586393 0.06261996832111638 0.07043217194503919
1358 0.2909738333077085 0.2587374686589692 0.06730746832111638 0.07056856426490725
356 0.2410884477900975 0.29237067108710935 0.02795003737886681 0.042914925705962934
1631 0.28488200645628786 0.33886523785929906 0.0756662715394251 0.07860838479802065
1484 0.17254626139996637 0.22644414271557944 0.052884335401395435 0.08730142319868044
505 0.19750233875559012 0.29344142610167434 0.04201253737886686 0.043324102665567035
852 0.34271664976756894 0.251666766230829 0.054195463125336206 0.10605142319868044
1036 0.33563040546755213 0.3621723572179135 0.05430472376899802 0.10761392319868043
1063 0.42558949790631306 0.1768917382550105 0.07043246832111638 0.07065949247815259
499 0.48627562563025395 0.19736937430667237 0.041903276735205 0.041761602665567034
1921 0.5473552372626513 0.17887543857157961 0.02674817029858776 0.025727425705962936
1545 0.5454703091703934 0.2076680283050229 0.03477919158591121 0.029079746239076342
1074 0.5095981471696789 0.2744547115328332 0.054195463125336116 0.10605142319868044
875 0.5042000890076916 0.37565349867985176 0.052523702481674484 0.10444345909205772
1085 0.5538558815823386 0.3833356180384662 0.054086202481674485 0.10448892319868044
1096 0.6028396848006473 0.3925575053437694 0.054195463125336296 0.10605142319868044
1433 0.5674106471696788 0.27613688347787246 0.040089404459146036 0.0604206744523216
1807 0.5984749768710911 0.2520916297169487 0.02496714901126431 0.02255696159934022
2222 0.5978793971696789 0.2770234335570147 0.02496714901126431 0.02255696159934022
2211 0.5970652961809432 0.2988302373970807 0.02496714901126431 0.02255696159934022
1419 0.6225027027337762 0.19431623363615697 0.035183383171822416 0.05715928213245362
1430 0.6626742346647612 0.20016306835503536 0.035183383171822416 0.05715928213245362
1447 0.7029003969175773 0.2067911530739137 0.035183383171822416 0.05715928213245362
1448 0.7422906788485626 0.21261525573948076 0.035183383171822416 0.05715928213245362
1420 0.7824622107795477 0.2184620904583591 0.035183383171822416 0.05715928213245362
1421 0.8241416123887021 0.22357313928386016 0.03696440445914604 0.060329746239076346
1424 0.8636411549633489 0.2309597419494272 0.03830838317182241 0.05725021034569897
1425 0.9029768065725033 0.23600259461499423 0.03540190445914604 0.060284282132453626
1429 0.9439295885034886 0.24187216138718393 0.03852690445914604 0.06037521034569897
1436 0.9258787110316493 0.2959231638944664 0.053824122528160954 0.056142351411925785
1445 0.9182026048471336 0.3533946830947963 0.06083894703379258 0.06726170783841656
1719 0.9910561427686406 0.31894913842593037 0.01788771446271866 0.020948997492717503
2045 0.9906217771133574 0.339951960212685 0.01875644577328508 0.020903533386094873
1720 0.9899060471017359 0.36410251405275096 0.020187905796528228 0.020948997492717503
1440 0.9095813576971251 0.40849972024181486 0.02805929802252862 0.044477425705962935
1062 0.9105536318344403 0.4670025420285695 0.06708894703379258 0.06744356426490725
1437 0.968651083055607 0.43485528325308087 0.06269783388878594 0.10723348997087019
500 0.9003152543626008 0.5212808650689654 0.04535605866619008 0.04654003087881229
1438 0.904319693350622 0.5673973471222767 0.05393338317182241 0.05770485141192587
1439 0.90251117491329 0.6195819727490972 0.05226162252816095 0.056096887305303156
2016 0.946813195948512 0.5507015921077117 0.02496714901126431 0.02255696159934022
2025 0.9436771242928715 0.595050985681221 0.02496714901126431 0.02255696159934022
2031 0.9411584116717384 0.6370793613080417 0.02496714901126431 0.02255696159934022
2033 0.9394755793724361 0.6799117189881736 0.02496714901126431 0.02255696159934022
1209 0.9697517202503153 0.6409006947732788 0.06049655949936934 0.2556709899708702
1435 0.9110006541301697 0.7632865086424746 0.11270708565349707 0.16233016693047428
1548 0.8599095036062963 0.30024093936300245 0.03321669158591121 0.029034282132453626
1431 0.9115630188646604 0.8716756701626724 0.03540190445914604 0.060284282132453626
1427 0.8721727369336751 0.8658515674971055 0.03507412252816096 0.05559678213245363
1426 0.83200120500269 0.8600047327782271 0.03507412252816096 0.05559678213245363
1434 0.8280296170034045 0.7920587148315384 0.05313570767745475 0.06859688730530315
1840 0.7874428218308676 0.8025726660060375 0.023295388367602497 0.020948997492717326
1423 0.7911030533935357 0.8549164160060375 0.035183383171822416 0.05715928213245362
1422 0.751494250175227 0.8459673133404705 0.035183383171822416 0.05715928213245362
1450 0.710486837922411 0.8393164965682807 0.03540190445914604 0.060284282132453626
1449 0.6695886863132565 0.834228179796091 0.035511165102807676 0.06184678213245363
1446 0.6293625240604405 0.8276000950772125 0.035183383171822416 0.05715928213245362
1441 0.589300252773117 0.8233157603583342 0.03540190445914604 0.060284282132453626
2242 0.524380093118191 0.7980369640401157 0.07556771857321784 0.1440969924781525
940 0.5796853161308844 0.6858157603583342 0.06886996832111639 0.07061402837152997
1829 0.6380876780153832 0.7405320040901281 0.02496714901126431 0.02255696159934022
1818 0.6615798083372142 0.7419952156894684 0.02496714901126431 0.02255696159934022
547 0.4782699176238231 0.8076105408414354 0.057167643815484226 0.05935827962517095
548 0.48401218321116335 0.7001844857477281 0.057386165102807675 0.062483279625171126
549 0.4649236936027236 0.627900308788124 0.031512079953513704 0.04925585391920819
725 0.5299859648900471 0.6329120692129651 0.07084736758448215 0.16579013605166182
1432 0.5921199781315989 0.6183471155311837 0.057495425746469306 0.0640457796251713
502 0.5984521056034382 0.5639551322242312 0.04513753737886681 0.04341503087881229
1485 0.47579050176471077 0.5268606460142847 0.08943384059717552 0.05250052586424747
1550 0.5486434937189392 0.5094889410788621 0.025917643815484226 0.0584489974927175
1549 0.5289483527534465 0.5065768897460785 0.024573665102807674 0.061528533386094965
501 0.4976929989147193 0.47214205377355895 0.041903276735205 0.041761602665567034
864 0.45503025151260934 0.45296850494805796 0.054195463125336116 0.10605142319868044
1428 0.4059753924781019 0.4538801355894435 0.06945983020561534 0.12364810015828454
633 0.35913324346683756 0.4306866764973857 0.02013753737886681 0.04268760517284953
1453 0.32416266376542535 0.45461826999175275 0.05960422896477811 0.07190374373179384
1060 0.34032289532809346 0.5073257328447343 0.026966691585911206 0.028852425705962758
1059 0.31510437404077 0.5034733071387713 0.02674817029858776 0.025727425705962936
696 0.43780345475058846 0.7752466702291796 0.01991901609154336 0.03956260517284953
1442 0.3769373745449731 0.6518486226573197 0.18488772427320105 0.2579896594086268
702 0.26143769670481676 0.7506234402874392 0.05048060124083724 0.05292642319868044
504 0.300031031097806 0.5443567199126104 0.03282320767745457 0.06800585391920819
1546 0.26230751994994117 0.3951235980467135 0.03656021287323465 0.03225021034569897
2024 0.261657309926698 0.41927415188677947 0.02674817029858776 0.025727425705962936
1383 0.26462912663866006 0.48407243778015685 0.025950494804219914 0.03661946159934022
1443 0.2598430736724529 0.5494246531404208 0.06083894703379293 0.06726170783841656
503 0.2756644516484953 0.6418849377801568 0.04513753737886681 0.04341503087881229
1053 0.28291957677454604 0.678740080100025 0.02674817029858776 0.02572742570596276
2066 0.28137885610764124 0.7013054018867795 0.026966691585911206 0.028852425705962935
1655 0.17987062245128613 0.8106229144231918 0.04971577673520509 0.04198892319868044
1417 0.16666079224567082 0.6886115221033238 0.06313342055068931 0.10007420783841639
4477 0.23049442725907868 0.5088080133278352 0.025917643815484226 0.0584489974927175
4478 0.23219368505274884 0.4550608877010145 0.02602690445914586 0.06001149749271768
1208 0.1280142834435945 0.4481312746106062 0.21101318169855415 0.25251254922121247
1215 0.5504848631450068 0.9209262654394064 0.8990302737099866 0.15814746912118735
2644 0.15207595222957299 0.03405205423577738 0.02293475544788164 0.038091033386094854
4208 0.19272808540139544 0.09137046074141039 0.025043558666190346 0.045948997492717546
2844 0.1930447956767401 0.14049828252816504 0.021153734160558192 0.03492056927947216
3280 0.2787255695619536 0.12817779044572383 0.023950952229573018 0.030323997492717546
2955 0.33734645273377606 0.1860190341775177 0.023732430942249572 0.0271989974927175
4372 0.37501034369926867 0.189453922736462 0.025294930942249483 0.02724446159934022
3188 0.4291790376309684 0.12787757673481256 0.026966691585911206 0.028852425705962893
3258 0.5015621360218141 0.12608540769276724 0.03499771287323483 0.0322047462390763
3339 0.48120035953871054 0.15823867814673837 0.0336537341605581 0.035284282132453625
3199 0.5178369820668711 0.21388092438581469 0.025294930942249393 0.02724446159934022
3877 0.5704485298372983 0.1857846681176085 0.023732430942249395 0.027198997492717546
2509 0.5815170698140552 0.2102762027573446 0.03957595222957302 0.030778638558944315
3561 0.5440388491471503 0.23179585009177756 0.023732430942249572 0.0271989974927175
4341 0.6425638304577168 0.21361180291562915 0.017482430942249393 0.027017141066226814
4352 0.6817902214232094 0.21709215558119616 0.022825494804219915 0.03652853338609487
4355 0.5403946791006641 0.28002876161197554 0.022464861884498966 0.053670569279472245
3210 0.5470324451922075 0.3192049218785322 0.023732430942249572 0.0271989974927175
3221 0.5990866180886852 0.32773648739708067 0.023513909654926123 0.024073997492717502
3767 0.6245840088020763 0.25752928747622295 0.030091691585911205 0.02894335391920828
4190 0.6184104184570023 0.28073946694310953 0.025294930942249393 0.02724446159934022
4179 0.6169789584337593 0.3048672887298641 0.023513909654926123 0.024073997492717502
4368 0.721797862388702 0.22059524030007455 0.019809755447881727 0.03800010517284953
4369 0.7621332852851799 0.22878582501895295 0.019809755447881727 0.03800010517284953
4342 0.8027582852851799 0.2299678917911426 0.022137079953513706 0.04898306927947225
4343 0.8422578278598267 0.23735449445670964 0.02013753737886681 0.04268760517284953
4346 0.8830467188253195 0.24088031122889939 0.02035605866619008 0.04581260517284953
4347 0.9223277401126427 0.24514191389446643 0.02035605866619008 0.04581260517284953
4351 0.9633897826872898 0.2525739806666561 0.022137079953513706 0.04898306927947225
4312 0.9975657277918838 0.28500604743884583 0.004868544416232368 0.04898306927947225
4001 0.9692680781119284 0.3143381947732788 0.030091691585911205 0.028943353919208194
4010 0.9687271287323469 0.3400512486133448 0.03299817029858758 0.025909282132453627
4006 0.9662958974217805 0.3610313383467881 0.036341691585911204 0.02912521034569897
4358 0.8960273200661568 0.29271559586863544 0.02246486188449879 0.053670569279472245
4366 0.8880780622724865 0.3462808650689653 0.022137079953513706 0.04898306927947225
4362 0.9325653896281103 0.4138464497878437 0.025262079953513705 0.0490739974927175
4359 0.9977838851010213 0.5042645127991097 0.004432229797957277 0.029034282132453626
4436 0.9821608340640132 0.4987131947732788 0.02562271287323483 0.03193196159934022
3187 0.9447700947076749 0.4991845562143345 0.022137079953513706 0.04898306927947225
3340 0.9278775256499244 0.5252014869348622 0.022137079953513706 0.04898306927947225
3976 0.9493536879027402 0.5312840023742684 0.03299817029858758 0.025909282132453627
3986 0.9462176162470998 0.5756333959477777 0.03321669158591121 0.029034282132453626
4360 0.8751949220632985 0.5634312611497571 0.022355601240837332 0.052108069279472244
4361 0.8733864036259668 0.6156158867765777 0.022355601240837332 0.052108069279472244
3993 0.9427537626604743 0.615295289521287 0.02674817029858758 0.025727425705962936
3997 0.94174291971751 0.6565878792547303 0.029873170298587583 0.02581835391920819
4357 0.8904917761541273 0.6706898316828704 0.03488845222957302 0.030642246239076344
2400 0.978492571743254 0.779508553707052 0.04301485651349211 0.03288670783841656
3251 0.985171401570717 0.8013608216537407 0.029657196858565982 0.029034282132453626
2768 0.9569790616914087 0.9525225048815509 0.03041947351689629 0.03363085391920819
4353 0.9324218220829691 0.8800792035487675 0.022355601240837332 0.052108069279472244
4349 0.8923049204738147 0.875013618829889 0.022137079953513706 0.04898306927947225
4356 0.8564113431181909 0.8076980866974355 0.022137079953513706 0.04898306927947225
4348 0.8528600082209987 0.868408266164322 0.022137079953513706 0.04898306927947225
4345 0.8111259762900135 0.862515967338821 0.020356058666190436 0.04581260517284953
4344 0.7717356943590282 0.8566918646732539 0.022137079953513706 0.04898306927947225
3800 0.7621150398998824 0.7971577403000746 0.030091691585911205 0.028943353919208194
3430 0.7275161647738315 0.7595069761143096 0.04248243094224939 0.027744566772189748
4371 0.7296028246808591 0.8562455837944416 0.019809755447881727 0.03800010517284953
4370 0.6885407821062122 0.8488135170222518 0.019700494804219915 0.03643760517284953
4367 0.6492051304970579 0.8437706643566848 0.017919473516896288 0.033267141066226816
3778 0.6846184705900302 0.7481231952354972 0.026966691585911206 0.028852425705962935
4363 0.6089789682442418 0.8371425796378065 0.01991901609154336 0.03956260517284953
3789 0.6128691567280599 0.7366795783841653 0.02987317029858776 0.02581835391920819
3047 0.5610881354407364 0.7320542628656168 0.03321669158591121 0.029034282132453626
4270 0.5210690588414173 0.8844829294003796 0.03354447351689647 0.03372178213245362
2644 0.5557775585893158 0.812204764119258 0.03442926634364483 0.11327288981258547
2700 0.5668243192329775 0.8140855128656167 0.03464778763096845 0.11639788981258548
3257 0.4622567875540938 0.8796530254020289 0.03477919158591121 0.029079746239076342
4215 0.46721208532452085 0.8501701138818311 0.03343521287323466 0.03215928213245363
4216 0.47686060091186117 0.7428577190546806 0.03321669158591121 0.029034282132453626
4217 0.4848919861773705 0.6347186101209074 0.022137079953513706 0.04898306927947225
3527 0.47178569879850374 0.59223559342786 0.03510697351689647 0.03376724623907634
4266 0.5031285339477976 0.6056221435070023 0.02013753737886681 0.04268760517284953
4354 0.5599630419935693 0.6267673692921074 0.02013753737886681 0.04268760517284953
3342 0.571507193350622 0.5577134924116456 0.022137079953513706 0.04898306927947225
3567 0.5516156744090871 0.4627957975053528 0.019809755447881727 0.03800010517284953
3566 0.5326471531217636 0.45912522822588064 0.023044016091543364 0.039653533386094786
3341 0.49128446178795393 0.5031420011871341 0.03499771287323465 0.03220474623907634
2978 0.49941403604148454 0.4410057140401157 0.03321669158591121 0.029034282132453626
2967 0.45144107576613984 0.3904912370013693 0.030091691585911205 0.028943353919208194
4317 0.4222877153942502 0.7763545291629528 0.022137079953513706 0.04898306927947207
3648 0.36158090027177203 0.3987918188172538 0.023513909654926037 0.024073997492717502
3153 0.36144986029501514 0.3746185329238764 0.01791947351689647 0.033267141066226816
3563 0.2928855305936029 0.3975726481258558 0.025294930942249483 0.02724446159934022
4422 0.29465548022528576 0.4451834340192331 0.020935212873234653 0.03179556927947225
3985 0.28151634185768326 0.424529953219563 0.022169930942249484 0.027153533386094785
4350 0.37270942440908705 0.4575901572970558 0.022137079953513793 0.04898306927947225
4436 0.4228840230520342 0.5284398663891136 0.0186078883676025 0.02081260517284953
3185 0.3620504298569687 0.49470371239076305 0.03321669158591121 0.029034282132453626
4364 0.3052751780153833 0.7308481493794969 0.030091691585911205 0.028943353919208194
3343 0.27515099941892235 0.6122429018867794 0.03612317029858776 0.02600021034569906
2249 0.27523848072948887 0.5911946159934022 0.015482888367602499 0.020721676959604095
3344 0.2946058397639963 0.5894191673261856 0.030091691585911205 0.028943353919208194
4365 0.2478947307294889 0.5903989941275052 0.02987317029858776 0.02581835391920819
4249 0.2279592891435777 0.5617511569013445 0.022137079953513793 0.04898306927947225
4250 0.23696331252458808 0.40062344028743924 0.02548060124083733 0.0521989974927175
3269 0.24455193739853734 0.3642002069804867 0.019372712873234655 0.03175010517284953
3766 0.21194007727874914 0.8232509465556455 0.02238845222957293 0.030278533386094965
4324 0.21830505573932416 0.7470294273553156 0.022137079953513793 0.04898306927947225
2376 0.23214903445200066 0.7443136043149197 0.027119510895763276 0.07563649749271768
4303 0.1992383454639795 0.6973560362890887 0.02013753737886681 0.04268760517284953
4032 0.25616033482031775 0.6974529761808166 0.03321669158591121 0.029034282132453626
3178 0.2576464251653917 0.674106404394062 0.031217149011264312 0.022738818025830908
3250 0.19745768815484194 0.5826941427155795 0.02987317029858776 0.02581835391920819
2382 0.1302262655104657 0.6470090438109362 0.03442926634364492 0.11327288981258547
3521 0.14849140236545896 0.2280831990629279 0.02013753737886681 0.04268760517284953
4436 0.16334622402109952 0.18407478628908874 0.025513452229572974 0.03036946159934022
3345 0.22428336004291358 0.2973393159142599 0.022137079953513793 0.04898306927947216
3296 0.2417111606633322 0.3235752069804867 0.03299817029858776 0.025909282132453627
3287 0.2526543784802454 0.24592758010002483 0.019700494804219915 0.03643760517284953
2700 0.10773317851958639 0.8716764231986804 0.01613845222957293 0.030096676959604097
2644 0.10481562815126932 0.9191508167721898 0.016247712873234697 0.031659176959604095
3452 0.34387849212945526 0.8146153956185733 0.20600933540139543 0.09175690564770314
2355 0.7575603997675688 0.2637374865391508 0.09826253737886681 0.044960810503983595
2306 0.7562928307098185 0.2902090583259055 0.096590776735205 0.04335284639736088
2349 0.8260972323189728 0.29613846107061476 0.03957595222957302 0.030778638558944315
3565 0.8549817029858776 0.27436876114975706 0.02238845222957302 0.030278533386094875
1384 0.7466111001555564 0.5308424185133199 0.3288883685928884 0.46645068025830944
1451 0.42122941585911233 0.29293427540202904 0.13905106436617345 0.15997805674305984
198 0.24082137797604233 0.09900711599340217 0.015264367080279052 0.01759667695960414
40 0.2921596388718056 0.17534830713877128 0.04513753737886681 0.04341503087881238
40 0.2877942029858776 0.2578652904457238 0.04201253737886681 0.043324102665567035
108 0.41818082551403835 0.31623538308216104 0.09296303218308673 0.08067098997087019
105 0.4064288605471167 0.4492153676427549 0.04543246832111638 0.06993206677218958
86 0.7480479140175269 0.5402401505666312 0.23305170868586078 0.36698422618081655
48 0.9858576854693386 0.4366223717328829 0.028284629061322876 0.08537521034569906
138 0.9118311806132734 0.73056493685572 0.07849634059717552 0.05218227711788863
143 0.5194140876703093 0.7604687678801817 0.024748627723940864 0.01943196159934022
14 0.5230960985660726 0.835423303773559 0.036341691585911204 0.029125210345699058
50 0.5395516250491761 0.8031563730530312 0.017231058666190437 0.04572167695960409
274 0.47832454794565393 0.8083917908414353 0.0186078883676025 0.02081260517284953
274 0.48401218321116346 0.7001844857477281 0.01995186708027923 0.017733069279472248
114 0.3769373745449731 0.6518486226573197 0.0833038089182919 0.12093227711788863
1256 0.4721627572125925 0.564178789587794 0.0923403193098519 0.04946645407749273
1484 0.21333515236545897 0.22996995948776916 0.060478314114071986 0.08440374373179385