1216 0.9262490385900944 0.5993926748647663 0.14452018411835824 0.8012146502704673
538 0.8921676766390922 0.27614494624577146 0.04611247867599957 0.07244882697140156
740 0.8320386986394104 0.26889068457684184 0.0710579346753633 0.06980205909355411
1352 0.8171944012969561 0.33493027275813103 0.06626134667409075 0.060044421820650486
1358 0.7336915579646834 0.3202940747246834 0.06631589067472703 0.06473192182065049
356 0.6967733606381377 0.26723297654145456 0.042460220003181705 0.02688123545613248
1631 0.6533046239656379 0.30669421820650483 0.07421929734245403 0.07318215060882319
1484 0.7584926579805918 0.20501976108920142 0.08488407733927232 0.05063747091226496
505 0.6925949379774101 0.22310033926855094 0.03949885200509069 0.0406886439408634
852 0.7448012332909111 0.3735944179069424 0.1035977146721816 0.04904302000387926
1036 0.6331824806254109 0.35588114623607314 0.10517839600572695 0.05073306576151389
1063 0.8250694412794569 0.4646017973039383 0.06633407200827221 0.06629442182065048
499 0.8095257099379574 0.5235463626064101 0.037936352005090865 0.04056109818322895
1921 0.8314728879296851 0.5863332760921109 0.023710220003181702 0.025350686364518184
1545 0.8033660692632305 0.5824749524546893 0.026926126670909056 0.03341827787978709
1074 0.7334899212683211 0.5392353933611351 0.1035977146721816 0.04904302000387943
875 0.6312279872692758 0.5238498962360731 0.10201703333863606 0.04735297424624481
1085 0.6275302752625942 0.5728135547208041 0.1020352146721816 0.0489154742462448
1096 0.6214888132559127 0.6215858945690831 0.1035977146721816 0.04904302000387943
1433 0.7351609619271396 0.597239211997587 0.05819430800445424 0.03753169303247787
1807 0.7621410852562308 0.6307212627561913 0.020585220003181703 0.025095594849248927
2222 0.7371501759230036 0.6278992806340389 0.020585220003181703 0.025095594849248927
2211 0.715293357256549 0.6245511400271553 0.020585220003181703 0.025095594849248927
1419 0.821997343252731 0.6614130244251211 0.055014764003817974 0.03258910151720862
1430 0.8184087192473222 0.701001682909852 0.055014764003817974 0.03258910151720862
1447 0.8156104359086861 0.7398728642734002 0.055014764003817974 0.0325891015172088
1448 0.8120218119032773 0.7794615227581311 0.055014764003817974 0.0325891015172088
1420 0.8084331878978684 0.819050181242862 0.055014764003817974 0.03258910151720862
1421 0.806388882558914 0.8603288854852273 0.058157945337363515 0.03440669303247788
1424 0.8020190085535053 0.8998537710911411 0.0550511266709087 0.035714101517208975
1425 0.8000019752148692 0.9387887253335065 0.05813976400381797 0.032844193032477875
1429 0.7964042605426875 0.9791586338182375 0.05817612667090888 0.03596919303247788
1436 0.7411536865452328 0.9558807594222115 0.05367044000636341 0.051211555759574166
1445 0.6826690245465056 0.9417227935109164 0.06313634667409058 0.05978933030538158
1440 0.6273093625477781 0.9278199191148904 0.042460220003181705 0.026881235456132656
1062 0.5687156125477781 0.9230369532035955 0.06320907200827239 0.06603933030538159
1437 0.6052974552037332 0.9777732821318509 0.10261701734563573 0.04445343573629827
500 0.5125928818825963 0.907507805928752 0.0442227146721816 0.04419628121376675
1438 0.46724401921550546 0.9069339789573505 0.055232940006363404 0.051339101517208975
1439 0.4141553818825964 0.8994724231977763 0.053652258672817865 0.049649055759574165
2016 0.4862752825430057 0.9514970509277824 0.020585220003181703 0.025095594849248927
2025 0.4425707358768693 0.9440195197140152 0.020585220003181703 0.025095594849248927
2031 0.3996383485439602 0.9373870113790655 0.020585220003181703 0.025095594849248927
2033 0.35670596121105114 0.9307545030441158 0.020585220003181703 0.025095594849248927
1209 0.399056545870506 0.9698097889447428 0.2524352040101814 0.06038042211051433
1435 0.2703235658816418 0.894769463495399 0.15737724267981754 0.1096295757634536
1548 0.7317610525541415 0.889426711997587 0.026907945337363515 0.031855777879787085
1431 0.16174799721518726 0.8843425333397988 0.05813976400381797 0.032844193032477875
1427 0.1645553712205961 0.8446901019762507 0.053452264003818015 0.03246155575957417
1426 0.16814399522600493 0.8051014434915198 0.053452264003818015 0.03246155575957417
1434 0.23614910789309587 0.8075246839486221 0.0661340773392725 0.04910692182065048
1840 0.2225502318985047 0.7665330221299113 0.020567038669636162 0.023533094849248926
1423 0.1709604598981865 0.7646677621279716 0.055014764003817974 0.03258910151720862
1422 0.17611158390359535 0.7252066494008751 0.055014764003818016 0.03258910151720862
1450 0.1804905485757769 0.6849005137949614 0.05813976400381802 0.032844193032477875
1449 0.18330701324795848 0.6444668324314133 0.059720445337363426 0.034534238790112325
1446 0.18611438725336732 0.6048144010678651 0.055014764003818016 0.03258910151720862
1441 0.18814051125877615 0.5650981968254996 0.05813976400381802 0.032844193032477875
2242 0.20842628660091211 0.5018487687959313 0.14131589067472694 0.07085411818710803
940 0.3257314179265034 0.5685097234973387 0.06633407200827239 0.06629442182065048
1829 0.27427745858532193 0.6221769863742164 0.020585220003181703 0.025095594849248927
1818 0.27400473858214025 0.6456144863742164 0.020585220003181703 0.025095594849248927
547 0.19646263594050276 0.4547346527348551 0.056831802673454224 0.054591647274843245
548 0.30418422927277555 0.47134781001163795 0.059956802673454226 0.05484673879011233
549 0.37548706460854814 0.45918239198400934 0.04872840133672707 0.028953918486670636
725 0.37473253926641215 0.5240261419840093 0.16466248400699968 0.06495480455162621
1432 0.3943268765913671 0.5874029868332583 0.061537484006999675 0.05653678454774678
502 0.44892346992363985 0.5996795883504671 0.041097714672181596 0.04394118969849785
1485 0.4776853639401846 0.4800366391090714 0.047856792011453916 0.08820137272903601
1550 0.5002683412635486 0.5553873254735894 0.05803067600254543 0.023469193032477874
1549 0.5020581079328668 0.535983621231224 0.05957499466899989 0.022034238790112327
501 0.5336717346037756 0.5072845363839147 0.03793635200509069 0.04056109818322895
864 0.5505688806095026 0.46643626683907724 0.1035977146721816 0.04904302000387943
1428 0.5464540926161842 0.4168348795661737 0.12094884667409041 0.0645085233378591
633 0.5665216919557748 0.3723354515366054 0.04080681333545435 0.01894118969849794
1453 0.5395870219605473 0.334947150778001 0.06934998400699968 0.057174513335919566
1060 0.4878427086250928 0.34636314077606134 0.026835220003181705 0.025605777879787083
1059 0.4904864506285927 0.3207732094125132 0.023710220003181702 0.025350686364518003
696 0.22505125994591157 0.4171867263722767 0.03768181333545444 0.01868609818322877
1442 0.34526430995386576 0.3683502268313187 0.24867495202099904 0.17483972970625655
702 0.2380341599697741 0.24229829667571848 0.05052725867281786 0.04939396424430509
504 0.4476995139640471 0.30164070107756347 0.06747840133672707 0.030484467578284935
1546 0.5949835939688196 0.27847375229520976 0.030069308004454242 0.035235869395056164
2024 0.5699926846355924 0.2756517701730572 0.023710220003181702 0.025350686364518003
1383 0.5059120033020468 0.27198489411004123 0.03619203866963616 0.02480855242559432
1443 0.4395784786362286 0.2603141994105735 0.0631363466740904 0.0597893303053814
503 0.347999505967547 0.2676965225889532 0.041097714672181596 0.04394118969849785
1053 0.31120803063336516 0.2709491972845416 0.023710220003181702 0.025350686364518003
2066 0.2885699619669106 0.26753728379884084 0.026835220003181705 0.025605777879787083
1655 0.17180117998090996 0.1547825790974334 0.03958975867281787 0.0485011439408634
1417 0.2930221993157281 0.15372987531410992 0.09747498400699968 0.059470336973341184
4477 0.4781960833068194 0.23453282047261964 0.05803067600254543 0.023469193032477874
4478 0.5328472206397284 0.24212192198982835 0.05961135733609062 0.025159238790112327
1208 0.532511960654046 0.13652562623219383 0.2412260786919079 0.20545200091808388
1215 0.06758694199554566 0.5172669904571022 0.13517388399109131 0.9032839809142045
2700 0.9899244713160463 0.20827153321911265 0.017351132001908808 0.015465503333979846
2644 0.9500989026495917 0.20345661639943202 0.037718176002545435 0.02181109818322886
4208 0.8949568693109555 0.2380550148822233 0.04554885733609097 0.02401132697140156
2844 0.8457381193109557 0.2340373235167354 0.033012494668999894 0.01986596091032524
3280 0.864269395965956 0.3215691454871671 0.029923857336090976 0.022735869395056164
2955 0.8104807772915474 0.3742638397275929 0.026798857336090977 0.022480777879787084
4372 0.8092631752864567 0.4117000668487757 0.02681703866963616 0.024043277879787085
3188 0.8750148972788206 0.47337076154824337 0.026835220003181705 0.025605777879787083
3258 0.8819910559357304 0.545883490336416 0.0300511266709087 0.03367336939505616
3339 0.8478615039385937 0.5219837336684563 0.03315794533736351 0.032365960910325245
3199 0.7950995832670485 0.5536484507876993 0.02681703866963634 0.024043277879787085
3877 0.8265126679265034 0.6093881388192074 0.026798857336090977 0.022480777879787084
2509 0.8029478985916854 0.6184124524546892 0.02698067067154497 0.038105777879787084
3561 0.7791836819303214 0.5773729932113539 0.026798857336090796 0.022480777879787084
4341 0.8038104172501856 0.6786962482123238 0.02672613200190881 0.016230777879787085
4352 0.8025746339115495 0.7176949753335066 0.036155676002545434 0.021683552425594322
4355 0.730010385264185 0.5694490518458661 0.05174431333545435 0.01983401000193972
3210 0.6908751599300033 0.5725104079050027 0.026798857336090796 0.022480777879787084
3221 0.6863689259230036 0.6237540435109163 0.023673857336090797 0.02222568636451818
3767 0.757934843252731 0.6561836483621051 0.026871582670272433 0.028730777879787082
4190 0.7345700685869128 0.648020461997587 0.02681703866963616 0.024043277879787085
4179 0.7103694999204582 0.6444810027542517 0.023673857336090797 0.022225686364518004
4368 0.8028922599061407 0.7576024982123238 0.03768181333545471 0.01868609818322895
4369 0.7969507952339592 0.797781088060603 0.03768181333545453 0.01868609818322877
4342 0.7988218305617776 0.8385974066970547 0.04705681333545435 0.01945137272903601
4343 0.7936797972231415 0.8772772694241512 0.04080681333545453 0.01894118969849785
4346 0.7932070825509598 0.917902269424151 0.043931813335454525 0.019196281213766753
4347 0.7919712992123238 0.956900996545334 0.04393181333545435 0.019196281213766753
4351 0.7868019938733695 0.9940994614539562 0.04705681333545453 0.011801077092087553
4001 0.7258190405395059 0.9908549678923949 0.026889764003817974 0.018290064215210223
4010 0.7000468812062787 0.9890852382707273 0.023782945337363515 0.02182952345854545
4006 0.6789804032065968 0.9862074065278769 0.026944308004454243 0.02758518694424623
4358 0.7422803818825964 0.9262570323010287 0.05174431333545435 0.01983401000193972
4366 0.6876928792170963 0.9131991807838201 0.04705681333545435 0.019451372729036364
4362 0.6231303925445966 0.950938554720804 0.04865567600254543 0.02270391848667046
4436 0.5413258618714604 0.9898747338737316 0.031504538669636165 0.020250532252536858
3187 0.5386281232097784 0.9549885838085391 0.048637494668999894 0.02114141848667046
3340 0.510712208545551 0.9347240101711176 0.04705681333545435 0.01945137272903601
3976 0.5065514198759148 0.9562801457770312 0.023782945337363515 0.03160068636451783
3986 0.4612843732097785 0.9486750688056297 0.026907945337363515 0.031855777879787085
4360 0.4691428738860962 0.8781552747149851 0.05018181333545435 0.019706464244305267
4361 0.4168354865531871 0.8707574918342281 0.05018181333545435 0.019706464244305267
3993 0.42149516721041475 0.9407351519859489 0.023710220003181702 0.025350686364517826
3997 0.3801070985439602 0.9357926894086338 0.02374658267027261 0.028475686364518183
4357 0.36194799188418714 0.8834808903170194 0.02692612667090888 0.03341827787978709
2400 0.25930370253823315 0.9681591660707746 0.028761346674090582 0.056983323637421535
3251 0.2374196118714605 0.9671547754638912 0.026907945337363515 0.031855777879787085
2768 0.0838951698759148 0.9217790183368895 0.03155908267027256 0.02911341515269079
4353 0.15526163987909647 0.9041448503092606 0.05018181333545444 0.019706464244305267
4349 0.15728776388450533 0.8644286460668953 0.04705681333545444 0.01945137272903601
4356 0.2225405938892778 0.8345655450087286 0.04705681333545444 0.01945137272903601
4348 0.16086729722314144 0.8256212375821643 0.04705681333545444 0.01945137272903601
4345 0.16447410256209571 0.7844700790974335 0.04393181333545444 0.019196281213767107
4344 0.16650022656750457 0.7447538748550679 0.04705681333545444 0.01945137272903601
3800 0.22597522390200453 0.7410068636451803 0.02687158267027261 0.028730777879787082
3430 0.2615223725732315 0.7102828931919574 0.025454533338636055 0.04110323212215263
4371 0.16464737257323156 0.7023750562186162 0.03768181333545444 0.01868609818322895
4370 0.16902633724541313 0.6620689206127025 0.03611931333545444 0.018558552425594323
4367 0.17104337058404923 0.623133966370337 0.032976132001908985 0.01674096091032524
3778 0.26982576857895857 0.66873312198013 0.026835220003181705 0.025605777879787083
4363 0.17541324458945812 0.5836090807644234 0.03768181333545444 0.01868609818322877
3789 0.27691210992204907 0.5973683050106682 0.02374658267027261 0.028475686364518006
3047 0.27751209392904874 0.5458058050106682 0.026907945337363515 0.031855777879787085
4270 0.12176208060154844 0.49008247924721465 0.03159544533736347 0.03223841515269079
2644 0.1971251599300032 0.5322059484924896 0.11273635733609075 0.029495794549686493
2700 0.19621664059518512 0.5430796756136724 0.11586135733609079 0.02975088606495575
3257 0.12245297127627537 0.43070747924721464 0.02692612667090888 0.03341827787978709
4215 0.15206774594209355 0.43938084864227084 0.030032945337363427 0.03211086939505616
4216 0.26130638594050276 0.4600278016766882 0.026907945337363515 0.031855777879787085
4217 0.36978195727245733 0.47904848183228843 0.04705681333545444 0.01945137272903601
3527 0.41212399860759363 0.46921096728842093 0.031613626670908876 0.03380091515269079
4266 0.400813781269912 0.5003493969849793 0.04080681333545453 0.01894118969849785
4354 0.3837620939290487 0.5544789165298166 0.04080681333545444 0.01894118969849785
3342 0.45392005259391244 0.5734997256233706 0.04705681333545453 0.01945137272903601
3567 0.5478791379296851 0.5631837210814428 0.03768181333545435 0.01868609818322895
3566 0.5496689045990031 0.5437800168390773 0.03928067600254544 0.021938643940863402
3341 0.5024944599379574 0.49848362123122403 0.030051126670908878 0.03367336939505634
2978 0.5656757126034575 0.5122429744154227 0.026907945337363515 0.031855777879787085
2967 0.6130961526098208 0.46919434714445873 0.02687158267027261 0.028730777879787082
4317 0.22367057328136603 0.40143418061464214 0.04705681333545444 0.01945137272903601
3648 0.598516579288684 0.37807513956811334 0.02367385733609062 0.022225686364518004
3153 0.6227353292886839 0.3800520988114487 0.032976132001909166 0.01674096091032524
3563 0.5946290579646835 0.30894250229520975 0.02681703866963616 0.024043277879787085
4422 0.5477449672979107 0.3058973795661737 0.03144999466899989 0.019738415152690703
3985 0.5674307586330469 0.2942104515366054 0.026780676002545432 0.020918277879787082
4350 0.5405949912874112 0.38273094653563555 0.04705681333545435 0.01945137272903601
4436 0.47282568861395696 0.4272464789573506 0.020512494668999893 0.018845594849248925
3185 0.5016597606222293 0.3686048025947722 0.026907945337363515 0.031855777879787085
4364 0.26096258263050165 0.2879614830402365 0.02687158267027261 0.028730777879787082
3343 0.37768700596754695 0.2701198919840094 0.02381930800445433 0.034725686364518005
2249 0.398780755967547 0.2718417597120756 0.020476132001908988 0.015720594849248926
3344 0.40167848929822886 0.29162810122734467 0.02687158267027261 0.028730777879787082
4365 0.3975364293045922 0.24437046395444106 0.02374658267027252 0.028475686364518006
4249 0.4250983553071375 0.2278525147130454 0.04705681333545435 0.019451372729036097
4250 0.5882523359723194 0.25211854638585435 0.051780676002545434 0.022959010001939718
3269 0.6248801793045923 0.26292837169026595 0.031413632001908984 0.016613415152690703
3766 0.16128130331000107 0.18520353167280895 0.029905676002545345 0.021173369395056162
4324 0.23853414664227385 0.19932954667571845 0.04705681333545444 0.019451372729036055
2376 0.24228585530713756 0.21292966106980477 0.0736374946689999 0.02318215060882318
4303 0.2871898226448192 0.18453346516238903 0.04080681333545444 0.01894118969849794
4032 0.29042336330363777 0.24266482955647536 0.026907945337363515 0.031855777879787085
3178 0.3146239319700923 0.24620428879981066 0.020657945337363516 0.031345594849248926
3250 0.40203357264481915 0.19390807834852739 0.02374658267027261 0.028475686364518048
2382 0.33329321065404605 0.12026354213379056 0.1127363573360908 0.029495794549686538
3521 0.7548682186505461 0.18048214669511511 0.04080681333545435 0.01894118969849794
4436 0.7999989053150918 0.19980597366651662 0.029942038669636163 0.02429836939505616
3345 0.6907233553071375 0.24953529351091638 0.04705681333545435 0.01945137272903601
3296 0.6647421106381376 0.2646182885099466 0.023782945337363515 0.031600686364518
3287 0.7442841599697742 0.28362312214930785 0.03611931333545435 0.018558552425594323
2700 0.10546820265754589 0.0758606115191484 0.029851132001908986 0.01648586939505616
2644 0.0578574059914095 0.06806421591129508 0.029814769334818126 0.013360869395056162
3452 0.180057480625411 0.3188928765220579 0.07885334802672608 0.20312474212409218
2355 0.7618581799013682 0.7894425585138258 0.03859088001272663 0.09681109818322878
2306 0.7353138612349136 0.7857117806340388 0.037010198679181275 0.09512105242559432
2349 0.7337144512253686 0.8559605077552215 0.026980670671545148 0.038105777879787084
3565 0.757596846554778 0.8868437169985569 0.029905676002545435 0.02117336939505634
1384 0.49249965257004985 0.7525971653218686 0.4500930960375438 0.31304058668347706
1451 0.7087359166136388 0.4488496383601654 0.1529442813494537 0.1311219384905499
198 0.8912682479710469 0.28623742336695424 0.017351132001908808 0.015465503333979846
40 0.8180301952975926 0.33030654563694833 0.041097714672181596 0.04394118969849794
40 0.7345091706317743 0.3172328476035007 0.03949885200509069 0.0406886439408634
108 0.6853347792807296 0.4438114519956473 0.07441929201145392 0.0903696506088231
105 0.5511234112826388 0.4187800168390773 0.06762385200509069 0.04298446757828493
86 0.48311556190327715 0.7526131407760615 0.35690562269254433 0.2195778869830395
48 0.6044798425366423 0.9945302829653458 0.08317612667090905 0.010939434069308262
138 0.30389913454809636 0.8990741972845416 0.04616702267663593 0.07713632697140156
143 0.2459717399347757 0.5010036169791603 0.017460220003181703 0.024840503333980024
14 0.1717348086012303 0.49650769349151974 0.026944308004454333 0.03498077787978708
50 0.2043473139322304 0.516373654401845 0.043895450668363534 0.01607128121376693
274 0.19568138594050274 0.45467087985603777 0.020512494668999893 0.018845594849248925
274 0.30418422927277555 0.47134781001163795 0.017405676002545344 0.020153003333980023
114 0.34526430995386576 0.3683502268313187 0.11800566000954511 0.0798784318225902
1256 0.4394495672740481 0.4730055180470253 0.044768154678545 0.09107128121376692
1484 0.7572386933084102 0.24558098821038418 0.08183180267345413 0.05663237939699588