722 0.6605789497231449 0.16149634269620242 0.09951794108527139 0.07396376324231464
724 0.8254226997231449 0.17591830207430398 0.1088929410852714 0.07478396946287016
1501 0.7378225701734955 0.1698255440157856 0.06147772054263569 0.03800713939685174
1498 0.5816226349483202 0.15537419033986 0.05865310919158375 0.04242123732333321
1567 0.5237100053986709 0.1518787519797675 0.05845285009228505 0.03929623732333325
1570 0.4666787553986708 0.14688916413805467 0.0585529796419344 0.04085873732333321
1568 0.4104788201734955 0.14118667681472144 0.055327850092285046 0.039022835249814716
1569 0.35574125539867085 0.13718339052814746 0.05845285009228505 0.03929623732333325
1307 0.2062314111664819 0.09189213996249959 0.1261991594684389 0.15087757775694424
1336 0.1084777128368383 0.7346271526391664 0.10594482109634615 0.24699116013203692
1336 0.12373606570690054 0.9311125904336108 0.1308866594684389 0.13777481913277825
1336 0.34652272363418 0.9505156385251385 0.135935104872647 0.09896872294972284
1297 0.8390058220284221 0.7608298357689798 0.07790136181247717 0.17306564458064813
1452 0.7192614258213348 0.6065832502363412 0.20670867982650448 0.12218523270518489
1317 0.8652502560169797 0.375810286805739 0.06902940468807692 0.05886644354388881
1452 0.7868866216869683 0.4585161885964336 0.10027940468807692 0.06160046427907382
1324 0.5813270365540781 0.4051787007074525 0.08138730721668548 0.1547257476909259
1303 0.6157404117847907 0.3217701698874988 0.06995155459579187 0.02476484561740726
1294 0.39087560996677606 0.5574268314801382 0.37095285009228507 0.06663644467518459
1291 0.2035584777962331 0.6730245627712031 0.04400842072720588 0.10484332488222207
1286 0.3732737931893666 0.8811377335536565 0.3722545342377262 0.08694894467518459
1336 0.6132083783222569 0.9374826442513413 0.10642927513842756 0.06058476842611107
1452 0.4212022624953846 0.4642331975499065 0.08874112739018099 0.05126855702175916
1452 0.23332962754706452 0.3433076684733791 0.08874112739018099 0.05126855702175916
1452 0.1901992797711313 0.7834152586241662 0.07900518198597287 0.06906164976444433
1452 0.1556297223975623 0.5627712764846293 0.0710529796419344 0.04195234561740726
1452 0.08412496221852946 0.5384459282753239 0.04797642504614252 0.0212885311027776
1452 0.4529691039497964 0.2627486099910176 0.022676036397194465 0.014413814514629576
1452 0.37850003007567307 0.26016156074495295 0.026201554595791876 0.02093721658814811
1452 0.2855312800756731 0.2520278490577772 0.035176036397194646 0.01550742280870363
1452 0.27357150061830887 0.21798503972694389 0.030889054595791877 0.02134731969842587
1452 0.2347803084533032 0.25937216588148104 0.032651813695090494 0.024609020735185182
1452 0.44996521746031676 0.3096236099910176 0.022676036397194642 0.014413814514629576
1452 0.39224355259320703 0.339926973186064 0.022676036397194642 0.014413814514629576
1452 0.1252074444813575 0.37548659849212934 0.019551036397194556 0.014140412441111038
1452 0.22274018584348418 0.21432350603226807 0.035176036397194556 0.01550742280870363
1452 0.11469144664082584 0.41699059330833316 0.022676036397194555 0.014413814514629664
1452 0.2465329295219627 0.4560222819512495 0.022676036397194555 0.014413814514629664
1452 0.22426670574012447 0.42343466588148104 0.024238536397194553 0.0145505155513888
1452 0.7639884307585805 0.8893950417067114 0.048477072794389287 0.0291010311027776
1452 0.6051944216592817 0.8786448864756469 0.02942668414544123 0.022773118661666557
1292 0.7079165083333315 0.7713586497179615 0.08597707279438911 0.032381855984999854
1296 0.6859203948228112 0.7222964331298135 0.06838905459579188 0.024628144580648124
1274 0.7627134322997399 0.7376568844493965 0.039702850092285046 0.03765582488222208
1323 0.7582378809431505 0.8197564849677761 0.04126535009228505 0.037792525918981565
1295 0.5213653439276471 0.6175522701230545 0.0398029796419344 0.03921832488222208
4466 0.7036211435861934 0.33574377846439674 0.040364184145441226 0.02373002591898139
4466 0.33012188926725683 0.21821877705027712 0.040564443244739755 0.02685502591898139
4466 0.1596289165651527 0.19387501352513856 0.04192668414544114 0.023866726955740658
4466 0.14374429827427038 0.23333805471268487 0.03723918414544118 0.023456623845462942
4466 0.6481026149040215 0.858829963949767 0.040264054595791875 0.02216752591898157
4489 0.7203280683277942 0.8596494616406929 0.056790220542635696 0.03759703628657398
4489 0.8141281331026189 0.8670702738462485 0.05991522054263569 0.03787043836009261
1780 0.6866155999446268 0.9321204924606468 0.02816457279438911 0.027323917624907424
1780 0.7162530351698021 0.9354990621590726 0.026602072794389107 0.027187216588148287
1161 0.7595419602159447 0.9220024901515724 0.04777616594684382 0.018163531102777596
1161 0.7618554318383145 0.9104204411883318 0.028725777297895938 0.011835618661666557
1161 0.8311258659837556 0.8960544362873595 0.02660207279438893 0.027187216588148287
1161 0.8037320512089311 0.8944434181440724 0.026401813695090582 0.024062216588148288
1161 0.6960196807585805 0.8834485466076838 0.025039572794389287 0.0270505155513888
1161 0.7225321159837558 0.8865537142325911 0.02796431369509058 0.024198917624907425
1452 0.516541734274638 0.8276791258252304 0.048477072794389287 0.0291010311027776
2233 0.7991155999446268 0.9419629671073132 0.03028827729789594 0.011972319698426048
2233 0.8069176079641913 0.91829102125435 0.016526165946843818 0.01542951036759277
2233 0.7920738579641913 0.9169923614051374 0.016526165946843818 0.01542951036759277
2233 0.7162425431893666 0.9111436111223133 0.013301036397194465 0.013593608294074144
2233 0.7029612931893666 0.9099816523098596 0.013301036397194465 0.01359360829407379
2233 0.6007467535529696 0.8499730823286098 0.013301036397194465 0.013593608294074144
2233 0.6132968183277943 0.8502854406226839 0.013301036397194465 0.01359360829407379
2233 0.5298334762550736 0.8531965356744433 0.025500647748246584 0.00999971658814829
2233 0.6074869093207805 0.8183519354388876 0.01975129549649317 0.017265412441111037
2233 0.6328373627445533 0.8150704020270357 0.01506379549649317 0.01685530933083328
2233 0.6484122979697287 0.8172186623946283 0.016626295496493172 0.016992010367592413
2233 0.6758061127445533 0.8188296805379153 0.016526165946843818 0.01542951036759277
2233 0.7091390468899944 0.8013195517914801 0.016626295496493172 0.016992010367592413
2233 0.6695456207641177 0.793927425354119 0.028725777297895938 0.011835618661666557
2233 0.6559837685123643 0.7848846160232856 0.027163277297895937 0.011698917624907424
2233 0.5656195843669232 0.7974051569280081 0.019350777297895937 0.011015412441111039
2233 0.766541734274638 0.8495512917067114 0.016626295496493172 0.01699201036759277
2233 0.2953781331026189 0.8216855296421752 0.01975129549649317 0.017265412441111037
2233 0.2297099676172003 0.6572430293593513 0.016526165946843818 0.015429510367592414
2233 0.2453349676172003 0.6586100397269439 0.016426036397194643 0.01386701036759259
2233 0.21177029843115389 0.6061788153631014 0.018088665946843906 0.015566211404351904
2233 0.2371603246493157 0.5777605809144902 0.025500647748246584 0.00999971658814811
2233 0.21817978717238695 0.5674580679549995 0.028725777297895938 0.011835618661666557
2233 0.17240740978220592 0.60744878944412 0.016626295496493172 0.01699201036759259
2233 0.1599271961794005 0.5937868306316663 0.019751295496493217 0.017265412441111037
2233 0.12653370527869914 0.5877227583413422 0.03028827729789594 0.011972319698425871
2233 0.12518195635843332 0.6088165083413423 0.025500647748246584 0.00999971658814811
2233 0.07580252005352381 0.5824987246466664 0.028725777297895938 0.011835618661666557
2233 0.09287939852343896 0.561209485014259 0.019751295496493217 0.017265412441111037
2233 0.19228791564230208 0.5424095498117125 0.01662629549649326 0.016992010367592413
2234 0.20445724861572404 0.536403557587407 0.013501295496493171 0.016718608294074143
2233 0.30049734114987 0.3617541635724068 0.028625647748246587 0.010273118661666558
2233 0.2962802105204864 0.3417444599437494 0.030088018198597234 0.00884731969842587
2233 0.29728150601697967 0.3261194599437494 0.025400518198597233 0.008437216588148111
2233 0.3345311821428564 0.33330653482597156 0.016526165946843908 0.015429510367592592
2233 0.37450174737910635 0.1631792540060178 0.016526165946843908 0.015429510367592592
2233 0.10137632557216629 0.22020377620180534 0.016526165946843908 0.015429510367592592
2233 0.13150391656515273 0.19141439486347195 0.018188795496493215 0.017128711404351814
2233 0.4314829326042817 0.16895009184773063 0.016626295496493172 0.01699201036759259
2233 0.4877829973791064 0.17309007917106387 0.01975129549649317 0.017265412441111083
2233 0.5448142473791064 0.17807966701277672 0.016526165946843818 0.015429510367592592
2233 0.5932517473791064 0.18231739915231365 0.01975129549649317 0.017265412441111037
2233 0.643923573412698 0.22524648440212838 0.030188147748246585 0.01040981969842587
2233 0.6584867211609445 0.21866429373296165 0.028725777297895938 0.011835618661666557
2233 0.7496018769287557 0.1944250028282393 0.014963665946843818 0.015292809330833324
2233 0.8049111381875227 0.2385454411883318 0.028625647748246764 0.010273118661666558
2233 0.8194242211609446 0.23274450051916507 0.030288277297896116 0.011972319698425871
2233 0.6742049514211879 0.3779511108394894 0.025400518198597233 0.008437216588148111
2233 0.6721418036729412 0.3856269098027302 0.028625647748246587 0.010273118661666646
2233 0.6713908320505713 0.3973456598027302 0.028725777297895938 0.011835618661666648
2233 0.6716213695275 0.40600776032110986 0.028725777297895938 0.011835618661666557
2233 0.6344112661960125 0.37368398440212836 0.027163277297895937 0.011698917624907334
2233 0.6322980536729412 0.3821410333653691 0.028625647748246587 0.010273118661666646
2233 0.6338908320505713 0.39406483492050803 0.028625647748246764 0.010273118661666558
2233 0.6326089343023247 0.40180898440212837 0.03175064774824658 0.010546520735185184
2233 0.6286631115079355 0.4266039328469895 0.025500647748246584 0.00999971658814811
2233 0.6273311489848643 0.43512933232860984 0.027063147748246585 0.010136417624907423
2233 0.6257989273624943 0.4467797318102303 0.028625647748246764 0.010273118661666558
2233 0.6268607796142478 0.4547289328469895 0.02560077729789594 0.01156221658814811
1780 0.6536921923218891 0.3792989973616191 0.01506379549649317 0.01685530933083328
1780 0.6523905081764481 0.39961149736161905 0.011938795496493172 0.016581907257314833
1780 0.6471127228589876 0.43293184528810064 0.013501295496493171 0.016718608294074143
1780 0.6450798534883712 0.45239474476972086 0.013501295496493171 0.016718608294074143
1780 0.6676755467331109 0.4308027087659709 0.028725777297895938 0.011835618661666557
1780 0.6663936489848643 0.4385468582475912 0.02540051819859741 0.008437216588147934
1780 0.6656426773624944 0.4502656082475912 0.028625647748246764 0.010273118661666558
1780 0.6650919648394231 0.4588593582475912 0.028625647748246764 0.010273118661666558
2233 0.5778551758213348 0.5942118064096285 0.02852551819859741 0.008710618661666558
2233 0.5774045928479129 0.6012430564096285 0.02852551819859741 0.008710618661666558
2233 0.5770040746493157 0.6074930564096285 0.02540051819859741 0.008437216588148111
2233 0.5773848064507183 0.6138114069280081 0.03165051819859723 0.008984020735185182
2233 0.5753717234772964 0.6207059558912489 0.02852551819859741 0.008710618661666558
2233 0.5765337052786992 0.627092656928008 0.026963018198597234 0.008573917624907423
2233 0.5753018723052772 0.6340555564096284 0.02852551819859741 0.008710618661666558
2233 0.5754823450073813 0.643498906928008 0.03185077729789594 0.012109020735185183
2233 0.4684486998800283 0.5115763807262027 0.013301036397194465 0.013593608294074144
2233 0.4559486998800283 0.5104827724321288 0.013301036397194465 0.013593608294074144
2233 0.7409478562661482 0.6972567683796281 0.016426036397194466 0.013867010367592414
2233 0.7284979210409729 0.6953819100855541 0.011738536397194466 0.013456907257314831
2233 0.7159979210409728 0.69428830179148 0.013401165946843818 0.015156108294074145
2233 0.7034979210409729 0.6931946934974059 0.013401165946843818 0.015156108294074145
2233 0.6909979210409729 0.6921010852033319 0.013501295496493171 0.016718608294074143
2233 0.6784979210409728 0.6910074769092579 0.013501295496493171 0.016718608294073966
2233 0.6659979210409729 0.6899138686151838 0.013501295496493171 0.016718608294074143
2233 0.6310919949150963 0.6829318452881006 0.016526165946843818 0.015429510367592592
2233 0.6162482449150962 0.6816331854388876 0.016526165946843818 0.015429510367592414
2233 0.5998419949150963 0.6801978245529154 0.01506379549649317 0.01685530933083328
2233 0.5516548187892195 0.6720538424133785 0.019350777297895937 0.011015412441111039
2233 0.5433113926633428 0.6673957367112026 0.019350777297895937 0.011015412441111039
2233 0.6323948766242138 0.7238985978799988 0.016526165946843818 0.015429510367592592
4489 0.5849982449150962 0.6788991647037025 0.016526165946843818 0.015429510367592592
1345 0.5164335078719062 0.9274446799722675 0.07121366594684382 0.020214046654166394
1161 0.6995041425064593 0.3141715748357393 0.028725777297895938 0.011835618661666557
1161 0.6449074776393495 0.3447483401043043 0.04767603639719464 0.016601031102777684
1161 0.42793882557216634 0.24877429288448988 0.028625647748246587 0.010273118661666558
1161 0.43195569710225107 0.27190899651314726 0.016426036397194466 0.01386701036759259
1161 0.4310848095330373 0.29775859703152696 0.016626295496493172 0.01699201036759259
1161 0.43450090376522627 0.3302683006601843 0.014963665946843818 0.015292809330833278
1161 0.3417521992617195 0.30644123845462895 0.03028827729789594 0.011972319698425871
1161 0.3394678084533032 0.2685311353443512 0.026963018198597234 0.008573917624907335
1161 0.29820126079734166 0.23820935683347164 0.013301036397194554 0.013593608294073967
1161 0.24755971314138012 0.20706737210203655 0.025400518198597233 0.008437216588148111
1161 0.2572758721483937 0.23934262987773094 0.028725777297895938 0.011835618661666557
1161 0.2629053084533032 0.26183278454314757 0.016626295496493172 0.01699201036759259
1161 0.21002014034699096 0.22892324825657365 0.013301036397194554 0.013593608294074055
1161 0.20010372224067874 0.1997729904808792 0.014963665946843906 0.015292809330833324
1161 0.12835913016795816 0.20370934330833307 0.028725777297895938 0.011835618661666648
1161 0.10813746530084845 0.23729353138560158 0.028525518198597277 0.008710618661666558
1161 0.17201949259874436 0.23345492337435153 0.016426036397194553 0.01386701036759259
1161 0.16880605259320705 0.3203787249294904 0.028525518198597277 0.008710618661666558
1161 0.16712363664636315 0.33437287441111074 0.028525518198597322 0.008710618661666558
1161 0.1423646661037274 0.3652032093781015 0.013301036397194554 0.013593608294073967
1161 0.15793960132890275 0.3673514697456941 0.013301036397194554 0.013593608294074055
1161 0.3109749637596889 0.40666612238486055 0.028625647748246587 0.010273118661666558
1161 0.24940640808416292 0.3989226814328698 0.026963018198597234 0.008573917624907423
1161 0.24147399213731902 0.41237002676745316 0.016426036397194643 0.01386701036759259
1161 0.432880242137319 0.42911590377046205 0.013401165946843818 0.015156108294074145
1161 0.4469928069121437 0.4295649631012954 0.016626295496493172 0.01699201036759259
1161 0.8329396013289028 0.4264063176256928 0.025500647748246764 0.00999971658814811
1161 0.8589316024086369 0.44989233576897975 0.02696301819859741 0.008573917624907423
1161 0.8608247694352149 0.4571286373241187 0.03008801819859741 0.00884731969842587
1161 0.8097023604282014 0.42123080207430397 0.014963665946844174 0.015292809330833278
1161 0.7912527490771494 0.4149028896331929 0.014963665946843818 0.015292809330833278
1161 0.7771902490771494 0.41367258030235965 0.01506379549649317 0.01685530933083328
1161 0.7520901195275 0.41304786371421154 0.01975129549649317 0.017265412441111037
1161 0.7116758706072341 0.43072408779523 0.025400518198597233 0.008437216588148111
1161 0.7097128524086369 0.43683738675847084 0.02852551819859741 0.008710618661666558
1161 0.708961880786267 0.44855613675847084 0.028525518198597232 0.008710618661666558
1161 0.708511297812845 0.4555873867584708 0.028525518198597232 0.008710618661666558
1161 0.7077102614156505 0.46808738675847084 0.028625647748246587 0.010273118661666558
1161 0.7072596784422285 0.4751186367584708 0.030188147748246585 0.01040981969842587
1161 0.7866770681709107 0.49856499015157246 0.016526165946843818 0.015429510367592414
1161 0.7733958181709106 0.49740303133911884 0.01506379549649317 0.01685530933083328
1161 0.827904043032483 0.5540234696992113 0.02852551819859741 0.008710618661666558
1161 0.722705403303801 0.5283215491995819 0.016626295496493172 0.016992010367592413
1161 0.6031345805094117 0.5430006209242582 0.01818879549649317 0.017128711404351904
1161 0.4886005135751188 0.49134179316731375 0.028525518198597232 0.008710618661666558
1161 0.48978228177371613 0.4851601436856935 0.02852551819859741 0.008710618661666558
1161 0.46237917258213235 0.5204729270975454 0.02852551819859741 0.008710618661666558
1161 0.4628495419527489 0.5008733265791656 0.028525518198597232 0.008710618661666558
1161 0.4438992828534502 0.5023579141380546 0.011738536397194466 0.013456907257314655
1161 0.4318801442045023 0.5060201563623602 0.013401165946843818 0.015156108294074145
1161 0.4197305976282749 0.49945779806828616 0.01506379549649317 0.01685530933083328
1161 0.3404634022240668 0.47366769467518444 0.022275518198597234 0.008163814514629664
1161 0.33935148519748876 0.4664997436384253 0.022275518198597234 0.008163814514629664
4489 0.35946372609819005 0.4714018571162956 0.013301036397194644 0.013593608294074144
1780 0.32118247609819006 0.4680526817156938 0.013301036397194644 0.013593608294074144
1780 0.32243409546880664 0.4485214317156938 0.013401165946843818 0.015156108294074145
4489 0.22585828655407808 0.37407921484472173 0.022275518198597234 0.008163814514629575
4489 0.1760783320505713 0.3540114311500459 0.016526165946843908 0.015429510367592592
1780 0.06974228717238692 0.5544714694628702 0.016526165946843883 0.015429510367592414
1780 0.09283862816537335 0.5250669334591201 0.028625647748246608 0.010273118661666558
1161 0.12060268276116522 0.5086408510840276 0.028725777297895938 0.011835618661666557
1161 0.12540080429125006 0.5318439052310644 0.028625647748246587 0.010273118661666558
1161 0.161007637264672 0.5278884285581478 0.013301036397194554 0.013593608294074144
1161 0.21117881555001702 0.5786300138079625 0.027063147748246585 0.010136417624907423
1161 0.18361502005352381 0.5919310961830551 0.028725777297895938 0.011835618661666557
1161 0.1737219810354356 0.7340502456646755 0.018188795496493215 0.017128711404351904
1161 0.23352658004798652 0.6835027329880087 0.02570090684754529 0.013124716588148112
1161 0.2908977914913236 0.6586681197929624 0.025801036397194554 0.014687216588148111
1161 0.3644947802325566 0.6258255169655085 0.025801036397194554 0.014687216588148111
1161 0.47212680753045255 0.6258145379835176 0.016426036397194466 0.01386701036759259
1161 0.5342868460871154 0.6611067804906471 0.022676036397194465 0.014413814514629664
1161 0.5850564065430035 0.5799148605566655 0.016426036397194466 0.013867010367592414
1161 0.6105897277962331 0.7086351828469895 0.02912629549649317 0.01808561866166656
1161 0.6999118460871154 0.6755970903871282 0.03028827729789594 0.011972319698425871
1161 0.7784175778885182 0.6887504927434707 0.016626295496493172 0.01699201036759259
1161 0.8550592234772963 0.6451754414711557 0.030288277297896116 0.011972319698425871
1161 0.6327861004060521 0.7545723994351377 0.025801036397194464 0.014687216588148111
1161 0.540549733194904 0.8085675408582397 0.022676036397194465 0.014413814514629664
1161 0.46437845697674207 0.8325429916121749 0.025801036397194464 0.014687216588148288
1161 0.5769075377906958 0.7928933141853228 0.022676036397194465 0.014413814514629664
1161 0.3590599013012161 0.8209719216309251 0.028926036397194554 0.014960618661666559
1161 0.34169192859911207 0.8100248597081936 0.03225129549649317 0.018359020735185184
1161 0.3175430297711313 0.7945563931200456 0.03225129549649317 0.018359020735185184
1161 0.30017505706902725 0.7836093311973141 0.02902616594684391 0.016523118661666558
1161 0.23377810148578632 0.7408757355799068 0.03225129549649317 0.018359020735185184
1161 0.27646744679770935 0.7980334161643049 0.013301036397194554 0.013593608294073967
1161 0.23712434454595596 0.7867350397269439 0.01506379549649317 0.01685530933083328
4489 0.25432233652639147 0.8125942021680549 0.02986677513842757 0.05388641762490742
4489 0.5688564034606844 0.8817507626301839 0.023477072794389108 0.026913814514629663
4489 0.6399501534606845 0.8879706598027302 0.02816457279438911 0.027323917624907424
4489 0.6905113579641913 0.9081067940157854 0.016626295496493172 0.01699201036759277
1780 0.10501965068290728 0.6046956448634719 0.016626295496493214 0.01699201036759259
4489 0.11687690546326927 0.517742449010509 0.025500647748246584 0.00999971658814811
4489 0.14343940546326928 0.5200663666354164 0.025400518198597278 0.008437216588148111
4489 0.17476974861572403 0.5338062378889811 0.015063795496493216 0.01685530933083328
4489 0.18885203501291858 0.5224681967014349 0.014863536397194555 0.013730309330833279
1780 0.24552353717238695 0.5698503360982865 0.02560077729789594 0.01156221658814811
1780 0.2627913803248417 0.582359898021018 0.016526165946843818 0.015429510367592592
1780 0.3026153439276471 0.5984141249767585 0.01975129549649317 0.017265412441111037
4489 0.2542057271779242 0.483404988171805 0.03028827729789594 0.011972319698425871
4489 0.3793058567275736 0.4927785711125455 0.03028827729789594 0.011972319698425871
4489 0.2416253840254695 0.47130552935935127 0.03185077729789594 0.012109020735185183
4489 0.6689655413344401 0.3248555051373135 0.02982720234403846 0.02902311866166656
4489 0.4090608127722398 0.35946778510879546 0.03028827729789594 0.011972319698425871
4489 0.40319274213731904 0.42651858407203624 0.016626295496493172 0.01699201036759259
4489 0.3543349375415272 0.4410992024508789 0.03008801819859732 0.00884731969842587
4489 0.3599340954688066 0.4518022565979159 0.014863536397194644 0.013730309330833279
4489 0.3422156693429299 0.4463239446751845 0.025400518198597233 0.008437216588148111
4489 0.34098383636950796 0.45328684415680487 0.025400518198597323 0.008437216588148111
4489 0.35386456817091066 0.4606988029692586 0.026963018198597234 0.008573917624907423
4489 0.30295291024363125 0.446031418756203 0.02560077729789594 0.011562216588147933
4489 0.30165122609819006 0.466343918756203 0.02570090684754529 0.013124716588147933
4489 0.27427719772056 0.4521645500945365 0.03028827729789594 0.011972319698425871
4489 0.26389041024363125 0.44261389283722163 0.03028827729789594 0.011972319698425871
4489 0.49028292952196273 0.4773476436856935 0.028625647748246587 0.010273118661666558
4489 0.7113452035806562 0.4236244872768505 0.03008801819859741 0.00884731969842587
4489 0.7117457217792534 0.4173744872768504 0.028525518198597232 0.008710618661666558
4489 0.7121963047526754 0.4103432372768504 0.02696301819859741 0.008573917624907423
4489 0.0945594193429299 0.4246568303488424 0.014963665946843886 0.015292809330833278
4489 0.14944717844222855 0.42631636663541633 0.03185077729789594 0.012109020735185183
4489 0.20789073411775458 0.4337864055138884 0.016626295496493172 0.01699201036759259
4489 0.20631774213731902 0.4092942534403699 0.016626295496493172 0.016992010367592413
4489 0.22138153763381227 0.39489956277120325 0.019851425046142523 0.01882791244111104
4489 0.1526408320505713 0.35196091559865705 0.030588665946843906 0.016659819698425872
4489 0.18052600015688353 0.3826832352970829 0.019651165946843907 0.01570291244111104
4489 0.15210061150793558 0.38491011663541636 0.028725777297895938 0.011835618661666557
4489 0.13630563078626698 0.3984552067862034 0.016526165946843908 0.015429510367592592
4489 0.092555630786267 0.39462757775694424 0.018088665946843885 0.015566211404351816
4489 0.12572787862679866 0.3551057479737497 0.016626295496493172 0.01699201036759259
4489 0.30358276835548076 0.38716426668268455 0.028625647748246587 0.010273118661666558
4489 0.31345841610372743 0.3801719729032401 0.028525518198597232 0.008710618661666647
4489 0.3185964990771494 0.37355082601351786 0.028625647748246587 0.010273118661666558
4489 0.32970397979881794 0.35959563275245304 0.01818879549649317 0.017128711404351814
4489 0.3184055343946098 0.339752024458379 0.013301036397194554 0.013593608294074055
4489 0.3185755151162783 0.32483992393999933 0.01506379549649317 0.01685530933083328
4489 0.28298846854005094 0.31622705009453644 0.028625647748246587 0.010273118661666558
4489 0.29678085826873307 0.3339319599437494 0.02696301819859732 0.008573917624907335
4489 0.30139850709671384 0.34769166357240683 0.025400518198597323 0.008437216588148111
1161 0.3001666741232919 0.35465456305402715 0.030088018198597234 0.00884731969842587
4489 0.2685767126799548 0.38174474335560127 0.013401165946843818 0.015156108294074055
4489 0.24405757403100684 0.3843133772858328 0.03653827729789594 0.012519123845462943
4489 0.20655757403100683 0.38103255240361067 0.03497577729789594 0.01238242280870363
4489 0.1674543036729412 0.3414724749294904 0.028525518198597277 0.008710618661666558
4489 0.1683554696197851 0.3274099749294904 0.026963018198597276 0.008573917624907423
4489 0.2565180012366177 0.4105436866166661 0.016626295496493172 0.01699201036759259
4489 0.4110133389904016 0.32899903510879547 0.016426036397194466 0.01386701036759259
4489 0.4124151526854921 0.3071240351087955 0.030188147748246585 0.01040981969842587
4489 0.48580258791066744 0.3143302338364805 0.028725777297895938 0.011835618661666557
4489 0.46858480953303727 0.3010394219137491 0.016526165946843818 0.015429510367592592
4489 0.3653794663805826 0.2810113029692585 0.027063147748246585 0.010136417624907334
4489 0.1967376927833145 0.16648203685222182 0.03028827729789594 0.011972319698425871
4489 0.18450900061830885 0.21019308063166625 0.028625647748246587 0.010273118661666558
4489 0.18970764034699097 0.22714613477870332 0.016426036397194553 0.01386701036759259
4489 0.1907485086378733 0.18638443374194408 0.03966327729789594 0.01279252591898139
4489 0.23815443476375 0.19446006536310137 0.016526165946843818 0.015429510367592592
4489 0.2639857495385747 0.19593438246962908 0.016526165946843908 0.015429510367592592
4489 0.314416546114802 0.20584591616430492 0.014963665946843818 0.015292809330833278
4489 0.29952273133997737 0.20532850631509197 0.01506379549649317 0.01685530933083328
4489 0.317201584671465 0.23594351927458268 0.016526165946843908 0.015429510367592592
4489 0.2907799845791799 0.2681996532048142 0.01818879549649317 0.017128711404351814
4489 0.19906285394979642 0.2405346915176385 0.03653827729789594 0.012519123845462943
4489 0.2993026858434842 0.22102185683347164 0.019951554595791877 0.02039041244111104
4489 0.341450613049095 0.24984948586273079 0.028725777297895938 0.011835618661666557
4489 0.3604101665651528 0.21144109674870298 0.013501295496493171 0.016718608294074056
4489 0.39272201881690616 0.22212431852064735 0.01662629549649326 0.01699201036759259
4489 0.4081467597176075 0.22661632888823996 0.01506379549649317 0.01685530933083328
4489 0.42455300971760745 0.2280516897742121 0.013301036397194644 0.013593608294073967
2233 0.35988973241971156 0.2318219472670826 0.016526165946843818 0.015429510367592592
4489 0.4171317334994457 0.2580419861455547 0.028725777297895938 0.011835618661666557
4489 0.474082640346991 0.25202572346888796 0.01975129549649317 0.017265412441111037
4489 0.47033707665190044 0.2736956719137491 0.016626295496493172 0.01699201036759259
4489 0.4827171607050566 0.2889201307262027 0.01975129549649317 0.017265412441111037
708 0.5862309893595418 0.2060576955236563 0.028926036397194467 0.014960618661666559
707 0.44446499151901014 0.23607880325208247 0.025801036397194464 0.014687216588148111
707 0.380492129088224 0.20455610970819368 0.025801036397194554 0.014687216588148111
707 0.37709701881690616 0.2207573081530548 0.024238536397194553 0.014550515551388888
707 0.38171466764488693 0.2345170117817122 0.022676036397194555 0.014413814514629664
707 0.40445126079734167 0.24750502733310106 0.020913277297895938 0.011152113477870351
707 0.3613428084533032 0.2704449498589808 0.019350777297895937 0.011015412441111039
707 0.33308740052602376 0.2577597306789345 0.022676036397194555 0.014413814514629664
707 0.31711194710225116 0.261861470311342 0.01945090684754529 0.012577912441111038
707 0.34111065160575793 0.27967368689949007 0.025901165946843906 0.01624971658814811
707 0.3118842265596154 0.29440056823782346 0.022676036397194642 0.014413814514629664
707 0.3104416425064593 0.2801330166826846 0.027363536397194556 0.014823917624907423
707 0.27206026295680996 0.27834634128208274 0.027463665946843907 0.016386417624907425
707 0.4781204958379469 0.32387132917106387 0.025801036397194464 0.014687216588148111
707 0.39462687538759617 0.31499532370444366 0.028926036397194644 0.014960618661666647
707 0.4221313116925057 0.3393992928844899 0.019350777297895937 0.011015412441111039
707 0.44232389574566183 0.3553072568807399 0.025801036397194464 0.014687216588148111
707 0.46481016502399325 0.3722015224321287 0.019350777297895937 0.011015412441111039
707 0.4146599706995193 0.3701708392558325 0.025801036397194464 0.014687216588148111
707 0.3490349706995192 0.3644293957119437 0.025801036397194645 0.014687216588148111
707 0.26053247763934956 0.3111198850615272 0.021113536397194554 0.014277113477870352
707 0.23943872763934956 0.30927442106527725 0.025801036397194554 0.014687216588148111
707 0.21663228331487558 0.3096360060322681 0.025901165946843906 0.01624971658814811
707 0.19102101403654415 0.29246833840736075 0.019450906847545246 0.012577912441111038
707 0.15739578809523758 0.21646291300675893 0.025801036397194554 0.014687216588148111
707 0.1314643437707636 0.2165510959002312 0.025801036397194554 0.014687216588148111
707 0.18172635718899888 0.3026539827051848 0.025801036397194554 0.014687216588148111
707 0.1927942651162783 0.3138354904808792 0.022676036397194555 0.014413814514629664
707 0.8320780081764478 0.41533211658893354 0.02580103639719482 0.014687216588148111
707 0.8622265831303053 0.4352536373241187 0.025901165946844173 0.01624971658814811
707 0.8723735387135463 0.47306599561819274 0.02580103639719482 0.014687216588147933
707 0.8160746715023983 0.5302052608867577 0.02736353639719482 0.014823917624907423
707 0.790974541952749 0.5295805442986096 0.022676036397194465 0.014413814514629664
707 0.8378903123108146 0.5698241269565261 0.022676036397194465 0.014413814514629664
707 0.7567695226744174 0.5116610209715262 0.025801036397194464 0.014687216588148111
707 0.6925067635751189 0.5091812784643968 0.028926036397194467 0.014960618661666559
707 0.6451008374492421 0.5011056468432394 0.025801036397194464 0.014687216588148111
624 0.5713431624030996 0.511936548633934 0.057451554595791876 0.023671237323333115
707 0.6000014836563292 0.6409302729977766 0.021113536397194467 0.014277113477870352
707 0.576974993835362 0.656985208483147 0.025801036397194464 0.014687216588148111
707 0.5142444563584332 0.642855066494397 0.025801036397194464 0.014687216588148111
707 0.49054614050387446 0.6203553499062491 0.025801036397194464 0.014687216588147933
707 0.3975051442045023 0.5030127335536566 0.022676036397194555 0.014413814514629664
707 0.30844503933185524 0.6177792796421753 0.025801036397194645 0.014687216588148111
707 0.28335420419896495 0.5802307614988883 0.025801036397194645 0.014687216588148111
707 0.24292016888150458 0.6104753360982864 0.025801036397194554 0.014687216588148111
707 0.23054008482834848 0.5952508772858328 0.025801036397194645 0.014687216588148111
707 0.39315880321151586 0.5340576819985177 0.025801036397194554 0.014687216588148111
707 0.37892392736249436 0.4251809680022678 0.024238536397194553 0.0145505155513888
707 0.36196696483942314 0.4323393571162956 0.027363536397194556 0.014823917624907423
707 0.29213532619047516 0.4309436609805086 0.025801036397194554 0.014687216588148111
707 0.3470521661037274 0.3831110451935641 0.025801036397194554 0.014687216588148111
707 0.35474475015688356 0.39792540089574 0.019350777297895937 0.011015412441111039
707 0.3020622362772229 0.4844493697929623 0.025801036397194554 0.014687216588148111
707 0.3124070558324095 0.3965782229032401 0.025801036397194645 0.014687216588148111
707 0.2834507410575849 0.3948305037231939 0.025801036397194554 0.014687216588148111
707 0.2840713047526754 0.37288715320481425 0.022676036397194555 0.014413814514629576
707 0.2033522308785521 0.3697532998117125 0.022676036397194555 0.014413814514629576
707 0.18313986042820138 0.3664136863338422 0.025801036397194554 0.014687216588148111
707 0.27658137492617085 0.4775063026864347 0.01945090684754529 0.012577912441111038
707 0.20678930907161203 0.45097390551388844 0.019350777297895937 0.011015412441111039
707 0.17751162168696838 0.4052027842603237 0.025801036397194554 0.014687216588148111
707 0.18197907619047515 0.4213062378889811 0.025801036397194554 0.014687216588148111
707 0.20344426357511886 0.46639385395874955 0.025801036397194554 0.014687216588148111
707 0.17608072717792425 0.4765699363338422 0.019450906847545246 0.012577912441111038
707 0.1582516795219627 0.4482986733743514 0.027363536397194556 0.014823917624907423
707 0.12518765808416293 0.388054949010509 0.019350777297895937 0.011015412441111039
707 0.11584293646179303 0.39902184330833307 0.025801036397194554 0.014687216588148111
707 0.09102340916389709 0.4062779772385646 0.019350777297895937 0.011015412441111039
707 0.13628584438907243 0.41102355730458306 0.019350777297895937 0.011015412441111039
707 0.2726739273624944 0.41588529750263825 0.02247577729789594 0.011288814514629663
707 0.07640329735141974 0.5731237246466664 0.025801036397194554 0.014687216588147933
707 0.12739529843115388 0.5987969593781015 0.024238536397194553 0.0145505155513888
707 0.7409781346437784 0.7090438688980077 0.022676036397194465 0.014413814514629664
707 0.7303317288759672 0.7403232631958317 0.022676036397194465 0.014413814514629664
707 0.6498419949150962 0.6845722577292117 0.024238536397194466 0.0145505155513888
707 0.6651468198689537 0.7031951186151838 0.025801036397194464 0.014687216588148111
707 0.6379532641934277 0.6984591004718969 0.025801036397194645 0.014687216588148111
707 0.5717472732927262 0.6895243064096285 0.025801036397194464 0.014687216588148111
707 0.6647382048172739 0.8076481727622209 0.025801036397194464 0.014687216588148288
707 0.6299021298634164 0.787316548916758 0.022676036397194465 0.014413814514629664
707 0.6056833798634165 0.7851976828469894 0.022676036397194465 0.014413814514629664
707 0.5528296876984108 0.8253544996706932 0.025801036397194464 0.014687216588148288
707 0.5563959762550736 0.8555204532993507 0.025801036397194645 0.014687216588148288
707 0.4427840592284955 0.838510027615925 0.025801036397194464 0.014687216588148288
707 0.25507091302140844 0.6783169469842587 0.025801036397194554 0.014687216588148111
707 0.2804132695920985 0.7732384677194438 0.025801036397194554 0.014687216588148111
707 0.20076534238648763 0.7411300138079625 0.025801036397194554 0.014687216588148111
707 0.1985834762550736 0.8242159158814811 0.025901165946843906 0.016249716588148288
4204 0.8154376280084898 0.2213968974088873 0.050700906847545114 0.015311933176296222
2743 0.7363509053063858 0.2050501445341652 0.028926036397194467 0.014960618661666559
3303 0.6527874336840158 0.20952373958592468 0.035176036397194466 0.01550742280870363
2385 0.7422714358434842 0.25977660075472075 0.3465536273901808 0.0738242280870364
2381 0.7391371414267252 0.29642700023634116 0.3406645727943893 0.054664124976758544
2497 0.5628156708840895 0.3139973346376841 0.023677331893687814 0.030038814514629576
3680 0.817543941242155 0.3724221551845817 0.019651165946843817 0.01570291244111104
2634 0.8597140499723135 0.5112399388792574 0.03864099784053181 0.045331623845462944
3688 0.6279016479051301 0.41396723181023026 0.01945090684754529 0.012577912441111038
3637 0.7888847085179016 0.7093070005191651 0.019450906847545114 0.012577912441111038
2698 0.7693534585179016 0.7075982375596743 0.02131379549649317 0.01740211347787035
3659 0.718221755094129 0.7086242038649985 0.019350777297895937 0.011015412441111039
3439 0.6971280050941291 0.7067787398687486 0.019551036397194466 0.014140412441111038
3715 0.8921703948228112 0.7403409699820352 0.01975129549649317 0.017265412441111037
2318 0.8898674151808766 0.7762784699820353 0.021653756939830515 0.046952912441111036
3687 0.793052971936137 0.7913772067397206 0.019551036397194643 0.014140412441111038
4387 0.7727404719361369 0.7896000932618502 0.01975129549649317 0.017265412441111037
3655 0.694143905001844 0.741085389350369 0.028926036397194467 0.014960618661666559
2409 0.6942242481542987 0.7520912398687486 0.06935077729789593 0.01538984561740726
2699 0.5761445905315611 0.19181953826634146 0.03185077729789594 0.012109020735185095
4205 0.5152070905315611 0.1864881978327305 0.022676036397194465 0.014413814514629576
4375 0.46208209053156113 0.18184036258291575 0.03507590684754529 0.01394492280870363
4236 0.4066133405315611 0.17698747577796217 0.024138406847545292 0.012988015551388843
4337 0.3495320257567364 0.17277913793624933 0.022676036397194555 0.014413814514629576
3490 0.5717041078073077 0.5308232496706933 0.021213665946843818 0.01583961347787035
3439 0.5521728578073077 0.5291144867112025 0.02287629549649317 0.017538814514629665
3658 0.555109288252121 0.6181475924133786 0.01975129549649317 0.017265412441111037
3657 0.38082998149686087 0.5793312257779621 0.03185077729789594 0.012109020735185183
1455 0.42708681292912337 0.7279341125829157 0.37804106415651584 0.22573804260166597
3649 0.364789467155775 0.8418995762963417 0.03653827729789594 0.012519123845462943
3670 0.3013646360280543 0.15206680527833275 0.03028827729789594 0.011972319698425871
2825 0.3013949144056844 0.16385390579671238 0.07111353639719456 0.018651546654166528
3654 0.17804733806755096 0.654294395146296 0.021413925046142524 0.018964613477870172
2411 0.1745823766242139 0.6838451941095366 0.022315090992986432 0.03302711347787035
2628 0.0417908605850849 0.7209365080585183 0.053420598394242055 0.25171832488222207
4301 0.9215479256644514 0.257391768945276 0.022475777297896116 0.011288814514629575
4301 0.9185941039497966 0.303485518945276 0.020913277297896115 0.011152113477870351
135 0.7923553716869683 0.458994642225091 0.061577850092285044 0.03956963939685174
186 0.7146239905961596 0.6053918971260634 0.10813147748246621 0.08714726842611106
141 0.4020868129291234 0.7257468959947676 0.15833173658176475 0.09464670160240711
133 0.420521142045034 0.4626023470315269 0.048677331893687815 0.032226031102777594
169 0.08334371221852946 0.5383775777569443 0.03517603639719458 0.01550742280870363
160 0.15631084284791294 0.564402127003009 0.03577681369509049 0.024882422808703807
707 0.23824526989664027 0.22982136691824023 0.019350777297895937 0.011015412441111039
711 0.8868251534606845 0.9095694236106926 0.04192668414544123 0.023866726955740703