722 0.5888266577726033 0.9448247340748374 0.10494337955902786 0.08292812406898661
724 0.7515805777004853 0.9663111473307943 0.11435474715020835 0.06737770533841143
1501 0.6659522022255201 0.9578020771265774 0.06500805737069441 0.043608758891340214
1498 0.5109744147064577 0.9294672537195444 0.06199216014423605 0.04815070967712849
1567 0.4541613702535409 0.9174359805601806 0.06191942496187508 0.04502570967712849
1570 0.398111392005034 0.9062223447043698 0.06195579255305557 0.04658820967712849
1568 0.3428062961653465 0.8966075961521118 0.05879442496187508 0.04488016046291676
1569 0.2883006341212493 0.8862479849034068 0.06191942496187508 0.04502570967712849
1307 0.13415799477857565 0.88923593610348 0.1395742591180557 0.16258139081820958
1336 0.18364372891409703 0.24161822745980874 0.12925631458888906 0.25574919396136275
1336 0.2424043991263194 0.06916533870851375 0.1433162017473612 0.12217471463952716
1336 0.4656964287615971 0.08582210752465136 0.14673214247680572 0.13482026385373888
1297 0.8960501970946178 0.41323024751429144 0.09309930262104196 0.17758565260503384
1452 0.7455027235957635 0.530571797142788 0.21555487765916687 0.1411473465663967
1317 0.8348145710509716 0.7928235481762453 0.07332970364722229 0.06584763192686935
1452 0.7777307292953467 0.6916206131062227 0.10465243882958344 0.07042812406898662
1324 0.5666477589306245 0.6880460411469318 0.09582425911805573 0.16054370181924577
1303 0.5817623062333327 0.7779090618250963 0.07096711664125 0.03139985731976367
1294 0.41719653885024266 0.48947149234700493 0.37231271751493067 0.10318508188408818
1291 0.2614219303771178 0.3273609824222075 0.05403549620027785 0.1086515620344933
1286 0.4723081450422568 0.1713786178637336 0.37591049620027783 0.1236431310982999
1336 0.7168575788378471 0.18198659387580027 0.11086607123840295 0.06915672249741003
1452 0.42507981440145787 0.5876007772931929 0.0918978656913195 0.058908427212139715
1452 0.21628473622920086 0.6537393918516669 0.0918978656913195 0.058908427212139715
1452 0.27337902935093733 0.2168601300648426 0.08448540919430556 0.0757320541766104
1452 0.19043532351951353 0.4202526497095498 0.07449216014423614 0.0487329065339754
1452 0.11603473556361074 0.42460835587202156 0.048983013867708355 0.025693512820281584
1452 0.41095884375239516 0.7910703796505578 0.023801175911805573 0.016716619106587772
1452 0.3378486520730202 0.7735874731165826 0.028634146276527873 0.02318494292790536
1452 0.24675152659805494 0.7560489086008899 0.036337543502986146 0.018861315963434676
1452 0.22729235857003408 0.7856443633156196 0.03179551386770836 0.024892992142117265
1452 0.19875043769222162 0.7350428957806083 0.03499324905006951 0.028163541356328814
1452 0.4182998714878119 0.7444864780789813 0.023801175911805573 0.016716619106587772
1452 0.36928179644968695 0.6999701906515938 0.023801175911805573 0.016716619106587772
1452 0.11913828571611063 0.5936858416039978 0.020676175911805574 0.016571069892376045
1452 0.17747419652593685 0.7755030758882322 0.036337543502986146 0.018861315963434676
1452 0.11779464447357593 0.5506079296933392 0.023801175911805573 0.016716619106587772
1452 0.254713416225069 0.5483819578151016 0.023801175911805573 0.016716619106587772
1452 0.22597016717499954 0.5736345148871962 0.02536367591180557 0.016789393713693812
1452 0.8524846478920484 0.26885950930111574 0.05072735182361114 0.033578787427387444
1452 0.6960352793509373 0.23654566128697704 0.03179551386770836 0.024892992142117175
1292 0.7711781368741317 0.3683093916422699 0.08833645459715278 0.040012877997927986
1296 0.7389280281166664 0.4098226495001528 0.06940461664125 0.031327082712657627
1274 0.8170166605254858 0.41502387985544564 0.04309668977951411 0.04102741439185813
1323 0.8313895914712844 0.33513732671229246 0.044659189779513754 0.04110018899896399
1295 0.5569500230826733 0.46626093237942623 0.043133057370694415 0.04258991439185813
4466 0.6698980858686104 0.7882708271265774 0.042769381458888846 0.02696491439185813
4466 0.2816889178405896 0.8006914745643247 0.04284211664125 0.03008991439185813
4466 0.11172190995680491 0.7779152923897861 0.04433188145888889 0.027037688998964172
4466 0.10487315112308968 0.7361451693542569 0.03964438145888893 0.026819365177646402
4466 0.733643728914097 0.2672348891610706 0.041170513867708355 0.025329639784752268
4489 0.8035925530022915 0.28613474648083415 0.060320557370694416 0.043390435070022625
4489 0.8954527446816665 0.3044909483000797 0.06344555737069442 0.04353598428423426
1780 0.7866609325613193 0.20713645119556384 0.030342116641249993 0.029507717535011312
1780 0.816275697378958 0.21164416873057515 0.028779616641249818 0.02943494292790545
1161 0.8555921173068401 0.2361561712117745 0.04891027868534721 0.022568512820281585
1161 0.8545381103729859 0.24783853390822158 0.0299784407294446 0.013882717535011224
1161 0.9186908761405554 0.28054618010311466 0.028779616641249818 0.02943494292790545
1161 0.891456228914097 0.27458512447876215 0.028706881458888844 0.02630994292790536
1161 0.7855153534391317 0.2563552011955638 0.027217116641249994 0.029362168320799586
1161 0.8112238682567707 0.2606809822128105 0.030269381458888845 0.026382717535011313
1452 0.5992505451185067 0.2617575229499668 0.05072735182361114 0.033578787427387444
2233 0.8980160066495138 0.22796483560363265 0.03157730832062526 0.015517992142117087
2233 0.9005591251906248 0.25311038481784437 0.01755117591180557 0.016425520678164496
2233 0.8857699265773956 0.25007527605033875 0.01755117591180557 0.016425520678164406
2233 0.8110426835112499 0.2348633449092576 0.014389808320624909 0.01471747146395277
2233 0.7977978011024305 0.23268226074885776 0.014389808320625086 0.01471747146395277
2233 0.6852425965052775 0.26341637634078896 0.014389808320624909 0.01471747146395277
2233 0.6976880451185068 0.2663423231976358 0.014389808320625086 0.01471747146395277
2233 0.6177284413950346 0.2407194309316842 0.026817073138263935 0.012174668320799498
2233 0.6852783108860762 0.2954840136443419 0.02074891109416672 0.01969606989237622
2233 0.7085157891345831 0.30516938275092975 0.016025043502986235 0.017915246071058634
2233 0.7241044215434025 0.3074596288219883 0.017587543502986237 0.017988020678164497
2233 0.7513390687698609 0.31342068444634086 0.01755117591180557 0.016425520678164406
2233 0.779663437310972 0.33976701467779924 0.017587543502986237 0.017988020678164497
2233 0.7390929886977429 0.33553112489304693 0.029978440729444424 0.013882717535011312
2233 0.7241037683330205 0.34108976612554126 0.0284159407294446 0.01380994292790536
2233 0.6397112377478122 0.3043110500382721 0.020603440729444422 0.013446069892376223
2233 0.8460885243169443 0.30844854817624523 0.01758754350298588 0.017988020678164407
2233 0.38386258767156234 0.20792823986580555 0.02074891109416672 0.019696069892376135
2233 0.2835872178961803 0.34950996422524244 0.01755117591180557 0.016425520678164496
2233 0.29837641650940944 0.35254507299274807 0.017514808320625 0.014863020678164408
2233 0.2544075577519441 0.393512521297337 0.019113675911805572 0.01649829528527036
2233 0.2723756545415622 0.42797956658260733 0.026817073138263935 0.012174668320799498
2233 0.2519176841768399 0.43328349669023114 0.029978440729444424 0.013882717535011224
2233 0.21636269709461775 0.3815732934232435 0.017587543502986146 0.017988020678164407
2233 0.20126437395635383 0.3918194346557378 0.02074891109416672 0.01969606989237622
2233 0.16770699154753438 0.3886922806029619 0.031577308320625 0.015517992142117177
2233 0.17132295402847192 0.3677440798171736 0.026817073138263935 0.012174668320799586
2233 0.11785246191225665 0.38011349317557447 0.029978440729444424 0.013882717535011224
2233 0.129788764248958 0.4049144400324213 0.020748911094166676 0.01969606989237622
2233 0.22103070687826348 0.4498331418516669 0.01758754350298606 0.017988020678164317
2234 0.23176818512677047 0.4589363141014079 0.014462543502986147 0.01784247146395259
2233 0.28588872141156196 0.6538528618678775 0.029942073138263935 0.012320217535011224
2233 0.27685856031739525 0.6722026015287954 0.029942073138263935 0.012320217535011224
2233 0.2741511344055897 0.6877184396181365 0.02521820554708336 0.010539393713693812
2233 0.31239601681440915 0.6910639174922301 0.01755117591180557 0.01642552067816432
2233 0.3122290966021868 0.8662458540099948 0.01755117591180557 0.016425520678164673
2233 0.061050415940728554 0.7372324803552928 0.01755117591180557 0.01642552067816432
2233 0.0836878289347563 0.7726990994618808 0.019150043502986124 0.01806079528527036
2233 0.36909669244187426 0.8759333771693584 0.017587543502986146 0.017988020678164674
2233 0.42436542069038125 0.8871106257216164 0.020748911094166544 0.019696069892376045
2233 0.48043358273447845 0.8975430115774273 0.01755117591180557 0.01642552067816432
2233 0.5287256123697561 0.9060490243977088 0.020748911094166544 0.019696069892376045
2233 0.5872472803977771 0.8782729348606256 0.031540940729444425 0.013955492142117266
2233 0.5995108910551035 0.8890113817174725 0.029978440729444424 0.01388271753501158
2233 0.6828675985020478 0.9366912105011889 0.015988675911805573 0.01635274607105828
2233 0.7460767665300687 0.909133444785423 0.029942073138263935 0.01232021753501158
2233 0.7583767447785756 0.9183093916422699 0.03157730832062491 0.015517992142117265
2233 0.6507129811952078 0.7388872572342011 0.02521820554708327 0.010539393713693812
2233 0.6501135691511106 0.7310383699306481 0.029942073138263935 0.012320217535011224
2233 0.6527300760849647 0.719428781841307 0.0299784407294446 0.013882717535011224
2233 0.6544744140408675 0.7116890564484128 0.029978440729444424 0.013882717535011224
2233 0.6109783339687495 0.7323440047530017 0.028415940729444422 0.01380994292790554
2233 0.6111783557202425 0.7237502547530017 0.029942073138263935 0.012320217535011224
2233 0.6153391788585064 0.7129946912707664 0.029942073138263935 0.012320217535011224
2233 0.6155210168144092 0.7051821912707664 0.03310344072944442 0.01402826674922295
2233 0.6176653982732981 0.6802549658778723 0.026817073138263935 0.012174668320799498
2233 0.6178836038203814 0.6708799658778724 0.028379573138263937 0.012247442927905538
2233 0.6189376107542356 0.6591976031814252 0.029942073138263935 0.012320217535011224
2233 0.6222262649145481 0.6523119023956369 0.02685344072944442 0.013737168320799497
1780 0.6313090177643398 0.7325088246453779 0.016025043502986235 0.017915246071058634
1780 0.634125546449687 0.7123054865560366 0.012900043502986236 0.017769696856846907
1780 0.636469949660069 0.6787845111631425 0.014462543502986236 0.01784247146395259
1780 0.6392682945498258 0.6593624230738013 0.014462543502986236 0.01784247146395259
1780 0.6566369792953466 0.6859805810555187 0.0299784407294446 0.013882717535011224
1780 0.6568188172512495 0.6781680810555187 0.02521820554708327 0.010539393713693812
1780 0.6586358903895133 0.6673033556626246 0.029942073138263935 0.012320217535011224
1780 0.6603984121410065 0.6587823802697305 0.029942073138263935 0.012320217535011224
2233 0.6061135684855203 0.5045272198068137 0.02834320554708327 0.010684942927905361
2233 0.607058472645833 0.4975323571103666 0.02834320554708327 0.010684942927905361
2233 0.6079851930105551 0.49131874441391954 0.02521820554708327 0.010539393713693812
2233 0.6096931633752775 0.4851415190210254 0.031504573138263936 0.012392992142117264
2233 0.6098568175355898 0.4781102690210254 0.02834320554708327 0.010684942927905538
2233 0.6123460379003122 0.4719694309316841 0.026780705547083273 0.010612168320799498
2233 0.6125096920606247 0.4649381809316841 0.02834320554708327 0.010684942927905538
2233 0.6150716476077079 0.455672342842343 0.03313980832062491 0.01559076674922295
2233 0.48138501899861075 0.5542467758454509 0.014389808320624909 0.01471747146395277
2233 0.4689213865897912 0.5521020789886041 0.014389808320624909 0.014717471463952591
2233 0.7865108897239234 0.4487974123204344 0.01751480832062491 0.014863020678164317
2233 0.7740472573151038 0.4466527154635875 0.012827308320625086 0.014644696856846906
2233 0.7623648749062844 0.4445444059102936 0.014426175911805571 0.016279971463952592
2233 0.7499012424974649 0.4423997090534467 0.014426175911805571 0.01627997146395277
2233 0.7374376100886455 0.4402550121965998 0.014462543502986236 0.01784247146395259
2233 0.7249739776798261 0.438110315339753 0.014462543502986236 0.01784247146395277
2233 0.7125285290665969 0.43518436848290615 0.014462543502986236 0.01784247146395259
2233 0.6773904628621872 0.4327656898230243 0.01755117591180557 0.016425520678164496
2233 0.662601264248958 0.4297305810555187 0.01755117591180557 0.01642552067816432
2233 0.6462495656357289 0.4266226976809072 0.016025043502986235 0.017915246071058634
2233 0.5978666170224998 0.42202293486062564 0.0206034407294446 0.013446069892376044
2233 0.5892183156357288 0.4239664245215433 0.020603440729444422 0.013446069892376044
2233 0.6876928364372914 0.39335858746565944 0.01755117591180557 0.016425520678164406
4489 0.6322234332269094 0.4244052262169545 0.01755117591180557 0.016425520678164496
1345 0.6210365857717013 0.16579220553879 0.07242051386770836 0.026785131926869443
1161 0.6608497409788535 0.807401816787495 0.029978440729444424 0.013882717535011224
1161 0.6149566659407285 0.7630310785743193 0.04887391109416672 0.021006012820281583
1161 0.3834332557964924 0.7976093240262054 0.029942073138263935 0.012320217535011224
1161 0.3925361520730202 0.7761345843652876 0.017514808320625085 0.014863020678164317
1161 0.3978055335319091 0.7513529081866052 0.01758754350298606 0.017988020678164317
1161 0.40790788535552025 0.7205395558292402 0.015988675911805573 0.016352746071058633
1161 0.31332208396874944 0.7184804420993359 0.03157730832062509 0.015517992142117087
1161 0.30231119557600633 0.7547261571531478 0.02678070554708336 0.010612168320799498
1161 0.2557446668906591 0.772891806243525 0.014389808320625086 0.014717471463952591
1161 0.1998395057964924 0.7890583076912672 0.02521820554708336 0.010539393713693812
1161 0.21613730623333272 0.7608798037623258 0.029978440729444424 0.013882717535011224
1161 0.22678451871427022 0.7402590887085138 0.017587543502986146 0.017988020678164317
1161 0.16849924002892297 0.757878928245597 0.014389808320624997 0.01471747146395277
1161 0.1522559909788535 0.7837136821745384 0.015988675911805573 0.016352746071058633
1161 0.08397876966420074 0.7601990994618808 0.029978440729444465 0.013882717535011224
1161 0.07157034185253412 0.722080515301481 0.02834320554708336 0.010684942927905538
1161 0.13285268075836743 0.7437051122821623 0.017514808320625 0.014863020678164317
1161 0.14891539827329808 0.6584225837461151 0.02834320554708336 0.010684942927905361
1161 0.15002395659392306 0.6443964710496679 0.02834320554708336 0.010684942927905361
1161 0.13367291119107588 0.6076584503715035 0.014389808320624997 0.014717471463952591
1161 0.14926154359989532 0.6099486964425621 0.014389808320624997 0.01471747146395277
1161 0.30560246257784673 0.6133199071531479 0.029942073138263935 0.012320217535011224
1161 0.24481043294256893 0.6042316974760193 0.026780705547083273 0.010612168320799498
1161 0.23968717505878426 0.589133236351149 0.017514808320625 0.014863020678164317
1161 0.42891267600871474 0.6245378511145105 0.014426175911805571 0.016279971463952592
1161 0.4421211908263537 0.6282814352749103 0.017587543502986237 0.017988020678164317
1161 0.8150482381290619 0.7348098409803161 0.026817073138263935 0.012174668320799498
1161 0.8458988478364577 0.7198226958188803 0.026780705547083273 0.010612168320799498
1161 0.8491875019967703 0.712936995033092 0.029942073138263935 0.012320217535011224
1161 0.7916107381290619 0.7337182218737283 0.015988675911805573 0.016352746071058633
1161 0.7720249367422911 0.7351522892849051 0.015988675911805573 0.016352746071058633
1161 0.7580169881290619 0.7321535678209523 0.016025043502986235 0.017915246071058634
1161 0.7339073409026036 0.7263380614108115 0.02074891109416672 0.019696069892376045
1161 0.6985880899526731 0.6981017454473768 0.02521820554708327 0.010539393713693812
1161 0.6979523103173954 0.6918153581438239 0.02834320554708327 0.010684942927905361
1161 0.6997875672512495 0.6801693827509296 0.02834320554708327 0.010684942927905538
1161 0.701513721411562 0.6732109073580356 0.02834320554708327 0.010684942927905538
1161 0.7033671621410065 0.6607836819651414 0.029942073138263935 0.012320217535011224
1161 0.7042938825057286 0.6545700692686944 0.0315409407294446 0.013955492142117266
1161 0.7864524190748605 0.652921986141752 0.01755117591180557 0.01642552067816432
1161 0.7732075366660413 0.650740901981352 0.016025043502986235 0.017915246071058634
1161 0.8390513954235065 0.6107922981762453 0.02834320554708327 0.010684942927905361
1161 0.7312207116279161 0.6065521002859411 0.017587543502986237 0.017988020678164317
1161 0.6188850189986107 0.5606509412707664 0.019150043502986235 0.01806079528527036
1161 0.496446321335312 0.5791932719165095 0.02834320554708327 0.010684942927905538
1161 0.49630085097058974 0.5854432719165095 0.02834320554708327 0.010684942927905538
1161 0.4777151583412843 0.5439085893276863 0.02834320554708327 0.010684942927905538
1161 0.4741355634515273 0.5632942901134745 0.02834320554708327 0.010684942927905538
1161 0.4555128500206592 0.5569522448282044 0.012827308320624908 0.014644696856846906
1161 0.4447208203853815 0.5501928225784634 0.014426175911805571 0.016279971463952592
1161 0.4321480852030204 0.5527356257216164 0.01602504350298606 0.017915246071058634
1161 0.3491537472471176 0.556691071545006 0.022093205547083362 0.010393844499482085
1161 0.3466463430868051 0.5636131596343471 0.022093205547083362 0.010393844499482085
4489 0.3669770268823954 0.5637779795267234 0.014389808320625086 0.01471747146395277
1780 0.3296043134515273 0.5565626389561829 0.014389808320624997 0.014717471463952591
1780 0.32602471856177034 0.5759483397419711 0.014426175911805571 0.016279971463952592
4489 0.21624902184840228 0.6216717545481141 0.022093205547083272 0.010393844499482085
4489 0.1637052500969092 0.6278275552100677 0.01755117591180557 0.01642552067816432
1780 0.10553364665777745 0.4053489336222805 0.01755117591180557 0.016425520678164496
1780 0.1211398096518052 0.44048806699689197 0.029942073138263893 0.012320217535011224
1161 0.1440681633752774 0.46345468610347995 0.029978440729444465 0.013882717535011224
1161 0.1539523096518052 0.44201633374611504 0.029942073138263893 0.012320217535011224
1161 0.18803636892236075 0.45611737510244393 0.014389808320624997 0.014717471463952591
1161 0.2475211249062844 0.42056517286891354 0.028379573138263937 0.012247442927905538
1161 0.22375696979604137 0.39990591645877277 0.029978440729444424 0.013882717535011312
1161 0.24656130300229145 0.260190599047596 0.019150043502986148 0.01806079528527027
1161 0.2927628493550692 0.3249102245643246 0.026889808320624996 0.015299668320799587
1161 0.34267127716673584 0.364775399295265 0.026926175911805572 0.0168621683207995
1161 0.4063876318401386 0.41623304549015805 0.026926175911805572 0.0168621683207995
1161 0.5105114341768399 0.4453276941662505 0.01751480832062491 0.014863020678164496
1161 0.5789711466577774 0.4273996395753553 0.023801175911805573 0.016716619106587772
1161 0.6096743263693052 0.5195529063245783 0.017514808320625085 0.014863020678164317
1161 0.6632376970946178 0.4023868310555187 0.030123911094166723 0.020132717535011224
1161 0.7424881327900691 0.4584784733214704 0.03157730832062491 0.015517992142117265
1161 0.8212852800165275 0.4668410909803161 0.017587543502986237 0.017988020678164497
1161 0.885510127756076 0.5300538744787622 0.03157730832062491 0.015517992142117265
1161 0.695415070669722 0.36399857319763584 0.026926175911805572 0.016862168320799585
1161 0.6182180974552082 0.28688595553879004 0.023801175911805573 0.01671661910658786
1161 0.5496324048259026 0.24302248552257938 0.026926175911805572 0.016862168320799585
1161 0.6497038335874998 0.3118153349844601 0.023801175911805573 0.01671661910658786
1161 0.44523584555534707 0.22564658684648692 0.03005117591180557 0.01700771753501131
1161 0.4255409413950345 0.23176815425766373 0.03328527868534721 0.021840766749222952
1161 0.3987602358479512 0.23990598593686413 0.033285278685347294 0.02184076674922304
1161 0.37984658168763874 0.24606394065159387 0.030087543502986057 0.018570217535011223
1161 0.30579083263756923 0.26920603411761856 0.03328527868534721 0.021840766749222952
1161 0.3599886765773957 0.22558662075921773 0.014389808320625086 0.01471747146395277
1161 0.3193091251906248 0.22603823097446538 0.01602504350298615 0.017915246071058634
4489 0.3416750876715623 0.20596332547394738 0.0340853656913195 0.05621576674922295
4489 0.6619148524892012 0.2240071199306482 0.025654616641249996 0.029289393713693723
4489 0.7320091469421179 0.23665697725041177 0.030342116641249993 0.029507717535011312
4489 0.7853159848980207 0.23131881389201095 0.01758754350298606 0.017988020678164497
1780 0.15101045402847194 0.36679800992479744 0.017587543502986146 0.017988020678164497
4489 0.14272386892236072 0.45400691149637407 0.02681707313826389 0.012174668320799498
4489 0.1692136337399996 0.45836907981717356 0.02521820554708336 0.010539393713693812
4489 0.20217160410472185 0.4536473465663966 0.01602504350298615 0.017915246071058634
4489 0.21356304578409685 0.46825565611969056 0.015952308320625087 0.014790246071058633
1780 0.27918869899447885 0.4376820523145836 0.02685344072944442 0.013737168320799497
1780 0.2989017869503816 0.43077923490340686 0.01755117591180557 0.016425520678164496
1780 0.3404716911106941 0.42567651199171214 0.02074891109416672 0.019696069892376045
4489 0.26779529768395793 0.5239641546719485 0.03157730832062509 0.015517992142117265
4489 0.3907963865897912 0.5484633486333113 0.03157730832062509 0.015517992142117087
4489 0.2535327759324648 0.5319029332079956 0.03313980832062509 0.01559076674922295
4489 0.6339060344818396 0.7889407611631425 0.03194098423243048 0.031142992142117264
4489 0.3899579723614925 0.68529126054397 0.031577308320625 0.015517992142117087
4489 0.3993160949866662 0.6192488835794994 0.017587543502986146 0.017988020678164317
4489 0.35536672644555506 0.5921748072769824 0.029942073138263935 0.012320217535011224
4489 0.3633974319926384 0.5831636803125116 0.015952308320625087 0.014790246071058633
4489 0.34461106440145783 0.5838528850272413 0.02521820554708336 0.010539393713693812
4489 0.34557415235736066 0.5760767723307942 0.02521820554708336 0.010539393713693812
4489 0.359727571335312 0.572825493794747 0.02678070554708336 0.010612168320799498
4489 0.3065298361529509 0.5734761571531479 0.02685344072944442 0.013737168320799497
4489 0.3101276148382982 0.5533092063673596 0.026889808320625087 0.015299668320799497
4489 0.2802582768823954 0.5597389888323482 0.03157730832062509 0.015517992142117265
4489 0.26837587272208285 0.5662244292790544 0.03157730832062509 0.015517992142117087
4489 0.495337763014687 0.5932193846129566 0.029942073138263935 0.012320217535011224
4489 0.6968619357923606 0.705060220840271 0.029942073138263935 0.012320217535011224
4489 0.6959352154276383 0.711273833536718 0.02834320554708327 0.010684942927905361
4489 0.6949903112673258 0.7182686962331651 0.026780705547083273 0.010612168320799498
4489 0.1001168352030204 0.5372710217116218 0.015988675911805573 0.016352746071058633
4489 0.1537685120647565 0.5507192456567738 0.033139808320625 0.01559076674922295
4489 0.21221679170003424 0.5596982934232434 0.01758754350298606 0.017988020678164317
4489 0.2054212778323259 0.58284469499482 0.017587543502986146 0.017988020678164317
4489 0.21673998432933977 0.600578004548114 0.020785278685347207 0.021258569892376046
4489 0.14034048527927032 0.62361093610348 0.03168641109416668 0.020205492142117264
4489 0.17447974914697867 0.6017380901562558 0.020712543502986146 0.018133569892376224
4489 0.14733602089847173 0.5918707845319033 0.029978440729444465 0.013882717535011224
4489 0.13523606440145786 0.5741010876750565 0.01755117591180557 0.01642552067816432
4489 0.09163153476618009 0.5658133986760925 0.019113675911805572 0.01649829528527036
4489 0.11477744082635363 0.6130351550862333 0.017587543502986146 0.017988020678164317
4489 0.2942649190748606 0.6299979849034069 0.029942073138263935 0.012320217535011224
4489 0.3018592135277772 0.6397368579389362 0.02834320554708336 0.010684942927905538
4489 0.3055836255718745 0.6477312944567007 0.029942073138263935 0.012320217535011224
4489 0.3130324496600689 0.6637201674922301 0.019150043502986148 0.01806079528527036
4489 0.2977886561570828 0.6802163087247244 0.014389808320624997 0.014717471463952591
4489 0.2950994140408675 0.6949508968140656 0.01602504350298606 0.017915246071058634
4489 0.25838066404086746 0.6932406935470781 0.029942073138263935 0.012320217535011224
4489 0.2758954723614925 0.6799787142252424 0.02678070554708336 0.010612168320799498
4489 0.283217663090937 0.6678061999572188 0.02521820554708327 0.010539393713693812
1161 0.28338131725124943 0.6607749499572189 0.029942073138263935 0.012320217535011224
4489 0.2591632204616314 0.626016806243525 0.014426175911805571 0.016279971463952592
4489 0.23590755841753422 0.6171126871369372 0.037827308320624996 0.015809090570540717
4489 0.1993160949866662 0.6099337338699495 0.036264808320624994 0.015736315963434677
4489 0.15253136075423557 0.6374743829603268 0.02834320554708336 0.010684942927905361
4489 0.14986030243361056 0.651427721049668 0.02678070554708336 0.010612168320799498
4489 0.2536223884896523 0.5952569578151016 0.017587543502986146 0.017988020678164317
4489 0.38534255433347164 0.7155780740262053 0.017514808320625 0.014863020678164496
4489 0.38170840805694384 0.7373075248119937 0.031540940729444425 0.013955492142117266
4489 0.4541464525098605 0.7500665440424161 0.029978440729444424 0.013882717535011224
4489 0.4344151807583675 0.7577506114535928 0.01755117591180557 0.016425520678164496
4489 0.3305816659407285 0.7497861000810533 0.028379573138263937 0.012247442927905538
4489 0.1413723891552424 0.8144906472283504 0.031577308320625 0.015517992142117265
4489 0.13930204929947854 0.7690325980141386 0.029942073138263935 0.012320217535011224
4489 0.1482594752112841 0.7538078583532208 0.017514808320625 0.014863020678164496
4489 0.1402826678405896 0.7941053726212445 0.040952308320625 0.015954639784752443
4489 0.18788436645381879 0.7986687481379733 0.01755117591180557 0.01642552067816432
4489 0.2127752636802771 0.8045206418516668 0.01755117591180557 0.01642552067816432
4489 0.2643013960890966 0.8084847038861602 0.015988675911805573 0.016352746071058633
4489 0.24953038127145769 0.8046683451186546 0.01602504350298615 0.017915246071058634
4489 0.27356794652593686 0.7799787142252423 0.01755117591180557 0.01642552067816432
4489 0.2549095187142702 0.7415690316364192 0.019150043502986148 0.01806079528527036
4489 0.160232798349548 0.7434161679065149 0.037827308320624996 0.015809090570540717
4489 0.25300087338767296 0.7899701443328663 0.022384146276527784 0.022893844499482084
4489 0.30031228448183966 0.773403382546042 0.029978440729444424 0.013882717535011224
4489 0.3095047933155549 0.81528266749223 0.014462543502986147 0.01784247146395259
4489 0.343171278497916 0.813722321545006 0.017587543502986146 0.017988020678164317
4489 0.3595957122935063 0.8137052049196175 0.01602504350298615 0.017915246071058634
4489 0.37594741090673545 0.8168130882942289 0.014389808320625086 0.014717471463952591
2233 0.3138656382053119 0.7959333540099947 0.01755117591180557 0.016425520678164496
4489 0.3751122627303466 0.7854903136871231 0.029978440729444424 0.013882717535011224
4489 0.42858210163617994 0.8067510376322753 0.020748911094166544 0.019696069892376045
4489 0.42987249791270765 0.7849124249358281 0.017587543502986237 0.017988020678164497
4489 0.4457702548465619 0.7739214210068868 0.020748911094166544 0.019696069892376045
708 0.5269455600330548 0.88172111248705 0.03005117591180557 0.01700771753501158
707 0.3963326460890966 0.8146341581866052 0.026926175911805572 0.0168621683207995
707 0.3279820363817007 0.8278747127775002 0.026926175911805572 0.0168621683207995
707 0.3283820798846868 0.8106872127775002 0.02536367591180557 0.016789393713693812
707 0.3357042706141313 0.7985146985094767 0.023801175911805573 0.016716619106587772
707 0.3608679247744438 0.7926478422231704 0.022165940729444424 0.013518844499482086
707 0.3241134603936452 0.7588700016526297 0.020603440729444422 0.013446069892376044
707 0.29351742382451323 0.7629196468140655 0.023801175911805573 0.016716619106587772
707 0.27883732798482574 0.7551970380465599 0.020639808320625085 0.015008569892376044
707 0.3064720187142702 0.7439705936709125 0.026962543502986148 0.018424668320799496
707 0.28116354739961746 0.7224573126536658 0.023801175911805573 0.016716619106587772
707 0.27694817287458273 0.7355566261359012 0.028488675911805574 0.01693494292790554
707 0.23961182703489525 0.7267787855653607 0.02852504350298606 0.01849744292790554
707 0.44893227564812443 0.7388743329175455 0.026926175911805572 0.0168621683207995
707 0.36635616499079804 0.724861028740935 0.03005117591180557 0.017007717535011225
707 0.3980243922893744 0.7083477708830521 0.020603440729444422 0.013446069892376044
707 0.4209352154276383 0.6984655026860871 0.026926175911805572 0.0168621683207995
707 0.4469892223614925 0.6879475337033337 0.0206034407294446 0.013446069892376044
707 0.39798867790857584 0.6762801335794993 0.026926175911805572 0.0168621683207995
707 0.3333449496600689 0.6646662373846063 0.026926175911805572 0.0168621683207995
707 0.2357244140408675 0.692185461744043 0.02223867591180557 0.016643844499482086
707 0.21470339922322862 0.6880780045481141 0.026926175911805572 0.0168621683207995
707 0.19295568579236053 0.681590410048632 0.026962543502986148 0.018424668320799496
707 0.16379486265409665 0.6911815798171735 0.020639808320624998 0.015008569892376044
707 0.11457480623333272 0.756149454300445 0.026926175911805572 0.0168621683207995
707 0.08972027659805493 0.7487350605867512 0.026962543502986148 0.018424668320799496
707 0.1570363695879508 0.6791353440851973 0.026926175911805572 0.0168621683207995
707 0.1705176413394439 0.671160178245597 0.023801175911805573 0.016716619106587772
707 0.8116686649907979 0.7456017917661045 0.026926175911805572 0.0168621683207995
707 0.8455533557202426 0.7346664458188803 0.02696254350298588 0.018424668320799496
707 0.8635409427262146 0.7010919664970447 0.026926175911805572 0.0168621683207995
707 0.8221723667381593 0.6303406648016336 0.028488675911805574 0.01693494292790554
707 0.7972814695117009 0.62448877108794 0.023801175911805573 0.016716619106587772
707 0.8518605199485412 0.598093245033092 0.023801175911805573 0.016716619106587772
707 0.7603445139646176 0.6321535678209523 0.026926175911805572 0.0168621683207995
707 0.6981172708984718 0.617523833536718 0.03005117591180557 0.017007717535011225
707 0.6505337560808329 0.6121792080199894 0.026926175911805572 0.0168621683207995
624 0.5816389389264927 0.5815969880037788 0.05843074905006951 0.029255160462916763
707 0.6375278758562148 0.4653213246453779 0.02223867591180557 0.016643844499482086
707 0.6192688383371524 0.4433542793601076 0.026926175911805572 0.0168621683207995
707 0.5552063383371524 0.4403705204687675 0.026926175911805572 0.0168621683207995
707 0.5274807286297566 0.455503214844415 0.026926175911805572 0.0168621683207995
707 0.4112361731589232 0.5439406685256873 0.023801175911805573 0.016716619106587772
707 0.35102798461368023 0.40896204693790017 0.026926175911805572 0.0168621683207995
707 0.3182875665856594 0.43793891749223 0.026926175911805572 0.0168621683207995
707 0.285584822569583 0.39809301343945414 0.026926175911805572 0.016862168320799585
707 0.2704683156357288 0.40912040467194843 0.026926175911805572 0.0168621683207995
707 0.4135260249825343 0.5127634431327932 0.026926175911805572 0.0168621683207995
707 0.3759695139646176 0.6142510144729114 0.02536367591180557 0.016789393713693812
707 0.36059908710288147 0.602585768401853 0.028488675911805574 0.01693494292790554
707 0.29297582921909676 0.5845763229927481 0.026926175911805572 0.0168621683207995
707 0.33534386075423556 0.6459890119917121 0.026926175911805572 0.0168621683207995
707 0.34579105148368006 0.6339620469379001 0.020603440729444422 0.013446069892376044
707 0.3144520921368746 0.5355223928851242 0.026926175911805572 0.0168621683207995
707 0.3045848232351731 0.6234397698495948 0.026926175911805572 0.0168621683207995
707 0.2765689260087148 0.6174423269216895 0.026926175911805572 0.0168621683207995
707 0.272153529732187 0.6391353904039248 0.023801175911805573 0.016716619106587772
707 0.19361095564399253 0.6198352727450791 0.023801175911805573 0.016716619106587772
707 0.1733166394395828 0.6181079528527029 0.026926175911805572 0.0168621683207995
707 0.288634474545694 0.5358841118678775 0.020639808320624998 0.015008569892376044
707 0.2149605852030204 0.5426199553339023 0.020603440729444422 0.013446069892376044
707 0.17656957921909675 0.5791546147633617 0.026926175911805572 0.0168621683207995
707 0.18394632133531202 0.5646383504953381 0.026926175911805572 0.0168621683207995
707 0.21532426111482597 0.5269949553339023 0.026926175911805572 0.0168621683207995
707 0.19070612082222183 0.5094243116202085 0.020639808320624998 0.015008569892376044
707 0.16750435695451343 0.5318065798171736 0.028488675911805574 0.01693494292790554
707 0.12177297644555507 0.5812950035146567 0.020603440729444467 0.013446069892376044
707 0.11503266717499953 0.5684675177826802 0.026962543502986148 0.018424668320799496
707 0.09268554170003426 0.5541310359796453 0.02056707313826389 0.011883569892376045
707 0.13787075513090233 0.5617102495857151 0.020603440729444422 0.013446069892376044
707 0.27084625608083285 0.594494978493266 0.02372844072944442 0.01359161910658777
707 0.11607175636517328 0.3894157185684686 0.026926175911805572 0.0168621683207995
707 0.1710865646857983 0.3779003298171736 0.02536367591180557 0.016789393713693722
707 0.7899086466577774 0.43722421153464613 0.023801175911805573 0.016716619106587772
707 0.7859848660725691 0.4041933877133285 0.023801175911805573 0.016716619106587772
707 0.6960859114754163 0.43598273510829466 0.02536367591180557 0.016789393713693812
707 0.7151632197960414 0.4227935303935649 0.026926175911805572 0.0168621683207995
707 0.6878558373872219 0.41995747476921236 0.026926175911805572 0.0168621683207995
707 0.6215950577519441 0.4106145539672134 0.026926175911805572 0.0168621683207995
707 0.7378577970183678 0.32139585028594103 0.026926175911805572 0.016862168320799585
707 0.6993037900845136 0.33133162241184755 0.023801175911805573 0.01671661910658786
707 0.6759390252668748 0.32711500330525967 0.023801175911805573 0.01671661910658786
707 0.6333709719802428 0.27429606430629566 0.026926175911805572 0.016862168320799585
707 0.6442000224170832 0.24586284925248375 0.026926175911805572 0.016862168320799585
707 0.5303375441685763 0.23195655293375617 0.026926175911805572 0.016862168320799585
707 0.3128389600123956 0.33601254445670076 0.026926175911805572 0.016862168320799585
707 0.35862554511850675 0.25055023345566474 0.026926175911805572 0.016862168320799585
707 0.2739232367978818 0.26068290467194843 0.026926175911805572 0.0168621683207995
707 0.29067628533486095 0.1793430134394541 0.026926175911805572 0.016862168320799585
4204 0.7518721716403117 0.9289557932138465 0.051962543502986056 0.01958906203449331
2743 0.6722392230270826 0.9229005382514478 0.03005117591180557 0.017007717535011225
3303 0.5922978030992005 0.8964963959854961 0.036337543502986236 0.018861315963434676
2385 0.689845603536041 0.8721021716260593 0.3490206878796528 0.10834346277750022
2381 0.695387741928784 0.8356017454473769 0.3407717767854862 0.08922958974197108
2497 0.5287464090068743 0.7707472251834971 0.025727351823611144 0.03241439371369381
3680 0.7881214090068743 0.7828278099630694 0.020712543502986236 0.018133569892376224
2634 0.8597990000969092 0.6602486426757272 0.04327852773541672 0.04883991439185813
3688 0.6142676413394439 0.6918281666636605 0.020639808320624908 0.015008569892376044
3637 0.8357660073151039 0.4495273124442688 0.020639808320624908 0.015008569892376044
2698 0.8162893087018747 0.44627387985544564 0.022311411094166546 0.019768844499482085
3659 0.767361499431319 0.4314814797316112 0.0206034407294446 0.013446069892376044
3439 0.7463404846136802 0.42737402253568213 0.020676175911805574 0.016571069892376045
3715 0.9429609114754165 0.44748112303102 0.020748911094166544 0.019696069892376045
2318 0.948466682276979 0.4125431968523376 0.026091027735416716 0.04803939371369381
3687 0.858696320669722 0.37160351964019794 0.020676175911805574 0.016571069892376132
4387 0.838456555852083 0.3675324497478218 0.020748911094166544 0.019696069892376135
3655 0.7510286378240622 0.3939622090534467 0.03005117591180557 0.017007717535011225
2409 0.7536269609623261 0.3831338709641055 0.06918641109416672 0.021952082712657715
2699 0.5141728030992005 0.8928576656302033 0.03313980832062491 0.01559076674922295
4205 0.4542165748506937 0.8814620932566278 0.023801175911805573 0.016716619106588126
4375 0.4012734128065965 0.8711752566150286 0.036301175911805574 0.017298815963434678
4236 0.34676775076249927 0.8608156453663234 0.025327308320625 0.015226893713693812
4337 0.29071777251399233 0.8496020095105127 0.023801175911805573 0.016716619106587772
3490 0.585963416225069 0.5638101745215434 0.022275043502986057 0.018206344499482087
3439 0.56650490140743 0.5597754919327201 0.023873911094166544 0.01984161910658777
3658 0.5895988689223607 0.4748204491286492 0.020748911094166544 0.019696069892376045
3657 0.41227330271795104 0.4657792812221344 0.03313980832062491 0.01559076674922295
1455 0.4904190993550692 0.3341162123632156 0.3946994766329862 0.2603083771693585
3649 0.4550472566495138 0.2073332344891221 0.037827308320624906 0.01580909057054054
3670 0.23971831696690898 0.8566118347795723 0.03161367591180557 0.017080492142117265
2825 0.2423166401051729 0.8457834966902311 0.07238414627652787 0.025222631926869354
3654 0.23300598964767333 0.33855103949430204 0.022347778685347208 0.021331344499481996
2411 0.2360407238801039 0.30897270140496086 0.025800087005972295 0.035539393713693634
2628 0.11571134650527759 0.23689003205070397 0.07773018218006963 0.25491013192686945
4301 0.8630824285741661 0.9224040403183624 0.0237284407294446 0.01359161910658777
4301 0.8703870887184021 0.8773826387467858 0.0221659407294446 0.013518844499482086
135 0.7831812954997563 0.6926565742310931 0.06504442496187508 0.045171258891340216
186 0.7408152235957635 0.5303534733214704 0.11464568787965276 0.0974272717116218
141 0.46549183453743026 0.32982681864952185 0.1648638934267362 0.10913105913900915
133 0.42426219681027727 0.5891268899896401 0.05080008700597229 0.036703787427387266
169 0.11525348556361074 0.4245719685684685 0.036337543502986146 0.018861315963434676
160 0.1912347573151038 0.41950778701310265 0.03811824905006951 0.028309090570540717
707 0.19571570345979103 0.7646212338699495 0.020603440729444422 0.013446069892376223
711 0.9741959937317359 0.2815671786553726 0.041206881458888844 0.026892139784752266