3290 0.052289304708334115 0.9362584935742095 0.022275043502986126 0.01807883794672165
1518 0.06344435704503548 0.9115622411027514 0.025618249050069465 0.027581171939110406
2090 0.08604605565826465 0.9082953196579329 0.014426175911805571 0.016198002965749227
2081 0.11404376908913269 0.9016805637264337 0.031431837955902785 0.009085839923887918
4056 0.10663131259211882 0.9191863987074058 0.019222778685347254 0.021076503954332537
4047 0.11064601215527854 0.8900891477188224 0.04084320554708336 0.011030341901054185
3570 0.05385049828757018 0.8689436595818204 0.022311411094166678 0.019641337946721647
1472 0.09836356449197989 0.8663479001902804 0.053888719414791716 0.03497717787060921
1064 0.07445263259625068 0.8133648216350992 0.052835365691319504 0.05678851087441501
3189 0.06654856040791732 0.776151323117974 0.050327308320625 0.016099843878220454
4077 0.16716942229951468 0.9331414693539216 0.04396820554708336 0.011157675893442942
4083 0.2116643047083341 0.9297644599623813 0.04396820554708336 0.011157675893442942
2111 0.1481466653656605 0.9221867233082544 0.031431837955902785 0.009085839923887918
2117 0.1848654153656605 0.9206905488976862 0.031431837955902785 0.009085839923887562
1426 0.1841016959508688 0.8878780488976862 0.07910692496187503 0.045370849809719616
1070 0.166077741353716 0.8526408858558245 0.06915004350298615 0.019988847832553346
3195 0.17040156544191043 0.8368248848672412 0.048764808320625 0.0160361768820259
4348 0.2145879765360771 0.8537922089737983 0.022456881458888932 0.02589133794672165
1078 0.22837902602298685 0.9087516230042432 0.01602504350298606 0.017824169961944136
1073 0.24620165244788267 0.8681438690499104 0.03528418977951393 0.04046317391627667
3203 0.24905520193479241 0.9235489520537161 0.017696646276527873 0.022575336958138337
3198 0.2650068570450355 0.9033491985936749 0.019295513867708357 0.024201503954332536
2661 0.21582578105698 0.9741683759699926 0.034702308320625 0.015463173916276673
2766 0.21916833339368136 0.9497904584795066 0.022165940729444424 0.013391337946721649
3514 0.3123364519347924 0.9209704387078432 0.03466594072944442 0.013900673916276673
3569 0.2515788302595493 0.8303892010651328 0.034702308320625 0.015463173916276673
3194 0.17309015434774375 0.8179475508748524 0.050327308320625 0.016099843878220454
1069 0.2277049191653826 0.8125942060080487 0.047129573138263936 0.012847509885831698
4001 0.12517933120947985 0.8089518942587814 0.04087957313826394 0.012592841901054187
3997 0.1256878242756257 0.7972013107606841 0.04084320554708336 0.011030341901054185
3187 0.12468836872854232 0.7878581442587814 0.04084320554708336 0.011030341901054185
2036 0.16733046361829929 0.8056703853615328 0.031431837955902785 0.009085839923887918
2033 0.1670758904800354 0.7947328853615329 0.031431837955902785 0.009085839923887918
1062 0.1660400673417715 0.7838272188596299 0.031431837955902785 0.009085839923887918
1423 0.22726850807121596 0.7938442060080486 0.05519664627652778 0.024103344866803766
4345 0.1696735604079173 0.7719493013691441 0.04716594072944447 0.014410009885831698
3186 0.16938261967847285 0.7594493013691441 0.047202308320625 0.0159725098858317
3183 0.2144950979269798 0.7490092084795067 0.04396820554708336 0.011157675893442942
1061 0.226032663181459 0.7743447895061459 0.048764808320625 0.016036176882026076
1058 0.22494228865642424 0.7610953730042431 0.03303070554708336 0.010712006920082295
1471 0.3451658293096188 0.8531635147915665 0.1472399823325695 0.0887335306460784
1245 0.37254790653194525 0.9544885928524562 0.2778717332825001 0.06751905832640723
2769 0.5297609944878481 0.9559025597349201 0.02220230832062491 0.014953837946721648
2644 0.5252910468245494 0.931842977225406 0.012827308320624908 0.014571835969555025
4066 0.3634261732494452 0.8985569278334282 0.04084320554708336 0.011030341901054185
4089 0.39027961397888966 0.9099745888981235 0.04244207313826394 0.012656508897248387
4094 0.4764171357303827 0.915066654107432 0.04396820554708327 0.011157675893442942
2123 0.43944381259211884 0.9056253285180003 0.031468205547083274 0.010648339923887562
2128 0.47692562879652856 0.9033160706093348 0.031431837955902785 0.009085839923887562
2100 0.4063585556582646 0.8952435854380825 0.03303070554708345 0.010712006920082118
1427 0.4738363431773271 0.8713803211036264 0.07598192496187509 0.04524351581733086
1079 0.5189131070450355 0.8930033117120864 0.016025043502986235 0.017824169961944136
3204 0.5417693787965285 0.9006738902672676 0.01925914627652787 0.022639003954332538
1071 0.45655727098899385 0.8345488245636676 0.06915004350298623 0.019988847832553346
1072 0.5374624320831604 0.8500199742596564 0.036883057370694416 0.04208934091247087
3196 0.4476180288727785 0.8200552430427368 0.05029094072944442 0.01453734387822081
3197 0.5217458598948271 0.8131248107235031 0.022493249050069507 0.027453837946721647
4349 0.4582464043477438 0.806328324069376 0.04876480832062509 0.0160361768820259
1059 0.3005241701153132 0.7830393571869123 0.0512728656913195 0.05672484387822045
1060 0.3551934863197229 0.7800297623201086 0.0497103656913195 0.05666117688202625
3184 0.2950729507005215 0.7504178581754954 0.04240570554708336 0.011094008897248564
3185 0.3536485169049312 0.7472490958182059 0.04396820554708327 0.011157675893442942
2025 0.2987064437666673 0.7385399406850095 0.031431837955902785 0.009085839923887918
2005 0.2976888044239937 0.7284155241831067 0.031431837955902785 0.009085839923887918
1983 0.2967075326725006 0.719853607681204 0.031431837955902785 0.009085839923887918
1972 0.29727057712541727 0.7104467741831068 0.031431837955902785 0.009085839923887918
1944 0.29703418778274365 0.7002905241831068 0.031431837955902785 0.009085839923887918
1922 0.29603473223566035 0.690947357681204 0.031431837955902785 0.009085839923887918
1899 0.295035276688577 0.6816041911793012 0.031431837955902785 0.009085839923887918
1876 0.29481707114149364 0.6722291911793011 0.031431837955902785 0.009085839923887918
1028 0.29458068179882 0.6620729411793012 0.03139547036472221 0.007523339923887917
1037 0.1343341660312506 0.6983181417873234 0.09752961664125004 0.03207235376405215
3154 0.12132501975472279 0.6769524777568785 0.05029094072944447 0.014537343878220454
3120 0.05470056420763945 0.6702833250951402 0.019259146276527785 0.022639003954332715
1009 0.06191299895316027 0.6441837401141683 0.015988675911805573 0.01626166996194378
981 0.13189819063253524 0.6272562252854206 0.09756598423243057 0.033634853764052154
3089 0.1207249545002436 0.6511712277568785 0.048764808320625 0.016036176882026253
3986 0.25653712756225755 0.7410401995822581 0.04084320554708336 0.011030341901054185
3965 0.25553767201517424 0.7316970330803553 0.040843205547083275 0.011030341901054185
3943 0.2545382164680909 0.7223538665784525 0.04084320554708336 0.011030341901054185
3932 0.25432001092100753 0.7129788665784524 0.040843205547083275 0.011030341901054185
3900 0.2540836215783339 0.7028226165784525 0.04084320554708336 0.011030341901054185
3878 0.25466484982684084 0.6941970330803553 0.04396820554708336 0.011157675893442942
3855 0.25132164427975756 0.684949367072744 0.039280705547083274 0.010966674904859808
3833 0.25186650493708396 0.6747612835746468 0.040843205547083275 0.011030341901054185
3145 0.2539920493900006 0.6652907830803553 0.039280705547083364 0.010966674904859808
3127 0.29570677070465334 0.6432592741831067 0.04084320554708336 0.011030341901054185
1014 0.28889372625173665 0.6529207756659815 0.015734102773541637 0.005324169961943781
3135 0.35662608690906306 0.6399950113315255 0.040843205547083275 0.011030341901054185
1021 0.3552817924561464 0.6494336783277198 0.015734102773541637 0.005324169961943959
3811 0.32304986749427134 0.6085195182516077 0.019259146276527785 0.022639003954332715
1851 0.30193793369868105 0.608597772700232 0.01606141109416672 0.01938666996194378
4440 0.2542816836986811 0.610539616084161 0.06006598423243057 0.0321068458553869
3753 0.25875163136197965 0.6345991985936749 0.02685344072944442 0.013582338935304606
2831 0.051736605526424076 0.5429395750951402 0.059450348023889 0.13979201186299797
2627 0.0965769800514588 0.5544063157036 0.03234233415618064 0.11527217292769336
963 0.13520437537805607 0.6013158077949348 0.011155705547083361 0.009820668973360824
3069 0.1278094494662505 0.5859773092778094 0.01918641109416668 0.019514003954332716
3626 0.13249564304548656 0.5185351412930318 0.03503092306201396 0.09664950692008212
2636 0.16309102640423653 0.48913680136914406 0.03782992116215293 0.14983817391627668
1599 0.27194065596326433 0.5629006121298282 0.09752961664125 0.03207235376405233
3036 0.23945481107350738 0.5446745355518132 0.05025457313826394 0.012974843878220454
3027 0.257786583774931 0.5259417815974805 0.050327308320625 0.016099843878220454
923 0.3391820541396532 0.5288810977953722 0.09752961664125 0.03207235376405215
1840 0.3774626509292712 0.4936956728905123 0.015988675911805573 0.01626166996194378
1420 0.33919958472486156 0.49603676429727506 0.047493249050069505 0.0284725098858317
3800 0.3040978861116324 0.4998130217116488 0.01922277868534721 0.021076503954332713
4342 0.2830041361116324 0.5006725261602731 0.022456881458888845 0.025891337946721472
2989 0.25578701947038235 0.4736298650955778 0.048764808320625 0.016036176882026253
2978 0.25362445421590313 0.44791228209177214 0.04876480832062509 0.016036176882026253
2956 0.25227950655260456 0.4237253655898693 0.048764808320625 0.016036176882026253
3549 0.2446663750937156 0.39901186707274405 0.022456881458888845 0.025891337946721472
2933 0.24326687604364614 0.3724812005708412 0.047202308320625 0.0159725098858317
2900 0.3157776556789239 0.3632706852478021 0.04084320554708336 0.011030341901054185
3767 0.03856184545843785 0.41366591057040375 0.019259146276527795 0.022639003954332715
886 0.3385449680836115 0.46791176429727505 0.09749324905006951 0.03050985376405215
875 0.3378903514423615 0.43978676429727503 0.09749324905006951 0.03050985376405215
853 0.3364363010055212 0.4109123477953721 0.09752961664125 0.03207235376405215
1589 0.3350004343642712 0.38281918129346937 0.09749324905006951 0.03050985376405224
796 0.3665589056789239 0.36120150787148436 0.031431837955902785 0.00908583992388783
1807 0.039506096408368385 0.38703974357420934 0.014426175911805571 0.01619800296574949
1516 0.0389787663362503 0.36438349357420935 0.017696646276527804 0.022575336958138337
3287 0.03681620108177112 0.33866591057040374 0.02387391109416668 0.019705004942915848
4383 0.09857131867295169 0.3377135642207253 0.056577308320625 0.016354511862998144
4266 0.18850664086128505 0.37158454543764496 0.02242051386770836 0.02432883794672147
4370 0.2171940321038197 0.32740612250995155 0.022311411094166723 0.01964133794672147
725 0.1211918542921531 0.3688534762740038 0.10268989532659725 0.052575854752635466
1449 0.30393096589941 0.32465385422116283 0.1452047036472223 0.06835736364988403
1241 0.08221700721819461 0.20622348368837762 0.1320163322563196 0.17240819368794008
3510 0.09896678970326399 0.11952197973404492 0.03615570554708334 0.010839340912471008
1336 0.2981680091180557 0.15298573714841873 0.3525132830537502 0.30597147429683746
334 0.29846025626826406 0.22399993821355157 0.23840918977951392 0.04873988342154752
92 0.2929726692622919 0.18981593920213477 0.22234777868534722 0.0293532134596036
8 0.29368053086954876 0.15303352220594038 0.1992012194147917 0.040898208516687705
4032 0.5884982552214243 0.8588882968833387 0.040843205547083275 0.011030341901054185
4038 0.6314670052214243 0.8571374544879931 0.040843205547083275 0.011030341901054185
4006 0.5809942265360771 0.8388622983662135 0.040843205547083275 0.011030341901054185
2066 0.6202385644919799 0.8450831234613536 0.031431837955902785 0.009085839923887918
2072 0.6569209469007993 0.8420244490507856 0.031431837955902785 0.009085839923887918
2041 0.5869532858066326 0.826107630381436 0.031468205547083274 0.010648339923887562
1424 0.6546674626683687 0.8124006160469799 0.07910692496187507 0.045370849809719616
1469 0.5681480812094799 0.7909023008376714 0.052326219414791805 0.03491351087441501
3567 0.5558292659550006 0.7655985533091293 0.03466594072944442 0.013900673916276673
1065 0.6366253242756257 0.7763822030051182 0.06915004350298623 0.019988847832553346
3190 0.6237798321594104 0.7620477889746733 0.04400457313826393 0.012720175893442941
4346 0.6862252807726396 0.7571573591268976 0.0471659407294446 0.014410009885831698
3168 0.5992519576343757 0.7497533774156864 0.05032730832062508 0.016099843878220454
3182 0.6921843400431951 0.7444026911421201 0.047165940729444425 0.014410009885831698
1057 0.7003962303357992 0.7276462726630509 0.06915004350298606 0.01998884783255317
1043 0.6176200979269797 0.7325831234613537 0.07074891109416655 0.021615014828747548
3157 0.4446371928167368 0.7591814100389311 0.0409159407294446 0.014155341901054186
3178 0.5118065090211464 0.7556624792025722 0.04872844072944442 0.014473676882026254
1040 0.43021101690493124 0.7441294130046806 0.06915004350298606 0.019988847832553346
1053 0.5145314655181604 0.7383476452101835 0.06915004350298623 0.01998884783255317
536 0.4092270228888548 0.7833020009514021 0.019550087005972293 0.03513900395433289
3550 0.43816964048003537 0.7836866615218059 0.025581881458888844 0.026018671939110404
2234 0.3666388261754867 0.7342079263505535 0.0313954703647223 0.007523339923887917
2234 0.3664024368328131 0.7240516763505536 0.03139547036472221 0.007523339923887917
2234 0.3654029812857298 0.7147085098486506 0.03139547036472221 0.007523339923887917
2234 0.36596602573864645 0.7053016763505535 0.03139547036472221 0.007523339923887917
2234 0.3657478201915631 0.6959266763505536 0.0313954703647223 0.007523339923887917
2234 0.36394893084888946 0.6858340933467479 0.03139547036472221 0.007523339923887917
2234 0.36373072530180617 0.6764590933467479 0.03139547036472221 0.007523339923887917
2234 0.36351251975472276 0.6670840933467479 0.03139547036472221 0.007523339923887917
2234 0.3624948804120492 0.656959676844845 0.03139547036472221 0.007523339923887917
1421 0.4680545493900006 0.6565684046017237 0.165700348023889 0.14412136760421673
1421 0.6539193142076394 0.6458670320545912 0.165700348023889 0.14412136760421673
4343 0.47168673603538236 0.5774393201150433 0.04087957313826394 0.012592841901054187
4344 0.6575515008530213 0.5667379475679107 0.05029094072944442 0.014537343878220454
940 0.46103952355444494 0.5567594055903069 0.0990557490500695 0.03057352076024671
3047 0.5439974939191672 0.5596350547920041 0.04876480832062491 0.016036176882026253
3058 0.7150548763279867 0.5511010187087182 0.04876480832062491 0.016036176882026253
952 0.6351855383720839 0.5465355355146322 0.09749324905006951 0.030509853764052332
1451 0.5437773287409379 0.44938330429771245 0.30545383225631967 0.17947523026551765
774 0.45473105290538224 0.35291682258650126 0.09752961664125 0.03207235376405224
2878 0.4425213404244447 0.3323005750579592 0.04720230832062491 0.0159725098858317
818 0.5158322070656948 0.35746505973491993 0.015988675911805573 0.016261669961943958
2922 0.5168673769935767 0.3347451427387256 0.01925914627652787 0.022639003954332715
4372 0.5393788098392365 0.3611975547920041 0.02521820554708327 0.010393671939110227
807 0.5665952732701045 0.35461463235860224 0.015988675911805573 0.016261669961943958
2911 0.562198060789167 0.3336800498490882 0.01922277868534721 0.021076503954332713
785 0.6249890015186115 0.34363337000131255 0.09752961664125 0.03207235376405224
2889 0.6900321200597226 0.3159593561611481 0.04720230832062491 0.0159725098858317
534 0.6267326862641323 0.317756619507021 0.06275457313826394 0.013484179847775658
3548 0.6787491279435072 0.3015612751345088 0.05032730832062491 0.016099843878220454
4168 0.3983349293302781 0.3153332509514021 0.019113675911805572 0.016389003954332716
4179 0.4268229520317016 0.2961866615218059 0.02834320554708327 0.010521005931499072
4190 0.47411617933027805 0.31224540163597414 0.015988675911805573 0.016261669961943958
2200 0.42013719414791695 0.3113169130046806 0.014426175911805571 0.01619800296574958
2211 0.4373246941479169 0.31061657604654236 0.014426175911805571 0.01619800296574949
2222 0.45449401035232667 0.30913498908840403 0.014426175911805571 0.01619800296574958
4369 0.5272957307170489 0.31242447376536486 0.03466594072944442 0.013900673916276673
1448 0.5150860182361113 0.2918082262368228 0.05374324905006951 0.0287271778706093
4157 0.5597263710096531 0.29468121684528265 0.02834320554708327 0.010521005931498984
2189 0.5617791802802086 0.282085716350991 0.031431837955902785 0.00908583992388783
3563 0.6208093413743753 0.29844820399370137 0.03466594072944442 0.013900673916276673
1462 0.6227530478713892 0.28116520349940977 0.06286367591180557 0.01817167984777566
3561 0.4741518937110766 0.280182318137877 0.02223867591180557 0.01651633794672147
1460 0.47346090947864605 0.25049481813787694 0.02576371941479181 0.03383117193911023
752 0.4726790062682641 0.21690106813787696 0.019331881458888846 0.025764003954332714
2856 0.48377950721819457 0.189861065666419 0.025509146276527873 0.022893671939110273
1441 0.57931086597566 0.22897796239665835 0.15352634992375017 0.09055069863085592
4363 0.5484596030578821 0.18018763532435175 0.03310344072944442 0.013837006920082207
4368 0.6836541802802085 0.2771196906478285 0.03306707313826394 0.012274506920082296
1447 0.6917751515948614 0.2564570221687593 0.047493249050069505 0.0284725098858317
2156 0.6818000863403821 0.2310577741459257 0.014462543502986236 0.017760502965749582
4122 0.6797829914506253 0.21159019114212008 0.020676175911805574 0.016452670950527094
4226 0.7508605172861809 0.3087888433095668 0.023983013867708357 0.02439250494291585
559 0.7891963186729517 0.30957275190280426 0.05090918977951393 0.04109984387822054
1450 0.7829820330537502 0.2777643363894846 0.02532730832062491 0.015081171939110228
4371 0.8142320330537501 0.27649099646559677 0.022311411094166546 0.01964133794672147
763 0.7440104520317016 0.2832622612943444 0.011155705547083273 0.009820668973360735
2867 0.739667790937535 0.26467142878483035 0.01925914627652787 0.022639003954332715
1446 0.7493506090418058 0.21031950981146963 0.1028353656913195 0.058825854752635465
4367 0.7775671812301391 0.2467053373780678 0.03310344072944442 0.013837006920082207
3057 0.5009845378034029 0.1563163952101835 0.022311411094166723 0.01964133794672147
951 0.5010202521842014 0.12425331171208631 0.03052395459715278 0.03714717292769345
740 0.4990388716752431 0.0727226452101835 0.0512728656913195 0.05672484387822054
2844 0.5068143508736807 0.037216226731114355 0.026817073138263935 0.01201983893530465
2024 0.548312826272396 0.10668646832815736 0.015988675911805573 0.016261669961943913
3985 0.5439883489738195 0.08887688581864335 0.019113675911805572 0.016389003954332692
1419 0.6085599952503473 0.1081415389746733 0.08546602773541671 0.05031301779449713
3188 0.5734212758355557 0.0767297128909499 0.019113675911805572 0.016389003954332692
1063 0.5937519596311459 0.07668329194042282 0.011119337955902786 0.008258168973360736
4341 0.6274184448135071 0.07843945152224341 0.02521820554708327 0.010393671939110272
852 0.6240388716752431 0.06762928551463218 0.014135235182360973 0.003698002965749536
2955 0.6073962323325695 0.0581415389746733 0.02834320554708327 0.01052100593149905
3501 0.5897723212384027 0.040091875932811605 0.031504573138263936 0.012210839923887828
1232 0.6967308360560418 0.035336686236385244 0.1828501740119446 0.07067337247277049
3221 0.5992765674386806 0.14605537444993683 0.01907730832062491 0.014826503954332715
3210 0.6167550081681251 0.15785503749179855 0.019113675911805572 0.016389003954332716
1096 0.6225685970739585 0.13885036950702095 0.011119337955902786 0.008258168973360736
1085 0.6350504132783682 0.13755978353746584 0.009556837955902786 0.008194501977166358
4046 0.6333249123284377 0.16421778403175744 0.019113675911805572 0.016389003954332716
3232 0.6512936623284377 0.1634856135755219 0.015988675911805573 0.016261669961943913
2080 0.650076001234271 0.14476744707361913 0.015988675911805573 0.016261669961943913
1107 0.6721692067813543 0.15325110912689763 0.01602504350298606 0.017824169961943914
1074 0.6711151998475001 0.14156419262499484 0.015734102773541637 0.005324169961943914
874 0.6701702956871877 0.13456477612309203 0.0157704703647223 0.006886669961943914
876 0.6705515021842015 0.11734544262499483 0.020894381458888844 0.02582767095052709
3199 0.6672459706490627 0.176911443613578 0.019113675911805572 0.016389003954332716
2977 0.6853601910137849 0.18242927315734253 0.019404616641249994 0.028889003954332713
2979 0.6620843855429515 0.08953877760596679 0.019404616641249994 0.028889003954332693
4197 0.7124130002843405 0.16881510072394063 0.039280705547083274 0.010966674904859808
2229 0.7121402433504863 0.15709635072394065 0.03455683795590279 0.009213173916276629
1430 0.7348867591180557 0.12645384578102478 0.08074216014423605 0.04855951680591399
4352 0.763810539703264 0.09243167285333134 0.03306707313826394 0.012274506920082228
1348 0.7056889151782293 0.08150610171252383 0.06475348423243048 0.03229784684397006
3269 0.7524002610179167 0.07256484182669208 0.0190409407294446 0.013264003954332693
741 0.7475510664887501 0.16660134330956686 0.019331881458888846 0.025764003954332714
2845 0.7756760664887501 0.16545533737806778 0.022456881458888845 0.025891337946721472
3153 0.7937168984607293 0.1342225834237351 0.019113675911805572 0.016389003954332716
1607 0.7924628697753822 0.11394191692183231 0.01755117591180557 0.016325336958138335
1682 0.7956956661281598 0.05125091593324913 0.015988675911805573 0.016261669961943913
3877 0.8168075999237502 0.051172661484624835 0.019113675911805218 0.016389003954332692
3766 0.8327774388295832 0.03175415802458372 0.0190409407294446 0.013264003954332693
1806 0.806124019851632 0.028930246959888384 0.014462543502986236 0.017760502965749526
2644 0.7869025475870487 0.07663291791041546 0.0159159407294446 0.013136669961943914
1641 0.738154069525973 0.9051836822448716 0.24124455547083343 0.1034910504177418
3513 0.8467296357303826 0.8999775760093612 0.0315409407294446 0.013773339923887917
1075 0.7098459251493063 0.8312660211801763 0.016025043502986235 0.017824169961944136
3200 0.7317391089448966 0.8311559332334546 0.01925914627652787 0.022639003954332538
1470 0.7774321622315284 0.7784646733476229 0.05388871941479181 0.03497717787060921
3568 0.776032663181459 0.7519340068457201 0.03466594072944442 0.013900673916276673
1066 0.8451281552976742 0.7639764090131669 0.06758754350298588 0.019925180836358792
3191 0.8377332293858686 0.7486379104960417 0.04720230832062526 0.0159725098858317
2045 0.7938936168286813 0.813765503385679 0.031431837955902785 0.009085839923887918
4010 0.7879163737625354 0.8257389213704565 0.040843205547083275 0.011030341901054185
4018 0.7873351455140286 0.8343645048685537 0.040843205547083275 0.011030341901054185
2052 0.8279055941272577 0.8303654129674995 0.03143183795590261 0.009085839923887918
2061 0.8653874103316674 0.8280561550588341 0.032994337955902606 0.009149506920082474
4027 0.864915284856702 0.8413692385569312 0.04244207313826394 0.012656508897248387
1425 0.8623708598948271 0.7992454055531258 0.07598192496187509 0.04524351581733086
4347 0.8936383904800355 0.7651277321311408 0.0224568814588892 0.02589133794672165
3201 0.9088289390170147 0.8466178126634885 0.020785278685347207 0.021140170950527094
1076 0.9059396751493063 0.82327581315778 0.016025043502986235 0.017824169961944136
1068 0.9260515001874312 0.7802288087091558 0.035320557370694415 0.04202567391627667
3193 0.9284127807726396 0.7472889747167669 0.04720230832062491 0.0159725098858317
3202 0.9318306811332299 0.8605383912186699 0.022493249050069507 0.027453837946721647
1077 0.974781194290087 0.8423176318271295 0.050437611419825855 0.05678851087441501
1359 0.9740356586708858 0.7773147143366437 0.051928682658228455 0.05554434585538672
3288 0.9886521112260074 0.7400229613708941 0.02269577754798533 0.019896005931498983
3192 0.733845163181459 0.7536530157429687 0.022493249050069507 0.02745383794672147
1067 0.7175486691653827 0.792634602701107 0.035320557370694415 0.04202567391627667
1345 0.8954177896063549 0.7071878981387519 0.12238414627652787 0.026841025703162557
3439 0.8357693794621188 0.6642629104960417 0.0424784407294446 0.014219008897248564
4384 0.8982148280753478 0.659372480648266 0.028379573138263937 0.012083505931498983
3439 0.9560273280753477 0.6570168017890735 0.0424784407294446 0.014219008897248564
3361 0.9841711650813201 0.6902776293556717 0.02569098423243048 0.030706171939110228
3246 0.863076108660556 0.6279606545645426 0.08361258700597247 0.03774935079830275
2537 0.9554090790252783 0.6304543017890735 0.0880818814588892 0.028565351786885886
3111 0.7841328378589936 0.5959877543742622 0.04084320554708345 0.011030341901054185
3100 0.7721413309251395 0.5847465068457202 0.040843205547083275 0.011030341901054185
1001 0.8176174850854518 0.5899314139560827 0.0142079703647223 0.006823002965749581
992 0.8127481471295491 0.5823099149446659 0.031468205547083274 0.010648339923887917
2620 0.9662348634102088 0.490818798823324 0.05480052203583341 0.20828734387822045
972 0.89795894851632 0.5811838136520716 0.09752961664124982 0.03207235376405215
3079 0.8951242360353824 0.5601855641463632 0.0502909407294446 0.014537343878220454
2389 0.7872019800514588 0.526265503385679 0.08230466014423606 0.04862318380210837
2615 0.8794979296146185 0.4935710671121127 0.07278418977951376 0.0419911818249421
3021 0.7862018712939935 0.483296753385679 0.04720230832062491 0.0159725098858317
918 0.7351842319513199 0.4752096807619967 0.047165940729444425 0.014410009885831698
1829 0.8918693366247226 0.4203418141463632 0.01602504350298588 0.01782416996194396
3789 0.8890528079393754 0.40012481464065475 0.01922277868534721 0.021076503954332713
1467 0.737927372243924 0.45867609676960797 0.06286367591180557 0.01817167984777566
3566 0.7944319453821879 0.4673215849066098 0.03466594072944442 0.013900673916276673
3565 0.8011722546527433 0.45453508342373505 0.03462957313826394 0.012338173916276673
1465 0.7851653949453476 0.438765503385679 0.06442617591180558 0.018235346843970036
864 0.7498448375746531 0.3995411773019556 0.0990557490500695 0.03057352076024662
841 0.7491720371378128 0.3706349273019557 0.09909211664124999 0.03213602076024671
2967 0.8270976685967018 0.39248341099033324 0.0409159407294446 0.014155341901054186
2944 0.8273879561157642 0.37135782749223606 0.0440409407294446 0.014282675893442943
3564 0.7917966014423614 0.4212915019028042 0.03462957313826394 0.012338173916276673
1463 0.7387079690335421 0.42501867977341357 0.06282730832062491 0.016609179847775657
897 0.7256994759673961 0.4372785992410659 0.0157704703647223 0.006886669961943958
3000 0.8436682259673962 0.43247174102838937 0.040843205547083275 0.011030341901054185
3011 0.8447040491056601 0.4433774075302921 0.040843205547083275 0.011030341901054185
908 0.729006313923299 0.44496376524867715 0.0313954703647223 0.007523339923887917
4270 0.870011213999549 0.3547632350968903 0.04876480832062491 0.016036176882026076
4234 0.8678116279435072 0.29385756859498746 0.05661367591180557 0.017917011862998145
3778 0.9677401991819099 0.3539090478347408 0.019186411094166543 0.019514003954332716
3280 0.9629786575787851 0.2837238818271296 0.02223867591180557 0.01651633794672147
1818 0.9656685529053822 0.33209771483093525 0.015988675911805573 0.016261669961943958
1514 0.9666491714464932 0.3070340478347408 0.01925914627652787 0.022639003954332715
728 0.8841457959715282 0.32368964863304356 0.11526263050895835 0.05621019072219058
3547 0.9085807918874653 0.2312010596977389 0.050327308320625264 0.016099843878220544
3546 0.9073442937873267 0.17807605969773893 0.0565409407294446 0.014792011862998056
3545 0.9029646118915974 0.1242971436901277 0.0440409407294446 0.014282675893442986
1651 0.9090347335668405 0.21710672619964172 0.06275457313826394 0.013484179847775658
1650 0.9046550516711113 0.1633278101920305 0.06587957313826394 0.013611513840164412
1649 0.9034185535709724 0.11020281019203051 0.06744207313826393 0.013675180836358835
2644 0.8409568807932988 0.21518874053409776 0.009629573138263936 0.011319501977166357
2644 0.8381578826931598 0.16212740753029214 0.009593205547083272 0.009757001977166358
2644 0.836921384593021 0.10900240753029214 0.011155705547083273 0.009820668973360735
3534 0.8272392196991321 0.19697991000175008 0.024019381458888843 0.025955004942915895
3527 0.8221692067813542 0.14713907749223604 0.0224568814588892 0.025891337946721472
3521 0.8193338410900349 0.09251524448843045 0.025509146276527873 0.022893671939110273
1486 0.933471035903542 0.19186930426053145 0.09444098423243048 0.03350751977166348
1485 0.9275288540078126 0.13815405524911464 0.0913887194147918 0.03650518577927473
1484 0.8825059883164933 0.08524923114255759 0.09451371941479181 0.036632519771663485
1263 0.8656113886770835 0.19932631859498748 0.04593074905006951 0.02840884288963732
1256 0.8612498905769446 0.14632865258737626 0.047493249050069505 0.02847250988583174
1251 0.9490031572944446 0.08644963380429596 0.041206881458888844 0.026655341901054185
535 0.2212288750937156 0.3999668720156599 0.019550087005972293 0.03513900395433271
3488 0.13690189437666672 0.06949280482918514 0.014353440729444467 0.013073002965749536
2303 0.10101382617548674 0.7450313157036 0.07917966014423614 0.04849584980971962
2368 0.812677371578334 0.6800616654389575 0.05745013050895835 0.053854511862997965
232 0.09603799828757018 0.867224650684572 0.03473867591180557 0.017025673916276674
173 0.1841198797464591 0.8886592988976861 0.04106141109416668 0.020405341901054187
254 0.33580901310520905 0.8543267667687328 0.09742051386770836 0.02738485376405251
231 0.2535549850854519 0.6129151995822582 0.01591594072944442 0.013136669961943959
194 0.6093412452503474 0.1081097054765761 0.05381598423243048 0.0318521778706093
128 0.58009211597566 0.2289461288985611 0.11697060087368065 0.06252385771838495
189 0.546847777354167 0.4469122203053237 0.2758741286090974 0.11582922433401847
315 0.5081151985163199 0.5970687292025723 0.05970230832062491 0.01648184585538672
315 0.6955424633339587 0.5863036896592453 0.05657730832062491 0.016354511862997967
332 0.48760463639597285 0.690179400647391 0.05069098423243048 0.03172484387822046
332 0.6718887174180214 0.6787604450964528 0.04912848423243048 0.03166117688202626
66 0.47868292486496583 0.6428414856283629 0.06838763050895835 0.05430018083635879
66 0.6661101896826047 0.6320764460850359 0.06675239532659738 0.051111513840164415
232 0.5673850150050701 0.7917153843357686 0.03622844072944442 0.013964340912471052
172 0.6554668964639591 0.8131500325488826 0.04106141109416654 0.020405341901054187
172 0.4746357769729174 0.8721297376055294 0.04262391109416672 0.020469008897248387
232 0.7774321622315284 0.7784646733476229 0.0377909407294446 0.01402800790866543
172 0.8623890436904172 0.8000266555531258 0.04106141109416654 0.020405341901054187
277 0.7891599510817711 0.3080102519028043 0.014426175911805571 0.01619800296574958