4116 0.12815935284983118 0.8763661220239577 0.02053267589344294 0.04506112772394104
4111 0.11778292695638823 0.8332170555640971 0.020469008897248564 0.043498627723941044
1731 0.11218950155723686 0.7920839571732514 0.015399506920082207 0.0337958457929556
1730 0.10366207714666867 0.7558568800697294 0.015399506920082207 0.0337958457929556
2161 0.1554540233060667 0.8924774410817081 0.021076503954332713 0.020170388367602498
4128 0.1594066942565938 0.9125714197943846 0.02432883794672147 0.023513909654926123
4137 0.1492385153974013 0.8553052230126934 0.020405341901054187 0.04193612772394069
1734 0.13902125699444431 0.8160624065528328 0.016962006920082207 0.03390510643661741
4350 0.1524616744849303 0.8190399410817081 0.022286176882026165 0.0498578883676025
1776 0.13319040965618267 0.7498746778401564 0.05956068380210837 0.08518338317182242
1361 0.23530334938979008 0.852420887611298 0.046296679847775656 0.06555929802252862
3291 0.2421462569944443 0.8088512040711585 0.021203837946721472 0.023295388367602497
3211 0.23207092003630603 0.7923192679331288 0.02595500494291585 0.02518567029858776
1086 0.2258036739906387 0.8115609408296066 0.011319501977166357 0.010139824505632333
1362 0.22952424018853038 0.7298192679331288 0.04492518083635879 0.07013753737886681
3292 0.2575537396942388 0.7255088263472176 0.02021434091247105 0.037248627723940865
4194 0.27979744870521805 0.9253067305542618 0.023912343878220544 0.05152964901126396
2226 0.29295136471282934 0.9212530150831372 0.015526840912471052 0.036920845792955605
4443 0.3185416137242461 0.9147627144627186 0.043299013840164415 0.068465776735205
3755 0.32810495611959184 0.95718516124441 0.024519838935304607 0.028201409654926124
3756 0.3206970213289003 0.8715208128535643 0.021331171939110227 0.0264203883676025
4444 0.3430986033441228 0.8636865335204689 0.04167284684397003 0.06679401609154353
1093 0.31054342992213774 0.8338404963937037 0.03220500494291585 0.02562271287323483
3218 0.28154167942784614 0.833518068301446 0.02595500494291585 0.025185670298587582
3212 0.2692844185534312 0.7826657624852471 0.029207338935304604 0.028529191585911207
1087 0.2742411739906387 0.8081738608760928 0.03064250494291585 0.02551345222957302
2225 0.3526619457394685 0.9061089803021604 0.021012836958138336 0.0186078883676025
4193 0.3672802026595508 0.9379927648310357 0.023848676882026076 0.04996714901126431
4227 0.38510437262149466 0.9524158977507566 0.0237850098858317 0.04840464901126431
560 0.38118619376230223 0.8947126583944183 0.04023768083635879 0.06980975544788173
3553 0.40434912113861987 0.9440188897049848 0.023848676882026253 0.04996714901126431
4166 0.41093204357202173 0.9709802274521688 0.02525466798477751 0.00799817029858758
2198 0.4333972925834386 0.9647084481190736 0.02094916996194378 0.0170453883676025
2700 0.4444157056253003 0.9467014932916106 0.016452670950527094 0.021405106436617416
2721 0.5338774536481339 0.9310440062810608 0.021394838935304604 0.027982888367602498
2718 0.502079672507764 0.7851905569014794 0.019705004942915848 0.024748627723940864
3562 0.1658065914811247 0.8196737256105834 0.023912343878220544 0.05152964901126431
1652 0.1844465035344032 0.7964329675648116 0.04616934585538686 0.062434298022528624
1618 0.10017497980840702 0.6895052603915601 0.015399506920082207 0.0337958457929556
3205 0.09024156429508738 0.6956842045753614 0.020469008897248564 0.04349862772394068
2157 0.09580847338261639 0.6592550316788837 0.03064250494291587 0.02551345222957302
1082 0.1136498893902276 0.6548735342767736 0.011446835969555114 0.013264824505631979
4123 0.09332280193779771 0.6367080423225454 0.025891337946721472 0.023623170298587758
3207 0.09334004798346501 0.6179034120007145 0.027517504942915872 0.02529493094224957
1735 0.15444598573990606 0.7139153985070612 0.016962006920082207 0.03390510643661741
4145 0.16310074414286305 0.7532674756105834 0.017216674904859806 0.04015510643661742
1621 0.17010281923800327 0.7136040420704438 0.03255251482874764 0.07238845222957302
1619 0.13042089532172665 0.6819059278401564 0.04859400889724856 0.04546531930985207
3209 0.18262272387690798 0.6555348159556573 0.03395850593149907 0.030419473516896466
3206 0.17466830243208928 0.6333702388521352 0.030769838935304696 0.02863845222957302
2137 0.05823553612046691 0.563947885517611 0.017089340912471006 0.037030106436617416
4103 0.06932954501771549 0.6054798216556405 0.020469008897248564 0.043498627723940864
3515 0.08460703513188375 0.5574029545753614 0.020214340912471006 0.037248627723940685
3208 0.16040287258431363 0.5716896936795981 0.027517504942915848 0.025294930942249393
1083 0.13631145657670243 0.5765082336563551 0.022639003954332715 0.020279649011264313
2182 0.15590903216613422 0.5383144649669216 0.021012836958138336 0.0186078883676025
4151 0.13325278216613423 0.5398987443000168 0.026018671939110227 0.02674817029858776
1793 0.19687090767901633 0.7360199914500252 0.04986203163466159 0.15305929802252863
1793 0.29392232121516965 0.7143474512211668 0.09893088441013073 0.2484153566887187
1793 0.35082092003630605 0.7840154590148369 0.03274351581733086 0.07707595222957302
1793 0.3136989689339921 0.6228647915662407 0.03593218281352515 0.07885697351689647
1088 0.23758213790735283 0.6391560631056658 0.029143671939110227 0.026966691585911206
3213 0.2434156438388519 0.6669532811746806 0.03233233893530461 0.028747712873234833
1092 0.25639846349678463 0.6010169247380632 0.02908000494291585 0.025404191585911208
3217 0.28310554353484074 0.5834798634739828 0.03239600593149907 0.03031021287323483
4164 0.37237226786885924 0.8514543312908961 0.02908000494291585 0.025404191585911208
2196 0.3590445969183321 0.83201591644019 0.019386669961943957 0.01693612772394104
2644 0.41569384494116585 0.8186529029465366 0.016325336958138335 0.018280106436617417
1109 0.39340500946590223 0.8100263019578009 0.02094916996194387 0.0170453883676025
3234 0.3979505880210835 0.7869876397049849 0.02276633794672147 0.023404649011264312
4196 0.3710060860439172 0.7794700706472344 0.030706171939110228 0.02707595222957302
2228 0.3662084980971957 0.7578682222563887 0.021012836958138336 0.0186078883676025
2201 0.39919741163334904 0.7406753684176615 0.019514003954332716 0.020061127723940864
2199 0.39599149859148736 0.7581360200268158 0.021076503954332713 0.020170388367602498
4167 0.4222820845610425 0.7688332194063972 0.02758117193911023 0.026857430942249395
4169 0.4245475801124182 0.7475209481190737 0.025891337946721472 0.023623170298587758
4445 0.35348832220375276 0.7148830467620209 0.042980678859192524 0.060653276735205174
4447 0.34918814136739396 0.6478048074056826 0.0461693458553869 0.062434298022528624
3757 0.33092757269804435 0.718811076095116 0.02021434091247105 0.037248627723940685
3758 0.3269284807969902 0.6783499670606086 0.020087006920082206 0.03412362772394086
3236 0.39648890570184997 0.7126596290613232 0.025891337946721472 0.023623170298587758
1111 0.37946057319233595 0.7177677461416022 0.011383168973360735 0.011702324505632156
4170 0.38577689878176774 0.6805026929232936 0.02432883794672147 0.023513909654926123
2202 0.3817605608350463 0.6588462142106171 0.019514003954332716 0.020061127723940864
2227 0.3777123893902276 0.6364084854979405 0.02094916996194396 0.0170453883676025
4195 0.3619136344473117 0.614008961612727 0.02758117193911023 0.026857430942249395
3238 0.41340715026464253 0.6856218816592132 0.020469008897248564 0.043498627723940864
3239 0.42428098326844815 0.683294557153581 0.020469008897248564 0.043498627723940864
2858 0.4343417327741566 0.6802406129697798 0.019033842889637498 0.04651436708027905
2859 0.4428718157779622 0.6780771794296403 0.02241351087441501 0.052982888367602496
2860 0.45218314878176785 0.6758591155676699 0.02241351087441501 0.052982888367602496
2862 0.46152631528367055 0.6744223017056994 0.020851010874414832 0.052873627723940865
2864 0.4716825652836706 0.6737121075218981 0.020851010874414832 0.052873627723940865
2866 0.4809620647893789 0.6707127936599278 0.02085101087441501 0.052873627723940865
2870 0.4918995647893789 0.6699479691542956 0.02085101087441501 0.052873627723940865
2872 0.5010835638007958 0.6646049052923251 0.02085101087441501 0.052873627723940685
2879 0.5113034807969902 0.6654572111085238 0.02085101087441501 0.052873627723940865
2882 0.5189568133065043 0.6610046578902151 0.02085101087441501 0.052873627723940685
2888 0.5289857293141154 0.6571694637064139 0.02085101087441501 0.052873627723940865
2892 0.538297062317921 0.6549513998444436 0.02085101087441501 0.052873627723940685
2896 0.5476402288198239 0.653514585982473 0.02085101087441501 0.052873627723940685
2903 0.561749149770351 0.6728983705113484 0.02085101087441501 0.052873627723940865
2907 0.5660718938388518 0.6443909582585323 0.020723676882026254 0.04974862772394086
2909 0.5738525603407547 0.6430634050402236 0.020723676882026254 0.04974862772394069
2912 0.6007997209111584 0.6121904634543124 0.02435801285158128 0.06246714901126431
1113 0.402776056386422 0.6362228151993528 0.015399506920082295 0.0337958457929556
1114 0.4128686393902276 0.6339501210155515 0.015399506920082118 0.0337958457929556
754 0.42214813889593594 0.630950807153581 0.015399506920082118 0.0337958457929556
755 0.4314276384016445 0.6279514932916106 0.015399506920082118 0.0337958457929556
756 0.4407708049035472 0.6265146794296402 0.015399506920082118 0.0337958457929556
1579 0.4508633879073528 0.624241985245839 0.013773339923887917 0.03212408514929379
760 0.4601428874130612 0.6212426713838685 0.015399506920082118 0.0337958457929556
762 0.4694223869187697 0.6182433575218982 0.015399506920082118 0.0337958457929556
766 0.4787337199225753 0.6160252936599278 0.015399506920082118 0.0337958457929556
768 0.48885813642447806 0.6145338494761264 0.015399506920082118 0.0337958457929556
1583 0.49813763593018656 0.611534535614156 0.013773339923887917 0.03212408514929379
1585 0.5167921354358949 0.6078796578902151 0.015463173916276673 0.0353583457929556
1587 0.5555681339530201 0.5981168917986718 0.015463173916276673 0.0353583457929556
778 0.507448968933992 0.6093164717521856 0.015399506920082295 0.0337958457929556
788 0.5268210514435061 0.604044463706414 0.015399506920082118 0.0337958457929556
792 0.5361642179454089 0.6026076498444435 0.015399506920082118 0.0337958457929556
798 0.5454437174511174 0.5996083359824731 0.015399506920082118 0.0337958457929556
805 0.5648157999606314 0.5943363279367014 0.015399506920082295 0.0337958457929556
808 0.5827673039149641 0.6118844608564223 0.030990014828747546 0.0722791915859112
2902 0.5350672915576744 0.5564592695226127 0.022286176882026075 0.0498578883676025
2757 0.6286487841804816 0.9110978570176951 0.019705004942915848 0.024748627723940687
2758 0.5997531685534312 0.7595571363507903 0.01651633794672147 0.022967606436617417
2771 0.7253500292375656 0.8808315667888366 0.019705004942915848 0.02474862772394104
2646 0.8298637742946499 0.8500189733416695 0.03564833992388792 0.0336537341605581
2558 0.741847826652377 0.7088801571339106 0.16619268577927465 0.10198810694082035
1271 0.6137148508726649 0.833011061845158 0.4658982085166876 0.23045086859288838
2925 0.6371709610253268 0.5626385776845998 0.03220500494291585 0.02562271287323483
821 0.6581055435348407 0.5572573089951665 0.011446835969555202 0.013264824505631979
828 0.6684063735728968 0.5408674844895343 0.008449169961943781 0.01617130321830871
836 0.7046277164625342 0.5837762503289762 0.010075336958138337 0.017843063861970522
838 0.7023184585538689 0.546330880650807 0.00994800296574958 0.014718063861970521
837 0.6993062050938276 0.5300885216162996 0.011383168973360825 0.011702324505632156
835 0.6829317885919248 0.5320170083747479 0.011383168973360825 0.011702324505632156
831 0.6682962856261753 0.5189378541677034 0.011383168973360825 0.011702324505632156
823 0.6506631166528146 0.5092022212479825 0.011383168973360825 0.011702324505632156
846 0.713226783649009 0.506394295501513 0.011446835969555025 0.013264824505632156
857 0.7628421230786053 0.5319134655479993 0.011446835969555025 0.013264824505632156
851 0.7472807900747996 0.5345685719846167 0.011383168973360825 0.011702324505632156
853 0.8016472965005903 0.5613224601001177 0.010075336958138337 0.017843063861970522
2931 0.6778105484777566 0.5793836812712256 0.02241351087441501 0.052982888367602496
2939 0.6937220499606314 0.5853223248346083 0.022477177870609388 0.0545453883676025
2941 0.7248792080595772 0.5424028513177118 0.03214133794672147 0.024060212873234656
2940 0.7202407876033416 0.5247072529268662 0.03220500494291585 0.025622712873234654
2954 0.7488923696185641 0.5164359310191241 0.03207767095052709 0.022497712873234654
2960 0.783744872090022 0.5257509468585659 0.033767504942915846 0.02573197351689647
2949 0.7332846156642314 0.49872390713391057 0.03220500494291585 0.02562271287323483
2927 0.6289154506452034 0.5138568702592468 0.03220500494291585 0.025622712873234654
2934 0.6590194447137042 0.48354665738601205 0.02085101087441501 0.052873627723940685
2793 0.586103209542452 0.5591582986036062 0.015017504942915849 0.024420845792955604
2938 0.688385951139495 0.5120487158001008 0.03220500494291585 0.02562271287323483
4175 0.6133687050938277 0.5360978570176951 0.025891337946721472 0.023623170298587758
4177 0.7409299723940332 0.6094428858465871 0.017216674904859806 0.04015510643661742
4180 0.7502413053978388 0.6072248219846166 0.01721667490485963 0.04015510643661742
4181 0.7587077214054501 0.6034988884444772 0.01708934091247105 0.037030106436617416
4182 0.7688321379073528 0.602007444260676 0.017216674904859806 0.04015510643661742
4183 0.7781434709111584 0.5997893803987054 0.017216674904859806 0.04015510643661742
4184 0.7889854704168668 0.5966808058930733 0.017216674904859806 0.04015510643661742
4186 0.7982968034206726 0.5944627420311029 0.017216674904859806 0.04015510643661742
2956 0.8092343034206724 0.5936979175254707 0.018842841901054185 0.04182686708027905
2209 0.7314939639910761 0.5701454390648958 0.015335839923887918 0.0322333457929556
2212 0.7415865469948818 0.5678727448810945 0.015335839923887918 0.0322333457929556
2213 0.7516472965005903 0.5648188006972932 0.015399506920082118 0.0337958457929556
2214 0.7609904630024931 0.5633819868353228 0.015463173916276673 0.0353583457929556
2215 0.7703336295043959 0.5619451729733524 0.015399506920082118 0.0337958457929556
2216 0.7788318790101043 0.5590004894332129 0.015399506920082295 0.0337958457929556
2218 0.7888926285158127 0.5559465452494117 0.016962006920082116 0.03390510643661741
1363 0.91500543684222 0.8244783879402741 0.06686384783255335 0.07322968639013112
3293 0.9062233444468741 0.7820013108367518 0.022957338935304605 0.028092149011264313
2962 0.8969955830781677 0.7285867337332297 0.0353936719391104 0.0274037341605581
859 0.8930429121276406 0.7084927550205531 0.011446835969555025 0.013264824505632156
861 0.9753454637253398 0.8040459196191577 0.049309072549320376 0.06218292574646931
2964 0.9727423409868331 0.7608968531592973 0.04183467292769336 0.032528276735204996
4191 0.99239237157714 0.7115470631825404 0.01521525684572005 0.043498627723940864
2223 0.99798712627291 0.7508445099642318 0.004025747454180007 0.03390510643661741
1793 0.9777907134596034 0.5041334009297243 0.04441857308079307 0.2606204257464693
870 0.9788729827741566 0.6421632786536652 0.021012836958138336 0.0186078883676025
871 0.972049979808407 0.628537821228312 0.011383168973360825 0.011702324505632156
2873 0.9510981512532257 0.6527237202395764 0.033767504942915846 0.025731973516896288
2874 0.9464278972988931 0.6342468718487307 0.033767504942915846 0.025731973516896288
3356 0.9553134659682424 0.5638961670212677 0.06513952174883002 0.10738616510280767
2220 0.9450033656642315 0.48391908991774546 0.016962006920082474 0.03390510643661741
4188 0.9347861072612744 0.44467627345788496 0.020405341901054187 0.04193612772394086
1246 0.10362233748961094 0.40877978427677364 0.18470655832640728 0.2886904314464527
333 0.03801192494204083 0.4329546116323974 0.0241033448668037 0.05621714901126431
272 0.11690092889637353 0.4462415794493107 0.06261669961943914 0.1601833831718224
4156 0.1965366907593716 0.49708317758805476 0.018906508897248563 0.043389367080279226
3215 0.1852835143716371 0.45164499145002523 0.020469008897248564 0.043498627723940864
3216 0.21149052870609308 0.5179748317950992 0.020469008897248564 0.043498627723940864
4158 0.23502087060714727 0.5570701827838349 0.018842841901054185 0.04182686708027923
3219 0.25305328760334167 0.557376185381725 0.018906508897248563 0.043389367080279226
3223 0.2622054531166613 0.5512518715197545 0.017216674904859806 0.04015510643661742
3227 0.2769855361204669 0.5486513954049681 0.020405341901054187 0.04193612772394086
3228 0.28782753562617536 0.5455428208993359 0.018906508897248563 0.04338936708027905
3235 0.32591778463759213 0.5381784351296235 0.020405341901054187 0.04193612772394069
4165 0.30806443977078846 0.4845835415662408 0.025891337946721472 0.023623170298587758
3233 0.2985647643716371 0.44372359478454937 0.025891337946721472 0.023623170298587758
3230 0.29285859243252677 0.41905137671553466 0.025891337946721472 0.023623170298587758
3237 0.32074351190017913 0.43042056545145424 0.023848676882026167 0.04996714901126431
3229 0.27283525250863894 0.3891125044394754 0.025891337946721472 0.023623170298587758
3225 0.24089950300293056 0.39369609763454105 0.018906508897248563 0.04338936708027914
3220 0.20824617049341657 0.39989682115143743 0.018906508897248563 0.04338936708027905
3214 0.18850667345916608 0.41537970951904 0.027517504942915893 0.025294930942249393
2190 0.2256485292003847 0.5193352360021436 0.016962006920082207 0.03390510643661741
1094 0.2468696131927735 0.5209852173127102 0.010075336958138337 0.017843063861970522
1098 0.2515252796946763 0.5198761853817249 0.010139003954332714 0.01940556386197052
1102 0.2739586952079959 0.5128231560486298 0.010075336958138337 0.017843063861970522
1103 0.2802086952079959 0.5123861134739828 0.010075336958138337 0.017843063861970522
1110 0.31911202771750996 0.5057483473824395 0.010202670950527093 0.02096806386197052
1091 0.21256093878220525 0.48656094082960666 0.011383168973360825 0.011702324505631977
1090 0.20318859737544268 0.44882599404791523 0.011383168973360735 0.011702324505632156
1089 0.20024001091159596 0.4341461350134079 0.021076503954332713 0.020170388367602498
1105 0.2711109264249156 0.42370602572679894 0.019514003954332716 0.020061127723940687
1108 0.28072334836402585 0.44810509218665934 0.011510502965749491 0.014827324505632155
2197 0.2871616907593716 0.4907460602556742 0.022639003954332715 0.020279649011264313
2188 0.20548326783167817 0.46668548340425353 0.021012836958138336 0.0186078883676025
1095 0.2164897520143474 0.3907021376112979 0.010075336958138337 0.01784306386197034
1100 0.22967550152005584 0.38742967214017315 0.008449169961943958 0.01617130321830871
1104 0.2549620030029306 0.3927127518415854 0.011510502965749491 0.014827324505632155
1097 0.2055721566532521 0.33427182115143744 0.010075336958138337 0.017843063861970432
1099 0.2163823226608633 0.3303819966458053 0.008576503954332714 0.01929630321830871
1101 0.22237765467608578 0.3236949540711584 0.010075336958138337 0.01784306386197034
1106 0.25201607513232127 0.3396423821634163 0.011446835969555114 0.013264824505632156
753 0.40883771399107627 0.592707761981044 0.02094916996194396 0.0170453883676025
751 0.4042311270329379 0.5757934135901983 0.021012836958138336 0.0186078883676025
750 0.3996245400747996 0.5588790651993527 0.021012836958138336 0.0186078883676025
749 0.39658045311666135 0.5418554561648453 0.021012836958138336 0.0186078883676025
748 0.391973866158523 0.5249411077739996 0.021012836958138336 0.0186078883676025
747 0.3881485292003847 0.5079721290613232 0.021012836958138336 0.0186078883676025
746 0.3843550257403436 0.4917844003486467 0.021012836958138336 0.0186078883676025
1112 0.3381976087441492 0.49344508933666786 0.030990014828747546 0.0722791915859112
745 0.37287901486592867 0.440877464210617 0.021012836958138336 0.0186078883676025
744 0.36902184440969316 0.42312723549794046 0.021012836958138336 0.0186078883676025
743 0.3644470909496521 0.4069941371070948 0.021012836958138336 0.0186078883676025
742 0.36062175399151375 0.39002515839441826 0.021012836958138336 0.0186078883676025
1117 0.3567964170333754 0.37305617968174176 0.021012836958138336 0.018607888367602587
1116 0.35300291357333435 0.3568684509690653 0.021012836958138336 0.0186078883676025
1115 0.34914574311709884 0.3391182222563887 0.021012836958138336 0.018607888367602587
2195 0.3359095499606314 0.6103430122331457 0.021076503954332713 0.020170388367602498
4163 0.3280506290101043 0.5905221851296234 0.025891337946721472 0.023623170298587758
3222 0.19732857513232127 0.34346650469157697 0.017216674904859806 0.04015510643661742
3224 0.22227949558855675 0.35974171471482014 0.01708934091247105 0.037030106436617416
3226 0.23146349459997356 0.3543986508528497 0.020405341901054187 0.04193612772394086
3231 0.24740948817418298 0.3227280337725706 0.025891337946721472 0.023623170298587758
2857 0.38331113197585376 0.6007605626014627 0.03220500494291585 0.025622712873234654
2855 0.3802033780215211 0.5821744535669553 0.03220500494291585 0.025622712873234654
2854 0.37562862456148 0.5660413551761095 0.03207767095052709 0.02249771287323483
2853 0.37261637110143886 0.5497989961416023 0.03214133794672147 0.024060212873234833
2852 0.36804161764139776 0.5336658977507566 0.03214133794672147 0.024060212873234656
2851 0.3648383631927735 0.5127360387162492 0.028952670950527094 0.022279191585911205
2850 0.3618261097327323 0.49649367968174174 0.029016337946721472 0.023841691585911207
2849 0.3496325158545118 0.44720387386554306 0.029016337946721472 0.023841691585911207
2848 0.3450577623944707 0.4310707754746973 0.03220500494291585 0.02562271287323483
2847 0.3412324254363324 0.41410179676202086 0.02908000494291585 0.025404191585911208
2846 0.3366258384781941 0.3971874483711752 0.03214133794672147 0.024060212873234656
3242 0.3343630015200558 0.3801092090148369 0.025891337946721472 0.023623170298587758
3241 0.3312552475657231 0.3615230999803295 0.025891337946721472 0.023623170298587758
3240 0.327461744105682 0.345335371267653 0.025764003954332714 0.02049817029858776
4172 0.5134151260443548 0.563457668533877 0.020469008897248564 0.04349862772394068
4171 0.48186403710905007 0.5390257510852807 0.020405341901054187 0.04193612772394069
2876 0.45788536764139776 0.5273834107402069 0.03220500494291585 0.02562271287323483
2875 0.44698235973273237 0.4905389746021772 0.02241351087441501 0.052982888367602496
2869 0.4181106018240669 0.45495103586625757 0.02908000494291585 0.025404191585911208
2874 0.42895525992301275 0.4134519507169637 0.02085101087441501 0.052873627723940865
2873 0.4244640780980708 0.34168621136062544 0.02085101087441501 0.052873627723940865
2884 0.45229725942872123 0.40946929106203767 0.02091467787060921 0.054436127723940866
2883 0.44796524509426516 0.3416098017056994 0.02085101087441501 0.052873627723940865
2893 0.46414866060758475 0.33499381494725117 0.02085101087441501 0.052873627723940865
2904 0.49466649015134934 0.3148398520740165 0.02085101087441501 0.052873627723940865
2898 0.5153583335352783 0.3611849743500756 0.032268671939110226 0.027185212873234655
2901 0.5049765904553605 0.39481692917753863 0.02091467787060921 0.054436127723940776
2910 0.5327978429268183 0.4046236179134583 0.03220500494291585 0.025622712873234654
2885 0.49090877326888566 0.47258129625781775 0.01903384288963732 0.04651436708027905
2891 0.5310536122041902 0.49641228016627437 0.02908000494291585 0.025404191585911208
2899 0.5323468567669829 0.47046713920078176 0.03220500494291585 0.02562271287323483
2895 0.5066783533069417 0.4558090594993695 0.03220500494291585 0.02562271287323483
2906 0.5346123523183586 0.4491548679134583 0.03220500494291585 0.025622712873234654
2920 0.6086838636870651 0.4980351283050185 0.03220500494291585 0.025622712873234654
4174 0.6017335267289268 0.4812846708796655 0.025891337946721472 0.023623170298587758
2919 0.599407022774594 0.46264393152332717 0.03220500494291585 0.025622712873234654
4173 0.5932061023183586 0.4450575937761433 0.02582767095052709 0.02206067029858776
2918 0.592473931862123 0.42708884377614326 0.03364017095052709 0.022606973516896466
2917 0.587899178402082 0.4109557453852976 0.03220500494291585 0.025622712873234654
2916 0.5839783409496521 0.3916430166726211 0.03220500494291585 0.025622712873234654
2924 0.5941200034972222 0.37134694216698894 0.02908000494291585 0.025404191585911208
2915 0.5738565830409866 0.3547439502127606 0.03220500494291585 0.025622712873234654
2914 0.569967579086654 0.33621247150008404 0.03220500494291585 0.025622712873234654
2913 0.5644842416342241 0.3170090034310693 0.02908000494291585 0.025404191585911208
2923 0.6271327747517604 0.4701068702592468 0.02247717787060921 0.0545453883676025
2929 0.6304832678316782 0.43696658832826163 0.02091467787060921 0.054436127723940686
2930 0.6336109264249157 0.3983575563972764 0.020787343878220454 0.051311127723940864
2935 0.6484228429268184 0.39653833028248997 0.019033842889637498 0.04651436708027905
2942 0.667633099352609 0.42575058288038 0.02241351087441501 0.052982888367602496
2946 0.6683705869953194 0.3669383115930565 0.029016337946721472 0.023841691585911207
2945 0.6579623276037792 0.32300799513319606 0.03220500494291585 0.025622712873234654
2937 0.6351469101132933 0.3206860244662912 0.020787343878220454 0.051311127723940864
2926 0.5964199911399325 0.31242541023600373 0.03220500494291585 0.025622712873234654
2932 0.6188534066532521 0.3053723809029085 0.02091467787060921 0.054436127723940866
2947 0.6582050667293643 0.2712816041677034 0.03220500494291585 0.025622712873234654
4176 0.7232583582498575 0.46416859067405014 0.02589133794672165 0.023623170298587758
4178 0.6855872619001792 0.4049082051564391 0.018906508897248563 0.04338936708027905
2948 0.7172020178316781 0.4309026226050353 0.03220500494291585 0.02562271287323483
2951 0.7226243468811511 0.4101530800303884 0.03220500494291585 0.025622712873234654
2957 0.7443255919382352 0.3851313006972932 0.033767504942915846 0.02573197351689647
2959 0.7411860044858053 0.3657639416627858 0.03539367193911023 0.0274037341605581
2953 0.7117531724705829 0.3740898938923588 0.03207767095052709 0.022497712873234745
4185 0.723190738174183 0.28945816777757233 0.020469008897248564 0.043498627723940864
4189 0.8358499056646689 0.2854976514339274 0.018842841901054185 0.04182686708027905
4187 0.9106509288963736 0.3907371724691493 0.02595500494291585 0.02518567029858776
2972 0.8846959239534578 0.36904784276773706 0.033767504942915846 0.02573197351689647
2971 0.8807114195048333 0.3481726140550605 0.03220500494291585 0.025622712873234654
3294 0.9709862510257643 0.3332417467226799 0.020214340912470874 0.037248627723940865
2968 0.8487398834215476 0.17882703435364827 0.033767504942915846 0.025731973516896423
2963 0.796300632927256 0.18014351591631642 0.022540844866803765 0.05610788836760259
2389 0.7740873933073793 0.2310558058930733 0.05669035178688588 0.09121486188449897
765 0.44217018433358096 0.44935124588950065 0.021012836958138336 0.0186078883676025
770 0.44242751091159604 0.417210735245839 0.016898339923887916 0.03234260643661742
769 0.43487233748961096 0.3856165278204859 0.015399506920082295 0.0337958457929556
772 0.46708661269848195 0.5032357165564055 0.021076503954332537 0.020170388367602498
787 0.5078389466908707 0.5035199398212005 0.02094916996194396 0.0170453883676025
795 0.5113486072612744 0.4742859078902152 0.011446835969555202 0.013264824505631979
791 0.4980063488583174 0.4352616127176782 0.022639003954332715 0.020279649011264313
802 0.5166290148659287 0.43082548499373735 0.021076503954332713 0.020170388367602498
806 0.5375635973754427 0.42544421630430396 0.021012836958138336 0.0186078883676025
797 0.49225375596868004 0.3902222643268326 0.015399506920082118 0.0337958457929556
794 0.4866112510257642 0.36711254625781775 0.009820668973360824 0.011593063861970431
800 0.4896261630790427 0.3449643946486634 0.015399506920082118 0.0337958457929556
780 0.46508376091159603 0.4156264559127438 0.016962006920082116 0.03390510643661741
779 0.4583416709877081 0.3847588681655599 0.016962006920082116 0.03390510643661741
2204 0.5009469595424519 0.5651130036831707 0.013773339923887917 0.03212408514929379
2203 0.49339178612046697 0.5335187962578178 0.013709672927693362 0.03056158514929379
1581 0.4575378577555661 0.48039915009654505 0.016962006920082116 0.03390510643661741
1584 0.47899902228030256 0.4687132510852807 0.016962006920082116 0.03390510643661741
1780 0.4858047792003847 0.5011433388324648 0.015399506920082118 0.0337958457929556
4425 0.35562123619701663 0.30575941903808 0.020469008897248564 0.043498627723940864
2207 0.5889271206071472 0.5323226469944519 0.021076503954332713 0.020170388367602498
816 0.5830617811775511 0.5037441789254371 0.021012836958138336 0.0186078883676025
815 0.5738167737631772 0.46913423214374583 0.021012836958138336 0.0186078883676025
814 0.5670110168430951 0.43670414439656186 0.021012836958138336 0.0186078883676025
813 0.5631538463868595 0.4189539156838853 0.021012836958138336 0.0186078883676025
812 0.5585790929268184 0.40282081729303965 0.021012836958138336 0.0186078883676025
811 0.5497651670333754 0.35956249018951747 0.021012836958138336 0.018607888367602587
810 0.5451904135733343 0.3434293917986718 0.021076503954332713 0.020170388367602498
809 0.5405519931170988 0.32573379340782616 0.021076503954332713 0.020170388367602498
2206 0.5784551942194127 0.4868298305345915 0.01938666996194378 0.016936127723940687
2205 0.5700551038012334 0.4537277534310693 0.01938666996194378 0.016936127723940687
819 0.6184461828507063 0.42997354315572467 0.010075336958138337 0.017843063861970522
827 0.6397309338392894 0.4331860244662912 0.010075336958138337 0.01784306386197034
832 0.6552604333449978 0.42974966802967385 0.010139003954332714 0.01940556386197052
839 0.6791608483640259 0.42024362805291704 0.010075336958138337 0.017843063861970522
845 0.6962037683259699 0.4347213912944687 0.011383168973360825 0.011702324505631977
848 0.7070802599230127 0.39400355614517485 0.011383168973360825 0.011702324505632156
854 0.7218285094287212 0.3906218300303884 0.01151050296574958 0.014827324505632155
856 0.7218630015200558 0.35301256938672665 0.01151050296574958 0.014827324505632155
850 0.7063016685162502 0.355667675823344 0.013073002965749581 0.01493658514929388
843 0.6753872495428894 0.34686075837474784 0.011383168973360825 0.011702324505632156
842 0.6626325815581119 0.34148484352404174 0.011383168973360825 0.011702324505632156
834 0.6419845005314727 0.3538973622134751 0.011446835969555025 0.013264824505632156
829 0.6272853305695287 0.33925570800643073 0.01151050296574958 0.014827324505632155
827 0.6266460020143474 0.36202121865009246 0.008576503954332714 0.01929630321830871
820 0.6163770054743886 0.3791922931557246 0.011383168973360825 0.011702324505632156
822 0.6089345785923623 0.3311372054085407 0.01151050296574958 0.014827324505632155
2208 0.7006976087441492 0.46809662000714525 0.022639003954332715 0.020279649011264313
2210 0.6971786779077904 0.40096375032897613 0.016962006920082116 0.03390510643661741
2217 0.7136910627750316 0.24859822099588097 0.016962006920082116 0.03390510643661733
2621 0.8641207801889678 0.4793897630663248 0.12168658798390268 0.4245079631253363
2221 0.8460034970714314 0.32317796789378783 0.015399506920082472 0.0337958457929556
2219 0.8865913463868594 0.3963369624459062 0.021012836958138336 0.018607888367602587
869 0.9080060899610689 0.36428393311281104 0.011383168973360825 0.011702324505632156
868 0.9063971690105419 0.3440260634346419 0.021012836958138336 0.0186078883676025
1364 0.956625320683697 0.2692174515501429 0.05557352076024671 0.10204310124083724
2563 0.8854824911399325 0.2922121911585827 0.027610346843970034 0.06581067029858775
2301 0.8929302352084335 0.2634862576184432 0.03118101581733086 0.07696669158591121
2643 0.9091136507217531 0.2568702708599949 0.037876684790691686 0.0883412341605581
3689 0.9264284847141419 0.2587934037797159 0.05932987353571591 0.19423060124083724
4154 0.168708826615196 0.3525190765993191 0.025891337946721472 0.023623170298587758
4153 0.15610139726171196 0.29307302078312036 0.025891337946721472 0.023623170298587758
3272 0.018224712471020414 0.21653193613802957 0.01964133794672148 0.023186127723940863
4200 0.034393540531910155 0.19033006905775052 0.025891337946721483 0.023623170298587758
3270 0.08153513737588021 0.25127864071339107 0.020469008897248564 0.043498627723940864
4152 0.07690203410611952 0.15680202103522192 0.020469008897248564 0.04349862772394082
4198 0.09061170703381297 0.18561543588592805 0.025891337946721472 0.023623170298587758
3271 0.13281113589300544 0.24064178947255382 0.02034167490485981 0.04037362772394086
4155 0.13052178262324476 0.14600127882889208 0.017216674904859806 0.04015510643661733
4199 0.1425734550566466 0.1725802043232599 0.02582767095052709 0.02206067029858776
3497 0.11475751977166349 0.0859924943000168 0.02595500494291585 0.02518567029858776
4159 0.16489944121648217 0.10520703402467216 0.020214340912471006 0.037248627723940816
4162 0.19037162650146527 0.19195863501340787 0.027517504942915893 0.025294930942249483
4161 0.1856377055509382 0.1719192866225622 0.025891337946721472 0.023623170298587758
4353 0.29266097977122596 0.2796064644627186 0.02397601087441492 0.053092149011264314
4351 0.18589503212895317 0.13977877597890048 0.019033842889637366 0.0465143670802791
4160 0.18851335475263548 0.08866974404791528 0.02595500494291585 0.02518567029858776
3552 0.22084835228117755 0.07465652053101883 0.02215884288963732 0.046732888367602546
2644 0.23913543726214948 0.08121252312890888 0.016325336958138335 0.01828010643661735
2700 0.26313796444818677 0.20880764540496805 0.01964133794672147 0.023186127723940863
2721 0.3644457964634092 0.19545570356695527 0.02126750494291585 0.024857888367602544
2718 0.33102184832684484 0.04814901483103564 0.01964133794672147 0.023186127723940818
2757 0.45590112600717364 0.17104057559091293 0.019641337946721647 0.023186127723940863
2758 0.4279459278706093 0.023351474602177208 0.01814250494291585 0.024639367080279084
2771 0.5545150395433269 0.14925877471839274 0.01964133794672147 0.023186127723940863
2770 0.5179342579086654 0.0065185257267989264 0.021203837946721472 0.013037051453597853
2646 0.6550907011023138 0.11793808288037996 0.03721083992388792 0.03376299480421992
2861 0.3556411408359213 0.24856427807258746 0.020723676882026077 0.04974862772394086
2863 0.3633581403416297 0.24567422485427876 0.020851010874414922 0.052873627723940865
2865 0.37338705634924096 0.2418390306704775 0.020851010874414922 0.052873627723940865
2868 0.38426088935304653 0.23951170616484535 0.0209146778706093 0.054436127723940866
2871 0.39435347235685214 0.23723901198104408 0.020851010874414922 0.052873627723940865
2877 0.40288355536065784 0.2350755784409045 0.02091467787060921 0.054436127723940866
2880 0.4128488043720746 0.22967788425710323 0.020723676882026077 0.04974862772394086
2887 0.42378630437207454 0.22891305975147108 0.02091467787060921 0.054436127723940866
2890 0.4330339703796858 0.22513249588950068 0.020978344866803767 0.05599862772394078
2894 0.44400330387778303 0.22514892138386852 0.02091467787060921 0.054436127723940866
2897 0.45156113589300545 0.21835261816555987 0.020978344866803767 0.05599862772394086
2905 0.4624668023949082 0.21680654365992771 0.022540844866803765 0.05610788836760259
2908 0.4733088019006166 0.21369796915429556 0.020978344866803767 0.05599862772394086
2921 0.565620977299768 0.24876710182191494 0.02091467787060921 0.054436127723940866
2928 0.5862863043720746 0.21754995281065065 0.03220500494291585 0.025622712873234654
2936 0.6065351373758802 0.2145670644430481 0.02241351087441501 0.052982888367602586
2943 0.6281236358930055 0.20600616543178382 0.02091467787060939 0.054436127723940866
2950 0.6776898957788372 0.24954871580010085 0.03214133794672147 0.024060212873234656
2952 0.6676490509120334 0.19540751901840955 0.03214133794672147 0.024060212873234656
2958 0.7072208868815887 0.2051760029268662 0.03064250494291585 0.02551345222957302
4192 0.7884151956651065 0.08276041752547075 0.017089340912470875 0.03703010643661735
2965 0.7526421803420672 0.012632313900407704 0.033767504942915846 0.02526462780081541
2966 0.745532675893443 0.0027219003486466053 0.03539367193911023 0.0054438006972932105
2970 0.8320431788591925 0.016322901521540856 0.026047846843970036 0.03264580304308171
2975 0.8522601783649009 0.014050207337739578 0.025984179847775835 0.028100414675479156
2976 0.9292802761974542 0.05959107927408373 0.026047846843970036 0.06570140965492603
877 0.01938530585494936 0.2642428164598605 0.01916117688202613 0.04963936708027905
1349 0.04553397037968581 0.252229135517611 0.044670512851581266 0.06388753737886681
1350 0.10325096988539421 0.24584274170212678 0.043299013840164456 0.06846577673520508
1765 0.03990871148243724 0.2103147871267653 0.021012836958138315 0.018607888367602587
1793 0.051470952585188676 0.16719857165564056 0.04396485870696813 0.12304401609154336
2639 0.019251360189842907 0.1263604042070444 0.023466674904859784 0.04059214901126431
2183 0.06813187056996624 0.17230133489719232 0.015526840912471007 0.036920845792955605
1763 0.09293821098814566 0.2042561752422663 0.024201503954332716 0.020388909654926034
1632 0.1559939679082279 0.2327528798176278 0.04349001482874763 0.07315327673520518
1793 0.10496336710992513 0.1532728294493107 0.04396485870696813 0.12304401609154336
537 0.12183519072219058 0.10586795172536986 0.03839133794672147 0.024497255447881637
2187 0.12165611859279987 0.15915684269086247 0.016962006920082207 0.03390510643661737
1764 0.1449317925090765 0.1920021936795982 0.021012836958138336 0.018607888367602587
2186 0.16391123866847454 0.33091722820847347 0.019514003954332716 0.020061127723940864
2185 0.16008590171033626 0.3139482494957969 0.019514003954332716 0.020061127723940864
2194 0.2109560405319102 0.17798361632397447 0.019386669961943957 0.01693612772394082
2193 0.20706703657757744 0.15945213761129792 0.022639003954332715 0.020279649011264313
1429 0.2021421146384672 0.13472528922045227 0.01995967292769345 0.030998627723940818
2191 0.17436728311753633 0.14528573080636348 0.016962006920082207 0.03390510643661733
2192 0.19562285920125974 0.10932645147326832 0.021203837946721472 0.023295388367602587
1431 0.27185373125410073 0.28811273315215197 0.0365396778706093 0.05552873416055819
1270 0.4427206936879401 0.10752328687466375 0.4645267095052709 0.2150465737493275
1345 0.6740370192773719 0.05386360127927455 0.04721719269935694 0.1077272025585491
757 0.36754823323126706 0.29082283388878616 0.016962006920082207 0.03390510643661733
759 0.37685956623507266 0.2886047700268158 0.016962006920082297 0.03390510643661741
761 0.3861390657407811 0.28560545616484534 0.016962006920082207 0.03390510643661741
764 0.3961998152464895 0.28255151198104406 0.016962006920082116 0.03390510643661733
767 0.40472989825029515 0.2803880784409045 0.016962006920082116 0.03390510643661733
773 0.41404123125410075 0.2781700145789341 0.016962006920082116 0.03390510643661733
776 0.4241338142579064 0.2758973203951328 0.016962006920082116 0.03390510643661741
783 0.434226397261712 0.27362462621133155 0.016962006920082116 0.03390510643661733
786 0.44350589676742036 0.2706253123493611 0.016962006920082297 0.03390510643661741
790 0.4536303132693232 0.26913386816555984 0.016962006920082297 0.03390510643661733
793 0.4621285627750316 0.26618918462542035 0.016962006920082116 0.03390510643661741
801 0.4722211457788372 0.263916490441619 0.016962006920082116 0.03390510643661733
804 0.4815324787826428 0.2616984265796486 0.016962006920082116 0.03390510643661733
817 0.5766858112921568 0.2511272773162828 0.010202670950527093 0.02096806386197043
824 0.5901116413302129 0.2345189315233272 0.01151050296574958 0.014827324505632155
833 0.6158438117864484 0.2507395112247394 0.010139003954332714 0.019405563861970343
840 0.637495977299768 0.2437411122134751 0.010202670950527093 0.02096806386197043
844 0.6536303132693232 0.25514850577685777 0.011446835969555202 0.013264824505632156
847 0.6676145588206989 0.2330167796620713 0.01151050296574958 0.014827324505632155
849 0.6722874713682689 0.2131031174092552 0.011383168973360825 0.011702324505632156
855 0.6878169708739774 0.20966676097263787 0.011446835969555025 0.013264824505632156
860 0.8078920489348672 0.1761990610888534 0.010202670950527093 0.02096806386197043
865 0.8224320514063251 0.1869344652958978 0.021012836958138336 0.018607888367602587
2224 0.7986961210642578 0.12356573398533122 0.013709672927693362 0.030561585149293878
862 0.7742306788591925 0.0048444521419594875 0.011383168973360825 0.009688904283918975
1595 0.8465141971479813 0.08574902370998656 0.05101335475263511 0.10484031930985202
1596 0.8776050296574951 0.07965756083675186 0.04938718775644091 0.1031685586661903
1597 0.9086321951708151 0.07200359796351716 0.05107702174883002 0.10640281930985204
1586 0.47458875349722207 0.37970538140711163 0.016962006920082116 0.03390510643661741
1164 0.46854168334499785 0.44280631494725126 0.021076503954332713 0.020170388367602498
1793 0.15698878212895317 0.14180009788664258 0.04396485870696813 0.12304401609154336
1793 0.11837188148156222 0.6169364917021267 0.034913510874414924 0.053856973516896466
1793 0.18091693832509473 0.8828621404612896 0.036667011862998054 0.058653734160558454
1793 0.2802166013669564 0.8586819592669386 0.03465884288963732 0.04760697351689629
799 0.5546887248654911 0.6342182827641645 0.010139003954332714 0.019405563861970343
277 0.38040494376230216 0.8947672887162492 0.013773339923887828 0.03212408514929379
53 0.9165042698460255 0.8228066272966122 0.03596667490485998 0.0414662341605581
53 0.9564024861970166 0.2637487015501429 0.030417011862997965 0.05821669158591121
229 0.05331463688158862 0.25090158229930226 0.020723676882026143 0.04974862772394086
198 0.09505905688071357 0.6600909120007146 0.013073002965749514 0.014936585149293791
1793 0.21604537752722952 0.5913030711514374 0.034913510874414924 0.053856973516896466