4116 0.0265625 0.20234375 0.01015625 0.0421875
4111 0.0265625 0.246875 0.0109375 0.04140625
1731 0.03046875 0.28828125 0.0078125 0.03203125
1730 0.03046875 0.32578125 0.0078125 0.03046875
2161 0.04921875 0.1796875 0.01640625 0.01484375
4128 0.0484375 0.15859375 0.01953125 0.01953125
4137 0.0515625 0.2171875 0.0109375 0.03984375
1734 0.05078125 0.2578125 0.009375 0.03046875
4350 0.06328125 0.2515625 0.0109375 0.04609375
1776 0.0609375 0.3234375 0.04140625 0.07421875
1361 0.1359375 0.19765625 0.034375 0.05546875
3291 0.15234375 0.23828125 0.0171875 0.01953125
3211 0.14609375 0.25703125 0.02265625 0.01953125
1086 0.1359375 0.23984375 0.00859375 0.0078125
1362 0.1578125 0.31796875 0.03125 0.0625
3292 0.1859375 0.31484375 0.0125 0.03359375
4194 0.16171875 0.115625 0.0125 0.0484375
2226 0.175 0.115625 0.0078125 0.03359375
4443 0.2015625 0.115625 0.0296875 0.0609375
3755 0.20078125 0.071875 0.01796875 0.0234375
3756 0.21328125 0.15703125 0.0171875 0.02109375
4444 0.23671875 0.15859375 0.02890625 0.06015625
1093 0.2125 0.19609375 0.02734375 0.01875
3218 0.184375 0.20390625 0.02265625 0.0203125
3212 0.184375 0.25625 0.02421875 0.021875
1087 0.18359375 0.23046875 0.02578125 0.01796875
2225 0.23671875 0.11484375 0.01953125 0.0140625
4193 0.24296875 0.08046875 0.0125 0.04609375
4227 0.25703125 0.059375 0.0125 0.04921875
560 0.26640625 0.11875 0.02578125 0.0640625
3553 0.278125 0.06484375 0.01171875 0.04765625
4166 0.2765625 0.028125 0.02265625 0.01875
2198 0.30078125 0.03359375 0.0171875 0.01796875
2700 0.315625 0.0515625 0.01328125 0.01875
2721 0.40546875 0.04375 0.015625 0.0234375
2718 0.40859375 0.19375 0.01484375 0.0203125
3562 0.07578125 0.24765625 0.01171875 0.0484375
1652 0.09921875 0.26484375 0.03359375 0.05234375
1618 0.04296875 0.390625 0.0078125 0.03125
3205 0.03203125 0.3875 0.01015625 0.03984375
2157 0.0453125 0.42109375 0.0265625 0.01953125
1082 0.06328125 0.42109375 0.009375 0.0109375
4123 0.0484375 0.44375 0.021875 0.01796875
3207 0.05234375 0.46171875 0.02265625 0.01875
1735 0.0890625 0.353125 0.00859375 0.03125
4145 0.0890625 0.3125 0.01015625 0.03828125
1621 0.1046875 0.34921875 0.01640625 0.06953125
1619 0.0734375 0.390625 0.04140625 0.034375
3209 0.1296875 0.40234375 0.02734375 0.0234375
3206 0.12734375 0.42578125 0.0265625 0.021875
2137 0.03125 0.5234375 0.009375 0.034375
4103 0.03203125 0.48046875 0.01015625 0.04140625
3515 0.0578125 0.5234375 0.01328125 0.03359375
3208 0.128125 0.48984375 0.0234375 0.01875
1083 0.10390625 0.49140625 0.01796875 0.015625
2182 0.13125 0.5234375 0.01796875 0.01328125
4151 0.10859375 0.52734375 0.021875 0.021875
1793 0.125 0.3203125 0.01640625 0.15
1793 0.22421875 0.31640625 0.04453125 0.2375
1793 0.26328125 0.234375 0.015625 0.0734375
1793 0.2640625 0.4 0.01796875 0.07421875
1088 0.18671875 0.40390625 0.025 0.0203125
3213 0.1859375 0.37578125 0.02734375 0.021875
1092 0.2140625 0.4359375 0.02578125 0.01953125
3217 0.24375 0.44609375 0.0265625 0.0234375
4164 0.26796875 0.16328125 0.02421875 0.01953125
2196 0.259375 0.18515625 0.0171875 0.01328125
2644 0.3171875 0.18359375 0.01328125 0.01484375
1109 0.29765625 0.19765625 0.01796875 0.01328125
3234 0.3078125 0.21875 0.01953125 0.01875
4196 0.28359375 0.23359375 0.0265625 0.0203125
2228 0.28359375 0.25546875 0.01875 0.0140625
2201 0.31953125 0.2640625 0.015625 0.01484375
2199 0.3125 0.24765625 0.0171875 0.01484375
4167 0.33515625 0.23046875 0.0234375 0.0203125
4169 0.3421875 0.25078125 0.02265625 0.01953125
4445 0.28125 0.30078125 0.03125 0.05390625
4447 0.29296875 0.36640625 0.03515625 0.05390625
3757 0.25859375 0.30234375 0.01171875 0.03359375
3758 0.2640625 0.34296875 0.0125 0.03125
3236 0.3234375 0.29140625 0.02265625 0.01796875
1111 0.30546875 0.29140625 0.00859375 0.01015625
4170 0.3203125 0.32578125 0.0203125 0.01875
2202 0.321875 0.34765625 0.01640625 0.01640625
2227 0.32265625 0.3703125 0.01953125 0.01171875
4195 0.3125 0.39609375 0.0234375 0.0203125
3238 0.34609375 0.31328125 0.0109375 0.040625
3239 0.35703125 0.31328125 0.0109375 0.040625
2858 0.3671875 0.31328125 0.009375 0.04453125
2859 0.37578125 0.31328125 0.01015625 0.05078125
2860 0.3859375 0.3125 0.01015625 0.05078125
2862 0.3953125 0.31171875 0.01015625 0.05078125
2864 0.4046875 0.31015625 0.01015625 0.05078125
2866 0.41484375 0.31015625 0.01015625 0.05078125
2870 0.42578125 0.30859375 0.01015625 0.05078125
2872 0.43515625 0.3109375 0.01015625 0.05078125
2879 0.4453125 0.3078125 0.01015625 0.05078125
2882 0.45390625 0.31015625 0.01015625 0.05078125
2888 0.4640625 0.3109375 0.01015625 0.05078125
2892 0.4734375 0.3109375 0.01015625 0.05078125
2896 0.4828125 0.31015625 0.01015625 0.05078125
2903 0.4921875 0.2875 0.01015625 0.05078125
2907 0.503125 0.3140625 0.009375 0.04765625
2909 0.5109375 0.31328125 0.009375 0.04765625
2912 0.54375 0.3359375 0.0109375 0.059375
1113 0.346875 0.3640625 0.0078125 0.03046875
1114 0.35703125 0.3640625 0.0078125 0.03046875
754 0.3671875 0.3640625 0.0078125 0.03046875
755 0.3765625 0.36484375 0.0078125 0.03046875
756 0.3859375 0.3640625 0.0078125 0.03046875
1579 0.39609375 0.36328125 0.00703125 0.03125
760 0.40625 0.3640625 0.0078125 0.03046875
762 0.415625 0.3640625 0.0078125 0.03046875
766 0.425 0.3640625 0.0078125 0.03046875
768 0.43515625 0.36328125 0.0078125 0.03046875
1583 0.44453125 0.36328125 0.00703125 0.03125
1585 0.4640625 0.3625 0.0078125 0.0328125
1587 0.503125 0.36171875 0.0078125 0.0328125
778 0.4546875 0.36328125 0.0078125 0.03046875
788 0.47421875 0.36328125 0.0078125 0.03046875
792 0.48359375 0.3625 0.0078125 0.03046875
798 0.49296875 0.36328125 0.0078125 0.03046875
805 0.51328125 0.36328125 0.0078125 0.03046875
808 0.5265625 0.34140625 0.01640625 0.06953125
2902 0.49296875 0.4078125 0.0109375 0.04609375
2757 0.5015625 0.0390625 0.015625 0.0203125
2758 0.50859375 0.19375 0.01328125 0.0203125
2771 0.60234375 0.04296875 0.015625 0.0203125
2646 0.71015625 0.04609375 0.0296875 0.0265625
2558 0.6578125 0.20625 0.15390625 0.06171875
1271 0.50546875 0.11875 0.44296875 0.11640625
2925 0.590625 0.375 0.028125 0.01796875
821 0.61171875 0.375 0.009375 0.0109375
828 0.62578125 0.38828125 0.0046875 0.015625
836 0.65078125 0.33671875 0.00546875 0.01640625
838 0.65703125 0.37421875 0.0078125 0.0125
837 0.6578125 0.390625 0.009375 0.01015625
835 0.64140625 0.39296875 0.00859375 0.00859375
831 0.63046875 0.409375 0.00859375 0.009375
823 0.615625 0.4234375 0.009375 0.009375
846 0.6765625 0.41015625 0.01015625 0.0109375
857 0.71875 0.37265625 0.009375 0.0109375
851 0.703125 0.3734375 0.00859375 0.01015625
853 0.74921875 0.33359375 0.00546875 0.015625
2931 0.62578125 0.3484375 0.0109375 0.05078125
2939 0.63984375 0.33828125 0.0109375 0.0515625
2941 0.6796875 0.371875 0.028125 0.0171875
2940 0.67890625 0.390625 0.028125 0.01796875
2954 0.70859375 0.390625 0.02890625 0.01640625
2960 0.740625 0.37265625 0.0296875 0.01875
2949 0.69765625 0.4125 0.02890625 0.01875
2927 0.59375 0.42421875 0.028125 0.01875
2934 0.6296875 0.44609375 0.01015625 0.04921875
2793 0.54140625 0.39140625 0.009375 0.02265625
2938 0.6515625 0.4109375 0.02734375 0.01796875
4175 0.5734375 0.40703125 0.02265625 0.01953125
4177 0.6796875 0.30234375 0.009375 0.03671875
4180 0.6890625 0.30234375 0.009375 0.03828125
4181 0.6984375 0.30390625 0.01015625 0.03515625
4182 0.70859375 0.30234375 0.00859375 0.03828125
4183 0.71796875 0.30234375 0.01015625 0.03828125
4184 0.72890625 0.30234375 0.009375 0.03828125
4186 0.73828125 0.30234375 0.01015625 0.03828125
2956 0.74921875 0.3 0.01015625 0.0390625
2209 0.6796875 0.34296875 0.0078125 0.0296875
2212 0.68984375 0.34296875 0.0078125 0.0296875
2213 0.7 0.34296875 0.0078125 0.03046875
2214 0.709375 0.3421875 0.0078125 0.0328125
2215 0.71875 0.34140625 0.0078125 0.03203125
2216 0.728125 0.3421875 0.0078125 0.03046875
2218 0.73828125 0.3421875 0.009375 0.03203125
1363 0.7984375 0.04921875 0.05390625 0.05859375
3293 0.79921875 0.0921875 0.01796875 0.0234375
2962 0.803125 0.146875 0.03046875 0.01875
859 0.80390625 0.1671875 0.00859375 0.0109375
861 0.86875 0.05078125 0.0546875 0.0484375
2964 0.86875 0.0953125 0.03671875 0.0234375
4191 0.9015625 0.1375 0.0109375 0.040625
2223 0.9015625 0.096875 0.00859375 0.03203125
2303 0.93984375 0.1390625 0.0421875 0.08515625
1793 0.9609375 0.33671875 0.04375 0.253125
870 0.9015625 0.209375 0.0171875 0.0140625
871 0.8984375 0.22421875 0.00859375 0.00859375
2873 0.87265625 0.20625 0.0296875 0.01875
2874 0.87265625 0.22578125 0.0296875 0.01875
3356 0.896875 0.29140625 0.04296875 0.09609375
2220 0.90546875 0.371875 0.00859375 0.03046875
4188 0.9046875 0.4125 0.0109375 0.0390625
1246 0.0984375 0.6640625 0.1546875 0.2515625
333 0.04140625 0.65625 0.0125 0.05390625
272 0.11484375 0.62265625 0.02578125 0.1546875
4156 0.1796875 0.55234375 0.01015625 0.040625
3215 0.1796875 0.6 0.01015625 0.040625
3216 0.18984375 0.528125 0.0109375 0.03984375
4158 0.203125 0.484375 0.01015625 0.0390625
3219 0.2203125 0.4796875 0.01015625 0.040625
3223 0.23046875 0.4828125 0.01015625 0.03671875
3227 0.24609375 0.48203125 0.0109375 0.0390625
3228 0.25703125 0.48203125 0.01015625 0.040625
3235 0.2953125 0.4796875 0.0109375 0.0390625
4165 0.290625 0.5359375 0.02109375 0.01953125
3233 0.290625 0.578125 0.021875 0.01953125
3230 0.290625 0.60390625 0.02109375 0.01796875
3237 0.31484375 0.58515625 0.0125 0.04765625
3229 0.278125 0.6375 0.02109375 0.01796875
3225 0.246875 0.64140625 0.009375 0.040625
3220 0.21328125 0.64375 0.01015625 0.040625
3214 0.19140625 0.634375 0.0234375 0.01953125
2190 0.203125 0.5234375 0.00859375 0.03125
1094 0.22265625 0.51640625 0.00546875 0.01640625
1098 0.228125 0.51640625 0.00546875 0.0171875
1102 0.25078125 0.5171875 0.00546875 0.015625
1103 0.25703125 0.51640625 0.00546875 0.015625
1110 0.29609375 0.5125 0.00546875 0.01796875
1091 0.19765625 0.55859375 0.00859375 0.00859375
1090 0.19765625 0.59765625 0.00859375 0.01015625
1089 0.19765625 0.6125 0.0171875 0.015625
1105 0.26875 0.6046875 0.01640625 0.015625
1108 0.27265625 0.578125 0.009375 0.0125
2197 0.26875 0.53515625 0.01796875 0.015625
2188 0.1953125 0.5796875 0.0171875 0.0140625
1095 0.2234375 0.65078125 0.00546875 0.015625
1100 0.2375 0.65078125 0.0046875 0.015625
1104 0.26015625 0.6390625 0.009375 0.0125
1097 0.2265625 0.70859375 0.00625 0.01640625
1099 0.2375 0.709375 0.0046875 0.01796875
1101 0.24453125 0.7140625 0.00546875 0.01640625
1106 0.26953125 0.69140625 0.009375 0.0109375
753 0.3625 0.4046875 0.01796875 0.01328125
751 0.3625 0.42265625 0.0171875 0.0140625
750 0.36171875 0.43984375 0.0171875 0.0140625
749 0.3625 0.4578125 0.0171875 0.0140625
748 0.3625 0.475 0.0171875 0.0140625
747 0.3625 0.4921875 0.0171875 0.0140625
746 0.3625 0.509375 0.0171875 0.0140625
1112 0.3171875 0.51953125 0.015625 0.06796875
745 0.36328125 0.56171875 0.0171875 0.0140625
744 0.36328125 0.5796875 0.0171875 0.0140625
743 0.3625 0.596875 0.0171875 0.0140625
742 0.36328125 0.6140625 0.0171875 0.0140625
1117 0.36328125 0.63125 0.0171875 0.0140625
1116 0.36328125 0.6484375 0.0171875 0.0140625
1115 0.36328125 0.66640625 0.0171875 0.0140625
2195 0.28828125 0.40703125 0.0171875 0.015625
4163 0.28515625 0.428125 0.02265625 0.01953125
3222 0.21640625 0.7015625 0.009375 0.03828125
3224 0.23671875 0.6796875 0.00859375 0.03359375
3226 0.246875 0.68203125 0.01015625 0.0390625
3231 0.26953125 0.70859375 0.02265625 0.01796875
2857 0.33671875 0.40390625 0.02734375 0.01796875
2855 0.3375 0.42265625 0.028125 0.01796875
2854 0.33671875 0.4390625 0.02734375 0.01640625
2853 0.3375 0.45625 0.028125 0.0171875
2852 0.3375 0.47265625 0.028125 0.0171875
2851 0.3390625 0.49375 0.02421875 0.01640625
2850 0.33984375 0.51015625 0.02421875 0.0171875
2849 0.3390625 0.56171875 0.025 0.0171875
2848 0.33828125 0.578125 0.02890625 0.01875
2847 0.3390625 0.59609375 0.025 0.01796875
2846 0.33828125 0.61328125 0.028125 0.0171875
3242 0.33984375 0.63046875 0.02265625 0.01796875
3241 0.34140625 0.64921875 0.021875 0.01796875
3240 0.34140625 0.66640625 0.02109375 0.01640625
4172 0.4703125 0.40625 0.0109375 0.040625
4171 0.44609375 0.43828125 0.0109375 0.0390625
2876 0.425 0.45546875 0.02890625 0.01796875
2875 0.4234375 0.49453125 0.0109375 0.05078125
2869 0.40390625 0.5359375 0.02578125 0.01875
2874 0.4234375 0.5734375 0.009375 0.05078125
2873 0.4359375 0.64453125 0.01015625 0.05
2884 0.446875 0.571875 0.009375 0.0515625
2883 0.45859375 0.63828125 0.01015625 0.05
2893 0.47578125 0.640625 0.01015625 0.05078125
2904 0.509375 0.65234375 0.01015625 0.05078125
2898 0.51875 0.60234375 0.02890625 0.0203125
2901 0.5015625 0.571875 0.01015625 0.0515625
2910 0.52578125 0.55546875 0.028125 0.01953125
2885 0.46953125 0.5 0.00859375 0.04375
2891 0.503125 0.46640625 0.02578125 0.01796875
2899 0.51015625 0.49140625 0.028125 0.01875
2895 0.4890625 0.5125 0.028125 0.01796875
2906 0.5171875 0.51171875 0.028125 0.01796875
2920 0.57734375 0.4453125 0.02890625 0.01796875
4174 0.575 0.46328125 0.02265625 0.01796875
2919 0.5765625 0.48203125 0.028125 0.01796875
4173 0.575 0.50078125 0.02265625 0.0171875
2918 0.578125 0.51796875 0.0296875 0.01640625
2917 0.57734375 0.53515625 0.028125 0.01796875
2916 0.578125 0.5546875 0.028125 0.01796875
2924 0.59296875 0.571875 0.025 0.01796875
2915 0.57734375 0.59296875 0.028125 0.01796875
2914 0.57734375 0.6125 0.028125 0.01953125
2913 0.5765625 0.63203125 0.02578125 0.01875
2923 0.6015625 0.4671875 0.0109375 0.0515625
2929 0.6125 0.49921875 0.01015625 0.0515625
2930 0.625 0.53515625 0.009375 0.0484375
2935 0.6390625 0.53359375 0.01015625 0.04375
2942 0.6515625 0.5 0.0109375 0.05
2946 0.665625 0.55703125 0.02578125 0.0171875
2945 0.665625 0.60234375 0.02890625 0.01875
2937 0.64375 0.6109375 0.01015625 0.0484375
2926 0.60859375 0.62890625 0.028125 0.01875
2932 0.63203125 0.6296875 0.01015625 0.0515625
2947 0.67734375 0.65234375 0.02734375 0.01796875
4176 0.69609375 0.4484375 0.021875 0.01875
4178 0.6734375 0.515625 0.009375 0.040625
2948 0.69765625 0.48203125 0.02734375 0.01796875
2951 0.7078125 0.50078125 0.028125 0.01796875
2957 0.734375 0.51953125 0.0296875 0.01875
2959 0.7359375 0.5390625 0.03046875 0.01796875
2953 0.70546875 0.5390625 0.028125 0.015625
4185 0.7359375 0.61796875 0.0109375 0.040625
4189 0.84609375 0.59296875 0.01015625 0.0390625
4187 0.89375 0.47109375 0.021875 0.0203125
2972 0.87421875 0.49921875 0.0296875 0.01796875
2971 0.875 0.5203125 0.02890625 0.01875
3294 0.965625 0.51171875 0.01328125 0.03359375
2968 0.8828125 0.69296875 0.0296875 0.01953125
2963 0.83203125 0.70546875 0.0109375 0.05390625
2389 0.79921875 0.66171875 0.0390625 0.08203125
765 0.428125 0.53515625 0.0171875 0.0140625
770 0.4359375 0.56640625 0.00859375 0.0296875
769 0.4359375 0.59921875 0.0078125 0.03125
772 0.43984375 0.4765625 0.0171875 0.01484375
787 0.47890625 0.465625 0.01796875 0.01328125
795 0.4890625 0.49375 0.009375 0.0109375
791 0.48515625 0.534375 0.01796875 0.01640625
802 0.50390625 0.534375 0.0171875 0.015625
806 0.52578125 0.53359375 0.0171875 0.0140625
797 0.48984375 0.5796875 0.0078125 0.03203125
794 0.48984375 0.60390625 0.0078125 0.01015625
800 0.49765625 0.625 0.0078125 0.03203125
780 0.4578125 0.5625 0.00859375 0.03203125
779 0.45859375 0.59375 0.00859375 0.03125
2204 0.4578125 0.4078125 0.00703125 0.03125
2203 0.45859375 0.440625 0.0078125 0.02890625
1581 0.4359375 0.5015625 0.00859375 0.03125
1584 0.459375 0.50703125 0.00859375 0.03125
1780 0.45859375 0.47421875 0.0078125 0.03125
4425 0.37734375 0.69765625 0.01015625 0.040625
2207 0.55078125 0.4171875 0.0171875 0.01484375
816 0.5515625 0.44609375 0.0171875 0.0140625
815 0.55078125 0.48203125 0.0171875 0.0140625
814 0.5515625 0.515625 0.0171875 0.0140625
813 0.5515625 0.53359375 0.0171875 0.0140625
812 0.5515625 0.55078125 0.0171875 0.0140625
811 0.55234375 0.59453125 0.0171875 0.0140625
810 0.5515625 0.61171875 0.0171875 0.01484375
809 0.5515625 0.6296875 0.0171875 0.01484375
2206 0.55078125 0.4640625 0.0171875 0.01328125
2205 0.55078125 0.4984375 0.0171875 0.0125
819 0.603125 0.50859375 0.00546875 0.01640625
827 0.62265625 0.5 0.00625 0.01640625
832 0.63828125 0.49921875 0.00625 0.0171875
839 0.66328125 0.50234375 0.00625 0.01640625
845 0.6765625 0.484375 0.01015625 0.009375
848 0.696875 0.5203125 0.01015625 0.009375
854 0.71171875 0.5203125 0.01015625 0.01171875
856 0.7203125 0.55703125 0.009375 0.01171875
850 0.7046875 0.5578125 0.0109375 0.01171875
843 0.6765625 0.575 0.009375 0.01015625
842 0.665625 0.58359375 0.01015625 0.009375
834 0.64296875 0.5765625 0.01015625 0.0109375
829 0.63203125 0.59453125 0.009375 0.01171875
827 0.6265625 0.57265625 0.0046875 0.01796875
820 0.6125 0.55859375 0.009375 0.01015625
822 0.61640625 0.60703125 0.009375 0.0125
2208 0.6734375 0.45 0.01796875 0.01640625
2210 0.68515625 0.51640625 0.00859375 0.03125
2217 0.73671875 0.66015625 0.00859375 0.03203125
2621 0.82890625 0.396875 0.02421875 0.4203125
2221 0.846875 0.55390625 0.0078125 0.03203125
2219 0.86953125 0.471875 0.01796875 0.0140625
869 0.89765625 0.49765625 0.01015625 0.01015625
868 0.90078125 0.51796875 0.01796875 0.0140625
1364 0.96640625 0.57734375 0.03359375 0.09453125
2563 0.8921875 0.5734375 0.0140625 0.0625
2301 0.90625 0.59921875 0.0140625 0.0734375
2643 0.9234375 0.6015625 0.01875 0.08515625
3689 0.93984375 0.5953125 0.015625 0.19140625
4154 0.1859375 0.7 0.02265625 0.01875
4153 0.1875 0.7609375 0.02265625 0.01875
2980 0.0375 0.815625 0.02734375 0.01953125
3272 0.0703125 0.871875 0.021875 0.01953125
4200 0.09375 0.8921875 0.02265625 0.01796875
3270 0.12578125 0.82109375 0.0109375 0.04140625
4152 0.14296875 0.9140625 0.0109375 0.04140625
4198 0.14921875 0.8828125 0.02265625 0.01796875
3271 0.17734375 0.81796875 0.01171875 0.03671875
4155 0.196875 0.9109375 0.009375 0.03828125
4199 0.20234375 0.88203125 0.021875 0.0171875
3497 0.1953125 0.9734375 0.021875 0.0203125
4159 0.23984375 0.94140625 0.01171875 0.03515625
4162 0.24453125 0.85078125 0.0234375 0.01875
4161 0.24453125 0.87109375 0.021875 0.01875
4353 0.32265625 0.7390625 0.01328125 0.05
4351 0.2515625 0.90234375 0.01015625 0.04375
4160 0.26640625 0.9515625 0.02265625 0.0203125
3552 0.30078125 0.95625 0.0125 0.04296875
2644 0.31640625 0.9453125 0.01328125 0.015625
2700 0.3109375 0.815625 0.015625 0.01796875
2721 0.41171875 0.80234375 0.0171875 0.0203125
2718 0.41328125 0.95390625 0.015625 0.01875
2757 0.50546875 0.80234375 0.01640625 0.01875
2758 0.5125 0.953125 0.01328125 0.021875
2771 0.60546875 0.79765625 0.01640625 0.01796875
2770 0.6046875 0.95078125 0.0171875 0.01953125
2646 0.71015625 0.80234375 0.03046875 0.02578125
2790 0.709375 0.94609375 0.0203125 0.02421875
2861 0.390625 0.753125 0.009375 0.04765625
2863 0.39921875 0.75390625 0.00859375 0.04921875
2865 0.409375 0.7546875 0.00859375 0.04921875
2868 0.4203125 0.75390625 0.01015625 0.0515625
2871 0.43046875 0.75390625 0.009375 0.05
2877 0.43984375 0.75390625 0.00859375 0.0515625
2880 0.45 0.75625 0.009375 0.04609375
2887 0.4609375 0.7546875 0.009375 0.0515625
2890 0.47109375 0.75546875 0.01015625 0.053125
2894 0.48125 0.753125 0.01015625 0.0515625
2897 0.490625 0.75703125 0.01015625 0.053125
2905 0.5015625 0.75625 0.0109375 0.053125
2908 0.5125 0.75625 0.009375 0.053125
2921 0.59375 0.6984375 0.009375 0.0515625
2928 0.6203125 0.7234375 0.028125 0.01953125
2936 0.640625 0.72109375 0.0109375 0.05
2943 0.66328125 0.7234375 0.01015625 0.0515625
2950 0.7015625 0.66875 0.028125 0.0171875
2952 0.70390625 0.7234375 0.028125 0.0171875
2958 0.73984375 0.70390625 0.0265625 0.01953125
4192 0.846875 0.8015625 0.01015625 0.03515625
2965 0.828125 0.8796875 0.0296875 0.01953125
2966 0.8265625 0.9015625 0.03046875 0.01796875
2969 0.840625 0.95390625 0.03046875 0.02265625
2970 0.9078125 0.87109375 0.0125 0.06171875
2975 0.928125 0.86953125 0.01328125 0.0609375
2976 0.98828125 0.78828125 0.01171875 0.0625
877 0.0609375 0.82421875 0.01171875 0.046875
1349 0.090625 0.8296875 0.03125 0.05703125
1350 0.14765625 0.82109375 0.0296875 0.0609375
1765 0.09453125 0.871875 0.01875 0.0140625
1793 0.115625 0.9109375 0.0171875 0.11953125
2639 0.09375 0.95859375 0.015625 0.0375
2183 0.13046875 0.9015625 0.0078125 0.03359375
1763 0.14765625 0.8640625 0.0203125 0.01640625
1632 0.2015625 0.81953125 0.02890625 0.06484375
1793 0.1703125 0.91015625 0.0171875 0.11953125
537 0.19765625 0.9515625 0.03515625 0.01640625
2187 0.18515625 0.9 0.00859375 0.03046875
1764 0.2 0.8625 0.01875 0.0140625
2186 0.18671875 0.72265625 0.01640625 0.01484375
2185 0.18671875 0.73984375 0.01640625 0.01484375
2194 0.2671875 0.85859375 0.0171875 0.01328125
2193 0.26796875 0.878125 0.01875 0.01484375
1429 0.26875 0.903125 0.0140625 0.028125
2191 0.23984375 0.9 0.01015625 0.03125
2192 0.26796875 0.9296875 0.0171875 0.01796875
1431 0.30078125 0.7359375 0.02578125 0.04921875
1270 0.509375 0.87734375 0.440625 0.12109375
1345 0.7453125 0.86875 0.01875 0.12109375
757 0.3921875 0.70859375 0.00859375 0.03046875
759 0.40234375 0.70859375 0.00859375 0.03046875
761 0.41171875 0.70859375 0.00859375 0.03046875
764 0.421875 0.709375 0.00859375 0.03046875
767 0.43125 0.709375 0.00859375 0.03046875
773 0.440625 0.70859375 0.00859375 0.03046875
776 0.45078125 0.70859375 0.00859375 0.03046875
783 0.4609375 0.7078125 0.00859375 0.03046875
786 0.4703125 0.70859375 0.00859375 0.03046875
790 0.48046875 0.7078125 0.00859375 0.03046875
793 0.48984375 0.7078125 0.00859375 0.03046875
801 0.5 0.7078125 0.00859375 0.03046875
804 0.509375 0.7078125 0.00859375 0.03046875
817 0.60390625 0.69296875 0.00546875 0.01796875
824 0.6203125 0.70546875 0.009375 0.01171875
833 0.64140625 0.68359375 0.00546875 0.0171875
840 0.6640625 0.684375 0.00625 0.01796875
844 0.67734375 0.66953125 0.009375 0.0109375
847 0.6953125 0.6875 0.00859375 0.01171875
849 0.7046875 0.70546875 0.00859375 0.01015625
855 0.7203125 0.7046875 0.009375 0.0109375
860 0.84375 0.70625 0.00546875 0.01796875
865 0.85546875 0.6921875 0.01796875 0.0140625
2224 0.84765625 0.759375 0.0078125 0.02890625
862 0.8515625 0.88203125 0.009375 0.01015625
863 0.85625 0.89921875 0.01953125 0.015625
866 0.88828125 0.93671875 0.05546875 0.05
1595 0.90234375 0.78359375 0.028125 0.0984375
1596 0.93359375 0.78203125 0.02734375 0.09765625
1597 0.965625 0.78125 0.028125 0.1
1586 0.47578125 0.59453125 0.009375 0.03203125
1164 0.45546875 0.53515625 0.0171875 0.01640625
1793 0.2234375 0.9078125 0.0171875 0.11953125
1793 0.0765625 0.45625 0.025 0.046875
1793 0.07578125 0.18203125 0.025 0.053125
1793 0.17734375 0.1796875 0.02421875 0.04140625
799 0.49375 0.3265625 0.00546875 0.0171875
277 0.265625 0.11875 0.00703125 0.03125
53 0.8 0.05 0.028125 0.03515625
53 0.9671875 0.5828125 0.01953125 0.05390625
229 0.0984375 0.82890625 0.01015625 0.046875
198 0.04453125 0.4203125 0.0109375 0.01328125
1793 0.17734375 0.45625 0.025 0.046875