1731 0.7080680026402965 0.9996423611941685 0.03152278463973594 0.0007152776116630122
1730 0.6704998064803624 0.9996126815983768 0.03152278463973612 0.000774636803246409
2161 0.816585196292948 0.9876637068106333 0.017733069279472248 0.019851425046142523
4128 0.8377016783462594 0.9882342057308993 0.020903533386094963 0.02161418414544123
4137 0.7791079283462594 0.9844793476190496 0.04098871285298138 0.015103368290882458
1734 0.738392000133014 0.9850009793281673 0.03156824874635866 0.012940090992986342
4350 0.7442244629859955 0.9728514327519399 0.047284176959604095 0.01706638648947987
1776 0.6721903386128161 0.9737142234680711 0.077835494985435 0.048656347932816854
1361 0.7964294721571955 0.9002743283407183 0.058903638558944496 0.04120479333702498
3291 0.7554323991167996 0.8835583952750113 0.020858069279472247 0.020051684145440875
3211 0.7364778106369976 0.8893880906792194 0.02099446159934022 0.02473918414544123
1086 0.7541737759972614 0.8999145805001867 0.008085284639735946 0.009875647748246763
1362 0.6757903632234223 0.8768892882428958 0.06506271034569906 0.038480311535622036
3292 0.6781712171426306 0.8488644177925451 0.0347841769596041 0.016265350092285046
4194 0.8777620401830264 0.8757435001476583 0.048892141066226816 0.018729016039129222
2226 0.8773672350893194 0.8624121853728337 0.0346477846397363 0.011577850092285047
4443 0.8765776249019048 0.8357495558231843 0.06345474623907635 0.03681768198597268
3755 0.9203730890085275 0.8369906832133653 0.025591033386094964 0.021914572794389287
3756 0.8354441595416409 0.8237211227574772 0.023983069279472247 0.020251943244739577
4444 0.8330011211409811 0.8000833636581787 0.06189224623907634 0.036717552436323686
1093 0.7963134633817068 0.8235616340162443 0.021130853919208194 0.02942668414544123
3218 0.7892223774091873 0.852067365817647 0.022556961599340043 0.02483931369509058
3212 0.7368104312492532 0.8510567759043948 0.024210389812585477 0.028064443244739577
1087 0.7626144133025645 0.8519276634736086 0.021085389812585474 0.02786418414544123
2225 0.8768193173009152 0.8005432410483596 0.016170569279471893 0.01975129549649317
4193 0.9106631198873398 0.7941022763658201 0.047329641066226814 0.01862888648947969
4227 0.9321887789002554 0.780610275286086 0.05045464106622681 0.01882914558877822
560 0.8722143853267461 0.770505287624587 0.06648881802583091 0.03389294108527139
3553 0.9257712943396615 0.759065942312664 0.047329641066226814 0.018628886489479513
4166 0.9624900443396616 0.761418986729423 0.020994461599340042 0.02473918414544123
2198 0.9569447379923132 0.7367997185308257 0.020858069279472247 0.02005168414544123
2700 0.9385811828986059 0.7223169139350338 0.019159176959604098 0.015264054595791877
2721 0.9443431010827213 0.6318921730343325 0.02550010517284953 0.018789572794389107
2718 0.7942067087628534 0.6269672362679977 0.02237510517284953 0.018589313695090582
3562 0.7477359078922883 0.9597704418512386 0.048892141066226816 0.018729016039128864
1652 0.7296224053850058 0.9366938872554467 0.05577863855894449 0.04100453423772628
1618 0.6051475911200985 0.9913337176079751 0.03152278463973594 0.011377590992986342
3205 0.6087355923737399 0.9978755536683286 0.040943248746358664 0.004248892663342829
2157 0.5747015731734099 0.9869432996585463 0.021130853919208194 0.02611340068290744
1082 0.5744431603995708 0.9705811266149886 0.011210284639736123 0.010075906847545469
4123 0.552113519333344 0.9848043129198981 0.02099446159934022 0.02473918414544123
3207 0.5342129654932779 0.9813090730989309 0.02099446159934022 0.02473918414544123
1735 0.6417132284254017 0.9451491324750847 0.03156824874635866 0.012940090992986342
4145 0.6823836925320244 0.9461900007659672 0.03781824874635866 0.013340609191583752
1621 0.6452928694916285 0.9297243915743835 0.07090353338609497 0.024818329734219446
1619 0.6044716411992408 0.9607648380583257 0.03716503087881229 0.0444904796419344
3209 0.592023116984346 0.9043949221114819 0.02586381802583091 0.031289572794389285
3206 0.5684946887711007 0.906017978866742 0.024255853919208193 0.02962694324473958
2137 0.4725707718406264 0.9975262978082323 0.034693248746358665 0.0049474043835353145
4103 0.5156304500538716 0.9972404495662612 0.040943248746358664 0.005519100867477533
3515 0.4725624116532119 0.9750102058877828 0.0347841769596041 0.016265350092285046
3208 0.5043412605578552 0.9050376673311199 0.021039925705962935 0.026301684145441227
1083 0.5036365669052036 0.9292564173311199 0.017778533386094964 0.021413925046142524
2182 0.470792974664478 0.9013223820136596 0.014608069279472247 0.019651165946843817
4151 0.46700874511844914 0.9237783729143608 0.024119461599340218 0.024939443244739935
1793 0.674054366984346 0.9096517234680711 0.15072742570596276 0.034612436766335006
1793 0.6753788377548863 0.8103328439184219 0.24069920783841656 0.07156982109634598
1793 0.75631660068701 0.7724707009505373 0.07398306927947225 0.02345608883351815
1793 0.5912455301538966 0.7697195334625339 0.0771989974927175 0.02678134793281668
1088 0.5889950568760739 0.8470632834625338 0.022647889812585476 0.027964313695090226
3213 0.6171427889293852 0.8480843653562218 0.02430131802583091 0.03118944324473958
1092 0.5561514646353481 0.8191292481450734 0.021085389812585474 0.02786418414544123
3217 0.5452738006078677 0.7894720265227035 0.02581835391920819 0.02972707279438911
4164 0.8276604032734347 0.7684328454595815 0.021085389812585474 0.02786418414544123
2196 0.8062938686336987 0.7764560965393155 0.014562605172849529 0.01808866594684382
2644 0.8064135405787379 0.7185434669896662 0.016034176959604095 0.01506379549649317
1109 0.7925412571926429 0.738004865817647 0.014608069279472247 0.019651165946843817
3234 0.7709163097790677 0.7280093021225564 0.020903533386094963 0.02161418414544123
4196 0.7569076340731048 0.7521582009505373 0.02269335391920819 0.02952681369509058
2228 0.7350099020197934 0.7515376372554468 0.016170569279472247 0.01975129549649317
2201 0.7258765944188038 0.7157305451827262 0.01768760517284953 0.018288925046142525
2199 0.7421009879923132 0.723031905454044 0.017733069279472248 0.019851425046142523
4167 0.7591891995916533 0.700645765725362 0.02260242570596276 0.026401813695090582
4169 0.738277306018144 0.6930440168050961 0.02099446159934022 0.02473918414544123
4445 0.6895610096999254 0.7533213803156165 0.05568771034569906 0.037879534237726276
4447 0.6241633302330388 0.741303439230345 0.05577863855894431 0.04100453423772628
3757 0.6889017801538966 0.7759776303156165 0.0347841769596041 0.016265350092285046
3758 0.648367708367142 0.7702492620247341 0.031659176959604095 0.016065090992986343
3236 0.6978197905787378 0.7115844632890385 0.02099446159934022 0.02473918414544123
1111 0.698859453352577 0.7296533428386878 0.009647784639736123 0.009975777297895939
4170 0.6640896482588697 0.714119177971578 0.02094899749271768 0.023176684145441228
2202 0.6422373803121811 0.7119361142764875 0.01768760517284953 0.018288925046142525
2227 0.6195583982588697 0.7112654858065723 0.014608069279472247 0.019651165946843817
4195 0.5934361674591997 0.7213320982373584 0.02260242570596276 0.026401813695090582
3238 0.6758000380714554 0.6882575848191232 0.04098871285298138 0.015103368290882458
3239 0.6753370368178141 0.6772700200442985 0.04098871285298138 0.015103368290882458
2858 0.6756325535108616 0.6671137700442986 0.04406824874635866 0.013741127390180985
2859 0.6751013560972863 0.6584699552694738 0.05036371285298138 0.015704145588778216
2860 0.6753968727903338 0.6483137052694739 0.05036371285298138 0.015704145588778216
2862 0.6764509074300699 0.6389887700442985 0.05036371285298138 0.015704145588778216
2864 0.6775049420698058 0.6296638348191232 0.05036371285298138 0.015704145588778216
2866 0.6770192087628534 0.6194575200442985 0.05036371285298138 0.015704145588778216
2870 0.6788999575092122 0.6086201495939478 0.05036371285298138 0.015704145588778216
2872 0.6760477421489481 0.5990448904946493 0.05036371285298138 0.015704145588778216
2879 0.6786870088419956 0.5890388348191232 0.05036371285298138 0.015704145588778216
2882 0.6765933114284204 0.5802948904946492 0.05036371285298138 0.015704145588778216
2888 0.6753263281214679 0.570038510945 0.05036371285298138 0.015704145588778216
2892 0.6748178627612038 0.5606134461701753 0.05036371285298138 0.015704145588778216
2896 0.6758718974009399 0.551288510945 0.05036371285298138 0.015704145588778216
2903 0.6980424140939874 0.5425340746400904 0.05036371285298138 0.015704145588778216
2907 0.6709714487337235 0.5314068075212273 0.04723871285298138 0.015503886489479512
2909 0.6719800192668369 0.523644372296052 0.04723871285298138 0.015503886489479512
2912 0.6486932834526018 0.4900611142764875 0.0597841769596041 0.017867422886674155
1113 0.6249505919115214 0.6873471244555203 0.03152278463973612 0.011377590992986342
1114 0.6244648586045688 0.6771408096806957 0.03152278463973594 0.011377590992986342
754 0.6247603752976162 0.6669845596806956 0.03152278463973612 0.011377590992986342
755 0.6234706599373523 0.6575094301310462 0.03152278463973594 0.011377590992986342
756 0.6237434445770884 0.6481344301310463 0.03152278463973612 0.011377590992986342
1579 0.6248202112701359 0.638028244905871 0.031477320533113404 0.009815090992986341
760 0.6235532279631832 0.6277718653562216 0.03152278463973612 0.011377590992986342
762 0.6230447626029193 0.6183468005813969 0.03152278463973594 0.011377590992986342
766 0.6233175472426554 0.6089718005813969 0.03152278463973612 0.011377590992986342
768 0.6236130639357029 0.5988155505813969 0.03152278463973594 0.011377590992986342
1583 0.6231045985754389 0.5893904858065724 0.031477320533113404 0.009815090992986341
1585 0.6236728999082224 0.5698592358065724 0.033085284639736125 0.011477720542635694
1587 0.6240282525737895 0.5307466710317477 0.033085284639736125 0.011477720542635694
778 0.6234001152684863 0.5792342358065723 0.03152278463973594 0.011377590992986342
788 0.6224059166012699 0.5596028562569231 0.03152278463973594 0.011377590992986342
792 0.623459951241006 0.5502779210317478 0.03152278463973612 0.011377590992986342
798 0.6221702358807419 0.5408027914820984 0.03152278463973594 0.011377590992986342
805 0.621980019266837 0.5204402267072737 0.03152278463973594 0.011377590992986342
808 0.6435056782797524 0.5069482256275395 0.06929556927947225 0.023155700184570093
2902 0.577570789720808 0.5402928493170928 0.047284176959604095 0.017066386489479512
2757 0.9463578936400163 0.5357483582595078 0.02237510517284953 0.018589313695090582
2758 0.791647661586705 0.5266167828442251 0.020721676959604095 0.015364184145441228
2771 0.9398925964638678 0.4351475809616119 0.02237510517284953 0.018589313695090582
2646 0.9344358698208328 0.32678436843854064 0.029034282132453626 0.033052331893687815
2558 0.7756315196625483 0.37765884869878386 0.07485891066226813 0.16075582973421945
1271 0.8666703936400163 0.5306417512273924 0.15211069860070942 0.45734902991878956
2925 0.6085827604913483 0.4428764312107806 0.02117631802583091 0.030989184145441228
821 0.6076340259307544 0.4216825516611312 0.011210284639736123 0.010075906847545113
828 0.5939579708370473 0.4075001357142873 0.01580685642649069 0.007251295496493171
836 0.6455575747562555 0.3826293460778902 0.015852320533113407 0.00881379549649317
838 0.6073899850228123 0.37626992211148186 0.012727320533113406 0.008613536397194555
837 0.5909837350228122 0.375218561840164 0.009647784639735946 0.009975777297895939
835 0.5889438619032741 0.3915246822905146 0.009647784639736123 0.009975777297895939
831 0.5729778811036039 0.4022421367940215 0.009647784639736123 0.009975777297895939
823 0.5592419900373772 0.41701603562200223 0.009647784639736123 0.009975777297895939
846 0.571194072248973 0.3559481276947228 0.011210284639736123 0.01007590684754529
857 0.6076233172344081 0.3144510425618325 0.011210284639736123 0.01007590684754529
851 0.6071686761681814 0.3300760425618325 0.009647784639736123 0.009975777297895939
853 0.6460780634734844 0.2840416517534162 0.015852320533113407 0.00881379549649317
2931 0.6338699169969813 0.407709689230345 0.0504091769596041 0.017266645588778218
2939 0.6436768260098967 0.39346671652824095 0.0519716769596041 0.01736677513842757
2941 0.6096117145688411 0.3537138016611312 0.01961381802583091 0.030889054595791877
2940 0.5908162504622184 0.3540747470653393 0.02117631802583091 0.030989184145441228
2954 0.5901175684880494 0.32428711751568995 0.01800585391920819 0.029226425046142524
2960 0.6074785647271257 0.29252597778700784 0.021221782132453626 0.03255168414544114
2949 0.5686828376883792 0.33465411859542415 0.02117631802583091 0.03098918414544114
2927 0.5593867425446597 0.4389411003968268 0.02117631802583091 0.030989184145441228
2934 0.5361682028903585 0.4030140923772624 0.05036371285298138 0.015704145588778216
2793 0.5930654090794224 0.49197526526393653 0.02219324874635866 0.012339313695090582
2938 0.5712478965430101 0.38099819246954747 0.02117631802583091 0.030989184145441228
4175 0.5767871912118762 0.459623840217794 0.02099446159934022 0.02473918414544123
4177 0.6792566248353978 0.35426331662052596 0.03781824874635866 0.013340609191583752
4180 0.6787481594751339 0.34483825184570127 0.03781824874635866 0.013340609191583752
4181 0.6766771941148699 0.3353130575212273 0.03469324874635884 0.013140350092285046
4182 0.6785352108079173 0.3252569370708766 0.03781824874635866 0.013340609191583752
4183 0.6780267454476535 0.3158318722960519 0.03781824874635884 0.013340609191583752
4184 0.6775637441940123 0.3048443075212274 0.03781824874635866 0.013340609191583752
4186 0.6778365288337482 0.29546930752122735 0.03781824874635866 0.013340609191583752
2956 0.6797172775801071 0.28463193707087664 0.03938074874635866 0.013440738741233105
2209 0.6385634286754638 0.3540036983296436 0.029960284639735945 0.011277461443337078
2212 0.6380776953685112 0.3437973835548189 0.029960284639736122 0.011277461443337166
2213 0.6375919620615587 0.3335910687799943 0.03152278463973612 0.01137759099298643
2214 0.6386459967012947 0.3242661335548189 0.033085284639736125 0.011477720542635694
2215 0.6389187813410308 0.3148911335548189 0.03152278463973594 0.011377590992986342
2216 0.6376290659807669 0.3054160040051696 0.03152278463973612 0.01137759099298643
2218 0.6379245826738144 0.29525975400516963 0.03156824874635866 0.01294009099298643
1363 0.9291920918450144 0.23800247069029404 0.06413670783841638 0.060255181985972864
3293 0.8861778777383916 0.23681140807493772 0.025591033386094964 0.02191457279438911
2962 0.831513109791703 0.23252562383721145 0.021267246239076342 0.03411418414544123
859 0.811200609791703 0.2312239396917703 0.011210284639735946 0.01007590684754529
861 0.9265277445897236 0.16817083204134606 0.0532446719450391 0.06111677513842757
2964 0.8819282984297896 0.16766088987634042 0.02613660266556721 0.040664572794389155
4191 0.8383063305622432 0.13355719771133476 0.04098871285298138 0.015103368290882324
2223 0.8789767946688659 0.1345980660022171 0.03156824874635866 0.01294009099298643
2303 0.8362724691211876 0.09585693861203612 0.08730142319868044 0.05238212523071266
1793 0.6381532178675464 0.07220298580657233 0.2563242078384166 0.07257111659283932
870 0.7670989202956866 0.13290755320229067 0.01612510517284953 0.01818879549649317
871 0.7521415100291298 0.1358625724806221 0.009647784639735946 0.009975777297895939
2873 0.7709453343231669 0.1621141918512386 0.021221782132453626 0.032551684145441184
2874 0.7513913522698557 0.1616438224806221 0.021221782132453626 0.032551684145441184
3356 0.6847948856559505 0.1370257518457013 0.09984688730530315 0.05474566162790726
2220 0.6044625279758185 0.12718158003876126 0.03156824874635866 0.01294009099298643
4188 0.5637465997625732 0.1277032117478789 0.03942621285298138 0.015003238741233016
1246 0.3305711399455996 0.920175049736988 0.2642396594086268 0.15964990052602382
333 0.3398492000538717 0.9899867589424151 0.05357964106622681 0.01902940468807692
272 0.3717189771717604 0.9168892203857523 0.15725021034569905 0.044387954964932065
4156 0.4409068978631584 0.8524447910206732 0.040943248746358664 0.013540868290882458
3215 0.39318245170322436 0.8517345897563686 0.04094324874635884 0.013540868290882458
3216 0.46468537866282844 0.8422279842654128 0.04098871285298138 0.015103368290882458
4158 0.5081087697290553 0.8293565468807692 0.03938074874635866 0.013440738741233105
3219 0.5125151249019048 0.8124193707548926 0.040943248746358664 0.013540868290882458
3223 0.5089043915949523 0.8020127968807692 0.03781824874635866 0.013340609191583752
3227 0.5093590326611791 0.7863877968807692 0.03942621285298138 0.015003238741233105
3228 0.5088960314075377 0.7754002321059446 0.040943248746358664 0.013540868290882458
3235 0.5107911520197934 0.7371690468807692 0.03942621285298138 0.015003238741233105
4165 0.4543138314866801 0.7413768830933936 0.02099446159934022 0.02473918414544123
3233 0.4120581353267461 0.741017135252862 0.020994461599340042 0.02473918414544123
3230 0.3862314212201234 0.7409274976836482 0.02099446159934022 0.02473918414544123
3237 0.4049503289793976 0.7162977375046153 0.047329641066226814 0.018628886489479513
3229 0.35300974426051923 0.7528872771410124 0.02099446159934022 0.02473918414544123
3225 0.34975671212806564 0.7839870828165385 0.040943248746358754 0.013540868290882458
3220 0.347997983835678 0.8175307680417138 0.04094324874635884 0.013540868290882458
3214 0.3583217183962718 0.8393254248892591 0.021039925705962935 0.026301684145441227
2190 0.46897807356912136 0.8291970581395361 0.03156824874635866 0.012940090992986342
1094 0.4757963749019048 0.8100663263381336 0.015852320533113407 0.008813795496493526
1098 0.4751742492750842 0.8045475115633088 0.017414820533113405 0.008913925046142523
1102 0.4742709788211131 0.7817911320136595 0.015852320533113407 0.00881379549649317
1103 0.47445283524760373 0.7755411320136595 0.015852320533113407 0.00881379549649317
1110 0.4779559199664821 0.7358475763381335 0.018977320533113406 0.009014054595791876
1091 0.4336172350893192 0.8339753932724264 0.009647784639736123 0.009975777297896116
1090 0.39448653892938523 0.8338159045311933 0.009647784639736123 0.009975777297896116
1089 0.37962005687607386 0.8336459238095248 0.017733069279472248 0.019851425046142523
1105 0.38637617372740585 0.7628525624584729 0.01768760517284953 0.018288925046142525
1108 0.4123165481005852 0.7590359500276866 0.012772784639736124 0.010176036397194466
2197 0.4560210839939625 0.7634020774178676 0.017778533386094964 0.021413925046142524
2188 0.4131910748227625 0.8365799591269851 0.01612510517284953 0.018188795496493528
1095 0.3412395184754141 0.8077051850682919 0.015852320533113407 0.00881379549649317
1100 0.3408674454350182 0.7935926202934672 0.01580685642649069 0.007251295496493171
1104 0.3517056570343584 0.7708059623661878 0.012772784639736124 0.010176036397194466
1097 0.2834497505287254 0.8032191417312669 0.015852320533113407 0.00881379549649317
1099 0.2821827672217728 0.7929627621816177 0.01893185642649069 0.007451554595791876
1101 0.2769186057015749 0.785581058757845 0.015852320533113407 0.00881379549649317
1106 0.2995664955141605 0.7604203724529355 0.011210284639736123 0.01007590684754529
753 0.5839535188711255 0.6706311913898133 0.014608069279472247 0.019651165946843817
751 0.5659393047645028 0.6710422015688462 0.01612510517284953 0.01818879549649317
750 0.5487063406578802 0.6715032765227036 0.01612510517284953 0.01818879549649317
749 0.5307375906578802 0.6703517867017365 0.01612510517284953 0.01818879549649317
748 0.5135273586045688 0.6700316116555939 0.01612510517284953 0.01818879549649317
747 0.4963171265512575 0.6697114366094513 0.01612510517284953 0.01818879549649317
746 0.4791068944979461 0.6693912615633087 0.01612510517284953 0.01818879549649317
1112 0.469953203352577 0.7149843638150621 0.06929556927947225 0.023155700184570093
745 0.426694948338012 0.6683806716500565 0.01612510517284953 0.01818879549649317
744 0.4087034662847008 0.6680104318290894 0.01612510517284953 0.01818879549649317
743 0.39147050217807805 0.6684715067829468 0.01612510517284953 0.01818879549649317
742 0.37428300217807803 0.6673700817368042 0.01612510517284953 0.01818879549649317
1117 0.3570500380714554 0.6678311566906617 0.01612510517284953 0.01818879549649317
1116 0.33983980601814406 0.6675109816445192 0.01612510517284953 0.01818879549649317
1115 0.3218483239648327 0.667140741823552 0.01612510517284953 0.01818879549649317
2195 0.5833564738065482 0.7449500709394626 0.017733069279472248 0.019851425046142523
4163 0.5621263314866801 0.7482858220191968 0.02099446159934022 0.02473918414544123
3222 0.290185483835678 0.8138259747046888 0.03781824874635884 0.013340609191583752
3224 0.3118929992750842 0.7940839736249548 0.03469324874635884 0.013140350092285046
3226 0.3090635159681316 0.783727464525656 0.03938074874635884 0.013440738741233105
3231 0.2823335314075378 0.760881447406793 0.02099446159934022 0.02473918414544123
2857 0.5855471111118512 0.6965626357142872 0.02117631802583091 0.030989184145441228
2855 0.56677437905854 0.6961423311184954 0.02117631802583091 0.030989184145441228
2854 0.5503226649519173 0.6966534708471775 0.01800585391920819 0.029226425046142524
2853 0.5331351649519173 0.695552045801035 0.01961381802583091 0.030889054595791877
2852 0.5167061828986059 0.6952819355297171 0.01961381802583091 0.030889054595791877
2851 0.49563516495191723 0.6931489366094513 0.017960389812585475 0.027663925046142523
2850 0.4792289149519172 0.6920975763381334 0.019522889812585476 0.027764054595791877
2849 0.42755275468536047 0.6926995511997058 0.019522889812585476 0.027764054595791877
2848 0.4111010405787378 0.6932106909283879 0.02117631802583091 0.030989184145441228
2847 0.39313229057873783 0.6920592011074207 0.021085389812585655 0.02786418414544123
2846 0.3758993264721152 0.6925202760612782 0.01961381802583091 0.030889054595791877
3242 0.3587345585254265 0.6906376010151357 0.02099446159934022 0.02473918414544123
3241 0.33998455852542653 0.6894360464193439 0.02099446159934022 0.02473918414544123
3240 0.3227743264721151 0.6891158713732013 0.01786946159934022 0.024538925046142523
4172 0.5800365601747791 0.5631493584163914 0.04098871285298138 0.015103368290882279
4171 0.548817652415505 0.5869780821982296 0.03942621285298138 0.015003238741233105
2876 0.5317749049227875 0.6078017219269117 0.02117631802583091 0.030989184145441228
2875 0.492621476709542 0.6084234831856786 0.0504091769596041 0.017266645588778218
2869 0.4521412292168245 0.6277451796696211 0.021085389812585474 0.02786418414544123
2874 0.413578834389674 0.6080544409283879 0.05036371285298138 0.015704145588778216
2873 0.3427351369760987 0.5949047964193438 0.05036371285298147 0.015704145588778216
2884 0.41504204598901423 0.5846670057032126 0.05192621285298138 0.01580427513842757
2883 0.3481045985754389 0.5717676850682919 0.05036371285298147 0.015704145588778216
2893 0.34547970374828846 0.5543799259689932 0.05036371285298138 0.015704145588778216
2904 0.3331531999873647 0.5207163247969739 0.05036371285298138 0.015704145588778216
2898 0.38271293078703483 0.5121516556109276 0.022738818025830908 0.031089313695090583
2901 0.4135082897208081 0.529779246603914 0.05192621285298138 0.01580427513842757
2910 0.42907946542677095 0.5057304773255826 0.02117631802583091 0.030989184145441228
2885 0.4861274358015997 0.5626103354374321 0.04406824874635866 0.013741127390180985
2891 0.5191816282006101 0.5295067412052432 0.021085389812585474 0.02786418414544123
2899 0.4935822346271008 0.5216046036360293 0.02117631802583091 0.030989184145441228
2895 0.47339175508107195 0.5430092342654129 0.02117631802583091 0.030989184145441228
2906 0.47342885900028014 0.5148341694905882 0.02117631802583091 0.030989184145441228
2920 0.5385741373718101 0.4548269162513857 0.02117631802583091 0.030989184145441228
4174 0.5204917271052534 0.45758167643041847 0.02099446159934022 0.02473918414544123
2919 0.5017644591585648 0.4555988718346267 0.02117631802583091 0.030989184145441228
4173 0.4829462629986307 0.45674106723883484 0.01943196159934022 0.024639054595791875
2918 0.46582695915856476 0.4532958921926923 0.01805131802583091 0.030788925046142522
2917 0.4485939950519421 0.4537569671465498 0.02117631802583091 0.030989184145441228
2916 0.4290400129986308 0.4532865977759332 0.02117631802583091 0.030989184145441228
2924 0.4114804399582349 0.43807260795496605 0.021085389812585474 0.02786418414544123
2915 0.39069056683869674 0.4531771738095248 0.02117631802583091 0.030989184145441228
2914 0.371113852732074 0.45348805443890833 0.02117631802583091 0.030989184145441228
2913 0.3515371386254514 0.4537989350682919 0.021085389812585655 0.02786418414544123
2923 0.515795866917839 0.4306687230066458 0.0519716769596041 0.01736677513842757
2929 0.4832561515575751 0.41919100246401014 0.05192621285298138 0.01580427513842757
2930 0.4476141682506225 0.40673177282207573 0.04880121285298138 0.015604016039128865
2935 0.448827327263538 0.3919380875969004 0.04406824874635866 0.013741127390180985
2942 0.4820490042231421 0.37997830813953615 0.0504091769596041 0.017266645588778218
2946 0.4245547529695008 0.36533601480251127 0.019522889812585476 0.027764054595791877
2945 0.37917405680956684 0.364776007862681 0.02117631802583091 0.030989184145441228
2937 0.371483577263538 0.38698167488925905 0.04880121285298138 0.015604016039128954
2926 0.3540316528112163 0.42186781461794115 0.02117631802583091 0.030989184145441228
2932 0.3523698644105565 0.3982801202934672 0.05192621285298147 0.01580427513842757
2947 0.3286428593959916 0.352928047499078 0.02117631802583091 0.030989184145441228
4176 0.5326316774218226 0.3362573889534898 0.02099446159934022 0.02473918414544123
4178 0.46547526966254826 0.3577831330933936 0.040943248746358664 0.01354086829088228
2948 0.49903792742182257 0.3341046036360294 0.02117631802583091 0.030989184145441228
2951 0.47977946206155864 0.32347798426541285 0.02117631802583091 0.030989184145441228
2957 0.46019438776752153 0.2971763001199717 0.021221782132453626 0.032551684145441226
2959 0.4406858698208328 0.2951434307493551 0.021267246239076342 0.03411418414544123
2953 0.44136181974169053 0.3257123102990045 0.01800585391920819 0.029226425046142524
4185 0.36166595955427616 0.29399313849206443 0.04098871285298147 0.015103368290882279
4189 0.38442516112448655 0.18430725786268096 0.03938074874635884 0.013440738741233017
4187 0.505524922802969 0.13806091841085402 0.02255696159934022 0.024839313695090494
2972 0.47756740736356285 0.1574024012919909 0.021221782132453626 0.032551684145441184
2971 0.45647365736356277 0.15605065237172505 0.02117631802583091 0.03098918414544114
3294 0.4630168255476783 0.06567597624584838 0.0347841769596041 0.016265350092285046
2968 0.28377194325694016 0.1465488371354751 0.021221782132453626 0.032551684145441184
2963 0.272138109791703 0.1966792450627545 0.05353417695960409 0.017466904688076924
2389 0.31656405971256074 0.23005175200258482 0.08408549498543501 0.04905686613141409
765 0.45206467286947605 0.6034763648947964 0.01612510517284953 0.01818879549649317
770 0.42021527929596675 0.5951737091269853 0.03000574874635884 0.012839961443337166
769 0.3873345831360327 0.5954147385843495 0.03152278463973612 0.011377590992986342
772 0.5103090818823915 0.5923374082318211 0.017733069279472248 0.019851425046142523
787 0.5200394345479585 0.5538256207548924 0.014608069279472247 0.019651165946843817
795 0.4921644871343833 0.5434295388612047 0.011210284639735946 0.01007590684754529
791 0.4513803627612038 0.5462949205703224 0.017778533386094964 0.021413925046142524
802 0.45114468204067604 0.5274948557954977 0.017733069279472248 0.019851425046142523
806 0.4509999295333936 0.505569791020673 0.01612510517284953 0.01818879549649317
797 0.4061360589211379 0.541047413630492 0.03152278463973612 0.011377590992986342
794 0.3818718448145152 0.5410579056109276 0.009602320533113407 0.008413277297895937
800 0.3602014332943173 0.532624841915837 0.03152278463973612 0.011377590992986342
780 0.4239767767886843 0.5734989682262839 0.03156824874635866 0.012940090992986342
779 0.39270404473537296 0.5722776272332976 0.03156824874635875 0.012940090992986342
2204 0.5788915973217976 0.5755992936415668 0.031477320533113404 0.009815090992986341
2203 0.5460563652684863 0.5742778230989309 0.028397784639735947 0.011177331893687636
1581 0.4851499575092122 0.5962040854374321 0.03156824874635866 0.012940090992986342
1584 0.4795819191085523 0.5723660672388349 0.03156824874635884 0.012940090992986342
1780 0.5124171511618637 0.5736875377814705 0.03152278463973612 0.011377590992986342
4425 0.2909620368178142 0.6526381508305656 0.04094324874635884 0.013540868290882458
2207 0.5667302296125358 0.4824605629198981 0.017733069279472248 0.019851425046142523
816 0.5378239796125358 0.4806081662513857 0.01612510517284953 0.01818879549649317
815 0.5025768013992906 0.48148025138427597 0.01612510517284953 0.01818879549649317
814 0.4689603193459792 0.4801087160668155 0.01612510517284953 0.01818879549649317
813 0.45096883729266785 0.4797384762458483 0.01612510517284953 0.01818879549649317
812 0.4337586052393565 0.4794183011997058 0.01612510517284953 0.01818879549649317
811 0.3899631411327338 0.4781771738095248 0.01612510517284953 0.01818879549649317
810 0.3727074449727998 0.4794194987633823 0.017733069279472158 0.019851425046142523
809 0.3547159629194884 0.47904925894241507 0.017733069279472248 0.019851425046142523
2206 0.5205682834526019 0.48185049120524315 0.014562605172849529 0.01808866594684382
2205 0.4861478193459792 0.481210141112958 0.014562605172849529 0.01808866594684382
819 0.4743668848645276 0.4287965399409389 0.015852320533113407 0.00881379549649317
827 0.4827704182506225 0.4089846876891855 0.015852320533113407 0.00881379549649317
832 0.48322505931684934 0.3933596876891855 0.017414820533113405 0.008913925046142523
839 0.47926498502281223 0.3680592990402375 0.015852320533113407 0.00881379549649317
845 0.4968616619824163 0.35509822408638003 0.009647784639736123 0.009975777297895939
848 0.46066574920857717 0.334776429669621 0.009647784639735946 0.009975777297895939
854 0.4603164082214926 0.3198826148947963 0.012772784639735945 0.010176036397194554
856 0.4230209967012947 0.3104482557032126 0.012772784639736124 0.010176036397194643
850 0.42256635563506784 0.3260732557032126 0.012818248746358663 0.011738536397194643
843 0.4061002696625483 0.35397821020671943 0.009647784639736123 0.009975777297895939
842 0.39794678886287815 0.36519631245847284 0.009647784639736123 0.009975777297895939
834 0.4059040413701607 0.38762202498154413 0.011210284639736123 0.01007590684754529
829 0.3875715785171792 0.3989705351605769 0.012772784639736124 0.010176036397194554
827 0.4101141682506225 0.404328663630492 0.01893185642649069 0.007451554595791876
820 0.42457147334432965 0.4185611443521606 0.009647784639735946 0.009975777297895939
822 0.3753981874509524 0.413844563538207 0.012772784639736124 0.010176036397194466
2208 0.5311911978757937 0.3588635741786651 0.017778533386094964 0.021413925046142524
2210 0.46503500046221846 0.346014318318569 0.03156824874635866 0.01294009099298643
2217 0.31943299544765347 0.2928521406515328 0.03156824874635875 0.012940090992986342
2621 0.5810955726446845 0.2039548311184954 0.42167642319868043 0.07380984885566741
2221 0.42357858933773185 0.183685496603914 0.03152278463973612 0.01137759099298643
2219 0.5048202291503175 0.162279668410854 0.016170569279472247 0.01975129549649317
869 0.478249368962903 0.13396490129199093 0.009647784639735946 0.009975777297895939
868 0.45800506512283706 0.13031946714654974 0.016170569279472247 0.01975129549649317
1364 0.39732362938774435 0.06381428516057688 0.09644910266556703 0.0451704025286086
2563 0.40297658432316696 0.1385336829088235 0.06300010517284953 0.02119268198597286
2301 0.3768005292294597 0.12355023056478505 0.07393760517284953 0.021893588833518062
2643 0.3741529023489979 0.10694372146548639 0.08661946159934023 0.028944625230712662
3689 0.3801217575218474 0.09010667488925903 0.19135242570596295 0.03721580505721718
4154 0.2924239337565357 0.8444949838039875 0.02099446159934022 0.02473918414544123
4153 0.23144096964991304 0.842152431367664 0.02099446159934022 0.02473918414544123
2980 0.1809144692542016 0.988023883790144 0.02117631802583091 0.023952232419711804
3272 0.12318453728003256 0.9581000015411595 0.02099446159934022 0.02473918414544123
4200 0.10272728477275009 0.9348732526208936 0.02099446159934022 0.02473918414544123
3270 0.17330420922507175 0.9033915175802886 0.04098871285298147 0.015103368290882458
4152 0.0799179220780532 0.8848837446013291 0.040988712852981446 0.015103368290882458
4198 0.11061399261116663 0.8790237708194908 0.02099446159934022 0.024739184145440872
3271 0.17480452474362024 0.8518290175802885 0.03790917695960409 0.01646560919158375
4155 0.08148643375653572 0.8309774946013292 0.03781824874635877 0.013340609191583752
4199 0.11059727223633778 0.8257986412698417 0.01943196159934022 0.024639054595791875
3497 0.018850041436667665 0.8316598126153563 0.02255696159934022 0.02483931369509058
4159 0.049878732582036754 0.7874685240586935 0.03478417695960414 0.016265350092285046
4162 0.14077651722177284 0.7839010379383541 0.021039925705962893 0.026301684145441227
4161 0.1204412851684615 0.783380603792913 0.02099446159934022 0.02473918414544123
4353 0.2502400969260863 0.7071661620893325 0.05045464106622681 0.01882914558877822
4351 0.08854642748832955 0.7766404480251018 0.04406824874635875 0.013741127390180985
4160 0.038910140341310996 0.7609363024363235 0.02255696159934022 0.02483931369509058
3552 0.03366035068700998 0.7261607842377262 0.04415917695960413 0.016866127390180986
2644 0.04427124175323679 0.7111866263104469 0.01603417695960414 0.01506379549649317
2700 0.17400420585985948 0.7179348789313404 0.020812605172849486 0.018489184145441227
2721 0.18477187279033375 0.6168730266795871 0.02242056927947216 0.02015181369509058
2718 0.03380876636384302 0.6134605251384275 0.020812605172849486 0.018489184145441227
2757 0.1828122191876946 0.5228226380306391 0.020812605172849486 0.018489184145441227
2758 0.03200823713438327 0.5139413864894797 0.022284176959604128 0.015464313695090581
2771 0.1849406720115462 0.4227725732558145 0.020812605172849486 0.018489184145441227
2770 0.03234686942512146 0.42160369216500565 0.020858069279472168 0.02005168414544123
2646 0.1778077851019545 0.31821548118309384 0.0275172462390763 0.03451470234403846
2790 0.034611714568841094 0.316866127390181 0.027198997492717536 0.023577202344038463
2861 0.23500755351086156 0.63887723704319 0.04723871285298138 0.015503886489479512
2863 0.23369510609728633 0.6301833574935407 0.05036371285298147 0.015704145588778216
2865 0.23320937279033377 0.619977042718716 0.05036371285298147 0.015704145588778216
2868 0.23352762153669251 0.6090395427187161 0.05192621285298147 0.01580427513842757
2871 0.23304188822973995 0.5988332279438915 0.05036371285298147 0.015704145588778216
2877 0.23253342286947604 0.5894081631690667 0.05192621285298147 0.01580427513842757
2880 0.23048518956252345 0.5791017188445927 0.047238712852981465 0.01550388648947969
2887 0.2315846883088822 0.5682142836194174 0.05192621285298147 0.01580427513842757
2890 0.23031770500192966 0.5579579040697681 0.05348871285298147 0.015904404688076922
2894 0.2329569716949771 0.547951848394242 0.05192621285298147 0.01580427513842757
2897 0.22854225633471317 0.5382764597452941 0.05348871285298147 0.015904404688076922
2905 0.22886050508107197 0.5273389597452941 0.05353417695960409 0.017466904688076924
2908 0.22917875382743072 0.5164014597452942 0.05348871285298138 0.015904404688076922
2921 0.28475881558505545 0.435430864433371 0.05192621285298147 0.01580427513842757
2928 0.2589237412910184 0.4087286620893325 0.02117631802583091 0.030989184145441228
2936 0.2610772746771132 0.3885162916389818 0.0504091769596041 0.017266645588778218
2943 0.2578302542231421 0.36560971776485857 0.05192621285298147 0.01580427513842757
2950 0.3121373209953318 0.3283891224529355 0.01961381802583091 0.030889054595791877
2952 0.2574498209953318 0.32488458821520927 0.01961381802583091 0.030889054595791877
2958 0.27570572750096484 0.2892672632613518 0.021130853919208194 0.02942668414544123
4192 0.17553589443143908 0.18109621298449657 0.03469324874635875 0.013140350092285046
2965 0.09831416488541023 0.19884611505167987 0.021221782132453626 0.03255168414544114
2966 0.07637096872547619 0.19978805135658936 0.021267246239076297 0.03411418414544114
2969 0.023564217471834965 0.18544614666851245 0.024392246239076303 0.034314443244739846
2970 0.10453908432316697 0.11940893892580315 0.06295464106622681 0.019630181985972862
2975 0.10591136770926182 0.09914650370062782 0.06139214106622681 0.019530052436323532
2976 0.18592312813410308 0.03930923118309387 0.06295464106622681 0.019630181985972838
877 0.1714174488002305 0.9682352675802885 0.047329641066226814 0.018628886489479867
1349 0.1652500168260614 0.9380971846068664 0.058812710345698974 0.03807979333702498
1350 0.1723782067177893 0.8814163880306392 0.06345474623907635 0.03681768198597268
1765 0.12310798093268412 0.9338311867663348 0.016170569279472156 0.01975129549649317
1793 0.0830285502121563 0.9124778184754525 0.11943196159934022 0.031047345773348667
2639 0.03623010655950473 0.9337427467607975 0.0380001051728495 0.01959060919158375
2183 0.0920769412783831 0.8974035309985238 0.03464778463973608 0.011577850092285047
1763 0.12934126055785528 0.8810065754152827 0.017823997492717503 0.022976425046142522
1632 0.17316546839627178 0.8274600732558145 0.06814224623907635 0.037118070634920744
1793 0.08305729394395013 0.8576901889258032 0.11943196159934019 0.031047345773348313
537 0.04081596964991303 0.8299366263104468 0.018187710345698983 0.035476425046142526
2187 0.09288693501017695 0.8426659662236989 0.031568248746358774 0.012940090992986342
1764 0.13008305812971507 0.8286127606404581 0.016170569279472156 0.019751295496493525
2186 0.2697676837565357 0.8430431053340725 0.01768760517284953 0.018288925046142525
2185 0.252534719649913 0.84350418028793 0.01768760517284953 0.018288925046142525
2194 0.1320380147144904 0.7614252606404581 0.014562605172849529 0.01808866594684382
2193 0.11250676471449039 0.7601736412698417 0.017778533386094874 0.021413925046142524
1429 0.08748403266117903 0.7593528184754524 0.02857964106622681 0.017427331893687815
2191 0.09135317874197078 0.7877782071244004 0.031568248746358774 0.012940090992986342
2192 0.060876068554556365 0.7592131161314141 0.020858069279472157 0.02005168414544123
1431 0.2543138314866801 0.7285603007382806 0.052380853919208284 0.03142927513842757
1270 0.10781221918769461 0.5180164196474717 0.1583152344940868 0.456187048117387
1345 0.11077104928771946 0.2818285957733484 0.1241649257059629 0.03291023442229637
757 0.27965246377741826 0.6378246792081956 0.03156824874635884 0.012940090992986342
759 0.2791667304704657 0.6276183644333709 0.03156824874635875 0.012940090992986342
761 0.27865826511020175 0.6181932996585463 0.03156824874635884 0.012940090992986342
764 0.2781725318032492 0.6079869848837217 0.03156824874635875 0.012940090992986342
767 0.2776640664429853 0.5985619201088971 0.03156824874635875 0.012940090992986342
773 0.2779368510827214 0.5891869201088971 0.03156824874635884 0.012940090992986342
776 0.2782323677757688 0.5790306701088971 0.03156824874635875 0.012940090992986342
783 0.27852788446881627 0.5688744201088971 0.03156824874635875 0.012940090992986342
786 0.2772381691085523 0.5593992905592478 0.03156824874635875 0.012940090992986342
790 0.27831493580159977 0.5492931053340724 0.03156824874635875 0.012940090992986342
793 0.27780647044133583 0.5398680405592478 0.03156824874635875 0.012940090992986342
801 0.27732073713438327 0.529661725784423 0.03156824874635875 0.012940090992986342
804 0.27759352177411933 0.520286725784423 0.03156824874635875 0.012940090992986342
817 0.2897418322781029 0.425575003082319 0.018977320533113406 0.009014054595791876
824 0.2769152233443297 0.4090989019102997 0.012772784639736124 0.010176036397194466
833 0.2986454708370473 0.3885756508305656 0.017414820533113405 0.008913925046142523
840 0.2969609503830761 0.36576920650609157 0.018977320533113406 0.009014054595791876
844 0.31143262734268023 0.35260787245293546 0.011210284639736123 0.01007590684754529
847 0.29318273251552973 0.33421881785714364 0.012772784639736124 0.010176036397194554
849 0.2754640351019545 0.32447357803617644 0.009647784639736123 0.009975777297895939
855 0.27591867616818133 0.3088485780361764 0.011210284639736123 0.01007590684754529
860 0.27091659059137313 0.1848603655131052 0.018977320533113406 0.009014054595791876
865 0.2853428034443546 0.17326153145994908 0.016170569279472247 0.019751295496493217
2224 0.21781432264468448 0.18067471082502826 0.028397784639736124 0.01117733189368777
862 0.09508987648475045 0.17515829117755657 0.00964778463973608 0.009975777297895939
863 0.07801603675130714 0.17015061613141402 0.017778533386094853 0.021413925046142524
866 0.03981735477713808 0.13795987739018098 0.054852636051661886 0.06277940468807693
1595 0.1927976022698556 0.1258475084809898 0.10095474623907634 0.03922079117755657
1596 0.19292563440230923 0.09454744370616515 0.09939224623907635 0.03912066162790721
1597 0.19307639858807418 0.06246612893134048 0.10251724623907629 0.039320920727205874
1586 0.3916416499082224 0.5549899976836482 0.03156824874635884 0.012940090992986342
1164 0.4512977947353729 0.5760324853451471 0.017733069279472248 0.019851425046142523
1793 0.0838218235691213 0.8045151241509785 0.11943196159934022 0.031047345773348313
1793 0.5388466411992408 0.9565593969730543 0.04925585391920819 0.031229016039128865
1793 0.8134518361055336 0.9608508829365101 0.05550585391920819 0.03162953423772628
1793 0.813282003036008 0.8590881238372117 0.04296038981258547 0.02926599784053181
799 0.6589799140939874 0.5400308358988574 0.017414820533113405 0.008913925046142523
277 0.8721916532734347 0.7712865376245871 0.031477320533113584 0.009815090992986341
53 0.9284563059516371 0.23638990591546935 0.036801318025830906 0.0319904796419344
53 0.3918776114410557 0.06268258173680427 0.055323997492717505 0.02537953423772623
229 0.16547733735917483 0.9302846846068664 0.047238712852981465 0.015503886489479868
198 0.5754600911200984 0.989431256164638 0.012818248746358663 0.011738536397194821
1793 0.5370688440230924 0.8562590083241062 0.04925585391920819 0.03122901603912922