3290 0.07109375 0.02265625 0.0171875 0.02265625
1518 0.09453125 0.03515625 0.0265625 0.02578125
2090 0.096875 0.0578125 0.01640625 0.0140625
2081 0.1015625 0.0859375 0.0078125 0.03203125
4056 0.084375 0.078125 0.0203125 0.01875
4047 0.11328125 0.0828125 0.009375 0.04140625
3570 0.1375 0.02734375 0.01953125 0.02265625
1472 0.1375 0.071875 0.03203125 0.053125
1064 0.1921875 0.05 0.05390625 0.05
3189 0.2296875 0.04375 0.01171875 0.05
4077 0.0671875 0.1375 0.009375 0.04296875
4083 0.06796875 0.18203125 0.01015625 0.04296875
2111 0.07890625 0.11953125 0.0078125 0.03203125
2117 0.07890625 0.15625 0.0078125 0.03203125
1426 0.11171875 0.15625 0.03984375 0.078125
1070 0.14765625 0.13984375 0.01484375 0.06875
3195 0.16328125 0.14453125 0.01171875 0.0484375
4348 0.14375 0.18828125 0.025 0.021875
1078 0.08828125 0.2 0.0171875 0.01640625
1073 0.12734375 0.21953125 0.0390625 0.03359375
3203 0.071875 0.21953125 0.021875 0.0171875
3198 0.09140625 0.23671875 0.0234375 0.01953125
2661 0.0234375 0.184375 0.0140625 0.03359375
2766 0.04765625 0.1890625 0.01328125 0.02109375
3514 0.07109375 0.2828125 0.0125 0.03515625
3569 0.16484375 0.22578125 0.0140625 0.034375
3194 0.18203125 0.1484375 0.0125 0.04921875
1069 0.184375 0.203125 0.01015625 0.046875
4001 0.19375 0.10078125 0.0109375 0.040625
3997 0.20546875 0.1015625 0.009375 0.04140625
3187 0.21484375 0.1015625 0.01015625 0.040625
2036 0.19453125 0.14296875 0.0078125 0.03203125
2033 0.20546875 0.14296875 0.0078125 0.03046875
1062 0.21640625 0.14296875 0.0078125 0.03125
1423 0.203125 0.203125 0.0203125 0.0546875
4345 0.228125 0.146875 0.0109375 0.04609375
3186 0.240625 0.146875 0.01171875 0.04609375
3183 0.2484375 0.1921875 0.009375 0.04296875
1061 0.22265625 0.203125 0.01171875 0.0484375
1058 0.2359375 0.20234375 0.00859375 0.0328125
1471 0.13671875 0.31875 0.07890625 0.14453125
1245 0.03359375 0.3421875 0.0515625 0.27421875
2769 0.0234375 0.4984375 0.0140625 0.02109375
2644 0.04765625 0.4953125 0.0140625 0.01171875
4066 0.090625 0.33515625 0.01015625 0.04140625
4089 0.07734375 0.36171875 0.0109375 0.0421875
4094 0.0671875 0.446875 0.01015625 0.04296875
2123 0.07890625 0.4109375 0.00859375 0.03203125
2128 0.07890625 0.4484375 0.0078125 0.03203125
2100 0.09140625 0.378125 0.00859375 0.0328125
1427 0.1109375 0.44609375 0.03984375 0.07578125
1079 0.08671875 0.490625 0.0171875 0.01484375
3204 0.078125 0.51328125 0.02265625 0.01953125
1071 0.1484375 0.43046875 0.015625 0.06953125
1072 0.12890625 0.5109375 0.03984375 0.0359375
3196 0.1640625 0.421875 0.0109375 0.05
3197 0.16640625 0.496875 0.0265625 0.02265625
4349 0.1765625 0.43359375 0.0125 0.0484375
1059 0.209375 0.2765625 0.053125 0.0484375
1060 0.209375 0.33125 0.053125 0.04765625
3184 0.2421875 0.27265625 0.00859375 0.0421875
3185 0.2421875 0.33125 0.01015625 0.04453125
2025 0.25390625 0.2765625 0.0078125 0.03046875
2005 0.2640625 0.2765625 0.0078125 0.03046875
1983 0.27265625 0.27578125 0.0078125 0.03046875
1972 0.28203125 0.2765625 0.0078125 0.03046875
1944 0.2921875 0.2765625 0.0078125 0.03046875
1922 0.3015625 0.2765625 0.0078125 0.03046875
1899 0.3109375 0.27578125 0.0078125 0.03046875
1876 0.3203125 0.27578125 0.0078125 0.03046875
1028 0.33046875 0.27578125 0.00703125 0.03203125
1037 0.30390625 0.11484375 0.0265625 0.09765625
3154 0.32578125 0.10234375 0.0109375 0.05078125
3120 0.3359375 0.0359375 0.021875 0.01953125
1009 0.36171875 0.04453125 0.01640625 0.015625
981 0.375 0.11484375 0.02734375 0.09765625
3089 0.3515625 0.103125 0.0125 0.0484375
3986 0.25390625 0.234375 0.01015625 0.04140625
3965 0.26328125 0.234375 0.009375 0.04140625
3943 0.27265625 0.23359375 0.009375 0.04140625
3932 0.28203125 0.23359375 0.009375 0.040625
3900 0.2921875 0.23359375 0.009375 0.040625
3878 0.30078125 0.234375 0.009375 0.04296875
3855 0.31015625 0.23203125 0.009375 0.0390625
3833 0.3203125 0.2328125 0.01015625 0.03984375
3145 0.3296875 0.23515625 0.00859375 0.0390625
3127 0.34921875 0.278125 0.01015625 0.040625
1014 0.33984375 0.2703125 0.0046875 0.015625
3135 0.34921875 0.3390625 0.01015625 0.040625
1021 0.33984375 0.33671875 0.0046875 0.015625
3811 0.38203125 0.30625 0.02109375 0.01875
1851 0.38359375 0.28515625 0.01796875 0.015625
4440 0.384375 0.2375 0.02734375 0.05859375
3753 0.36015625 0.24140625 0.01171875 0.0265625
2831 0.46328125 0.03828125 0.1359375 0.05390625
2627 0.44921875 0.0828125 0.1140625 0.02890625
963 0.4 0.11953125 0.00859375 0.0109375
3069 0.41640625 0.1125 0.01875 0.01875
3626 0.4828125 0.1203125 0.0953125 0.03046875
2636 0.5109375 0.1515625 0.1484375 0.03125
1599 0.43046875 0.25703125 0.0265625 0.09765625
3036 0.45078125 0.22578125 0.01015625 0.04921875
3027 0.46875 0.24453125 0.01328125 0.05078125
923 0.4609375 0.32578125 0.0265625 0.09765625
1840 0.49375 0.365625 0.01640625 0.01640625
1420 0.49375 0.32734375 0.02421875 0.04609375
3800 0.4921875 0.2921875 0.0203125 0.01796875
4342 0.4921875 0.27109375 0.02421875 0.02109375
2989 0.52109375 0.24453125 0.0125 0.0484375
2978 0.546875 0.24375 0.0125 0.0484375
2956 0.57109375 0.24375 0.0125 0.0484375
3549 0.59609375 0.23671875 0.02578125 0.021875
2933 0.62265625 0.23671875 0.01171875 0.04765625
2900 0.62734375 0.309375 0.009375 0.040625
3767 0.59375 0.03046875 0.021875 0.01953125
886 0.521875 0.32734375 0.02578125 0.096875
875 0.55 0.328125 0.02578125 0.09765625
853 0.57890625 0.328125 0.0265625 0.096875
1589 0.60703125 0.32734375 0.02578125 0.09609375
796 0.6265625 0.36015625 0.0078125 0.03046875
1807 0.61953125 0.0328125 0.01640625 0.0140625
1516 0.6421875 0.0328125 0.02109375 0.0171875
3287 0.66796875 0.03203125 0.01796875 0.0234375
4383 0.665625 0.09375 0.01328125 0.05546875
4266 0.6265625 0.18203125 0.0234375 0.021875
4370 0.66875 0.2125 0.01796875 0.02109375
725 0.63359375 0.11484375 0.046875 0.10078125
1449 0.6671875 0.29921875 0.05859375 0.1421875
1241 0.79765625 0.0828125 0.16640625 0.12421875
3510 0.88359375 0.10234375 0.01015625 0.0359375
1336 0.84765625 0.30078125 0.30234375 0.34140625
334 0.76796875 0.29765625 0.03359375 0.23671875
92 0.80234375 0.29375 0.0171875 0.22265625
8 0.8390625 0.29609375 0.0296875 0.1984375
4032 0.1171875 0.5609375 0.009375 0.040625
4038 0.11640625 0.60390625 0.01015625 0.040625
4006 0.1375 0.5546875 0.009375 0.03984375
2066 0.12890625 0.59375 0.0078125 0.03125
2072 0.1296875 0.63046875 0.0078125 0.03125
2041 0.15 0.5609375 0.00859375 0.03203125
1424 0.159375 0.62890625 0.040625 0.07734375
1469 0.1859375 0.54375 0.03203125 0.0515625
3567 0.21171875 0.5328125 0.01171875 0.03515625
1065 0.19609375 0.6125 0.01484375 0.06875
3190 0.21171875 0.60078125 0.0109375 0.04296875
4346 0.2125 0.66328125 0.0109375 0.04765625
3168 0.225 0.5765625 0.01171875 0.04921875
3182 0.225 0.66953125 0.0109375 0.04765625
1057 0.24140625 0.678125 0.01640625 0.06953125
1043 0.24140625 0.5953125 0.0171875 0.0703125
3157 0.225 0.421875 0.01171875 0.04140625
3178 0.22421875 0.4890625 0.0109375 0.0484375
1040 0.240625 0.4078125 0.015625 0.06953125
1053 0.24140625 0.4921875 0.01640625 0.06953125
536 0.203125 0.38515625 0.03515625 0.01796875
3550 0.20078125 0.4140625 0.02578125 0.02421875
2234 0.25390625 0.34453125 0.00703125 0.03203125
2234 0.2640625 0.3453125 0.00703125 0.03203125
2234 0.2734375 0.34453125 0.00703125 0.03203125
2234 0.2828125 0.3453125 0.00703125 0.03203125
2234 0.2921875 0.3453125 0.00703125 0.03203125
2234 0.30234375 0.34453125 0.00703125 0.03203125
2234 0.31171875 0.34453125 0.00703125 0.03203125
2234 0.32109375 0.34453125 0.00703125 0.03203125
2234 0.33125 0.34375 0.00703125 0.03203125
1421 0.32578125 0.44921875 0.134375 0.1609375
1421 0.32578125 0.63515625 0.134375 0.1609375
4343 0.4046875 0.45625 0.0109375 0.04140625
4344 0.4046875 0.6421875 0.0109375 0.04921875
940 0.42578125 0.44609375 0.02578125 0.0984375
3047 0.41796875 0.52890625 0.01171875 0.0484375
3058 0.4171875 0.7 0.0125 0.0484375
952 0.42578125 0.6203125 0.02578125 0.09765625
1451 0.528125 0.53359375 0.16328125 0.2984375
774 0.6296875 0.4484375 0.0265625 0.096875
2878 0.65078125 0.43671875 0.01171875 0.04609375
818 0.621875 0.509375 0.01640625 0.015625
2922 0.64453125 0.5109375 0.02109375 0.01796875
4372 0.61640625 0.5328125 0.009375 0.02421875
807 0.621875 0.56015625 0.01640625 0.01484375
2911 0.64296875 0.55625 0.0203125 0.01875
785 0.62890625 0.61875 0.0265625 0.09765625
2889 0.653125 0.684375 0.0125 0.046875
534 0.6546875 0.62109375 0.00859375 0.06328125
3548 0.66796875 0.67421875 0.0125 0.05
4168 0.6703125 0.39375 0.015625 0.01796875
4179 0.68828125 0.42265625 0.009375 0.02890625
4190 0.66953125 0.46953125 0.01484375 0.01640625
2200 0.6734375 0.415625 0.01640625 0.0140625
2211 0.6734375 0.4328125 0.01640625 0.0140625
2222 0.6734375 0.45 0.01640625 0.0140625
4369 0.66640625 0.52265625 0.01171875 0.03359375
1448 0.6875 0.5109375 0.02421875 0.053125
4157 0.68203125 0.55546875 0.01015625 0.02890625
2189 0.69453125 0.5578125 0.0078125 0.03125
3563 0.67421875 0.61640625 0.01171875 0.034375
1462 0.69140625 0.61875 0.0140625 0.06328125
3561 0.7015625 0.4703125 0.01484375 0.02109375
1460 0.73125 0.47109375 0.0328125 0.02578125
752 0.76484375 0.471875 0.025 0.01953125
2856 0.790625 0.48359375 0.021875 0.02421875
1441 0.74609375 0.578125 0.08125 0.14921875
4363 0.796875 0.54921875 0.01171875 0.0328125
4368 0.6921875 0.6796875 0.0109375 0.0328125
1447 0.7125 0.6890625 0.025 0.04609375
2156 0.73828125 0.6796875 0.0171875 0.0140625
4122 0.7578125 0.67890625 0.01484375 0.0203125
4226 0.65703125 0.74609375 0.0234375 0.0234375
559 0.65390625 0.78359375 0.0375 0.04921875
1450 0.6859375 0.77890625 0.0140625 0.025
4371 0.68515625 0.81015625 0.01796875 0.021875
763 0.6828125 0.73984375 0.00859375 0.0109375
2867 0.7015625 0.73671875 0.02109375 0.01953125
1446 0.7546875 0.7484375 0.053125 0.09921875
4367 0.7171875 0.775 0.0125 0.0328125
3057 0.8234375 0.50234375 0.01796875 0.02265625
951 0.85546875 0.50390625 0.0359375 0.0296875
740 0.90703125 0.50390625 0.05234375 0.0484375
2844 0.9421875 0.51328125 0.0109375 0.0265625
2024 0.8703125 0.5515625 0.015625 0.015625
3985 0.88828125 0.5484375 0.01484375 0.01796875
1419 0.865625 0.61171875 0.0453125 0.084375
3188 0.8984375 0.578125 0.01640625 0.01875
1063 0.89765625 0.5984375 0.0078125 0.0109375
4341 0.89375 0.63203125 0.01015625 0.02578125
852 0.9046875 0.62890625 0.00390625 0.0140625
2955 0.915625 0.6125 0.01015625 0.02734375
3501 0.934375 0.59609375 0.0109375 0.03203125
1232 0.9359375 0.703125 0.065625 0.1796875
3221 0.828125 0.60078125 0.0140625 0.01796875
3210 0.81484375 0.61796875 0.01484375 0.01875
1096 0.83359375 0.62421875 0.0078125 0.0109375
1085 0.834375 0.63671875 0.0078125 0.00859375
4046 0.8078125 0.634375 0.01484375 0.01796875
3232 0.8078125 0.65234375 0.015625 0.01640625
2080 0.8265625 0.6515625 0.01640625 0.01484375
1107 0.81640625 0.6734375 0.0171875 0.01484375
1074 0.828125 0.67265625 0.0046875 0.01484375
874 0.83515625 0.67265625 0.00546875 0.01640625
876 0.85234375 0.6734375 0.02421875 0.0203125
3199 0.79296875 0.66796875 0.015625 0.01875
2977 0.78671875 0.68515625 0.02734375 0.01875
2979 0.88046875 0.66640625 0.02890625 0.01875
4197 0.7984375 0.71328125 0.01015625 0.0390625
2229 0.81015625 0.71328125 0.0078125 0.03359375
1430 0.83984375 0.7375 0.04296875 0.0796875
4352 0.871875 0.7671875 0.0109375 0.0328125
1348 0.8859375 0.71015625 0.028125 0.0640625
3269 0.8921875 0.75703125 0.0125 0.01875
741 0.79921875 0.7484375 0.025 0.01953125
2845 0.7984375 0.7765625 0.02578125 0.021875
3153 0.828125 0.7953125 0.01484375 0.01953125
1607 0.8484375 0.7953125 0.01640625 0.0171875
1682 0.9109375 0.80078125 0.01640625 0.01484375
3877 0.91015625 0.821875 0.01484375 0.01875
3766 0.92890625 0.8390625 0.01328125 0.01875
1806 0.9328125 0.8125 0.0171875 0.0140625
2644 0.88671875 0.79140625 0.01328125 0.015625
1641 0.06171875 0.70859375 0.08828125 0.23828125
3513 0.0609375 0.8171875 0.01171875 0.03125
1075 0.1375 0.68359375 0.01640625 0.015625
3200 0.1359375 0.70546875 0.021875 0.01796875
1470 0.1859375 0.753125 0.03203125 0.05390625
3568 0.2125 0.753125 0.01171875 0.03515625
1066 0.196875 0.82109375 0.015625 0.0671875
3191 0.2125 0.81484375 0.01171875 0.04765625
2045 0.15 0.76796875 0.0078125 0.03203125
4010 0.13828125 0.76171875 0.00859375 0.04140625
4018 0.1296875 0.7609375 0.009375 0.04140625
2052 0.13125 0.8015625 0.0078125 0.03125
2061 0.13125 0.8390625 0.0078125 0.0328125
4027 0.11796875 0.83828125 0.0109375 0.0421875
1425 0.16015625 0.83671875 0.040625 0.07578125
4347 0.19296875 0.86953125 0.025 0.02109375
3201 0.11015625 0.88125 0.0203125 0.0203125
1076 0.13359375 0.8796875 0.0171875 0.015625
1068 0.17578125 0.9015625 0.03984375 0.03515625
3193 0.20859375 0.90546875 0.0125 0.046875
3202 0.0953125 0.90390625 0.0265625 0.021875
1077 0.1109375 0.9484375 0.053125 0.05078125
1359 0.17578125 0.95390625 0.0515625 0.0578125
3288 0.21171875 0.96875 0.01796875 0.02734375
3192 0.21328125 0.7109375 0.0265625 0.02265625
1067 0.17578125 0.69296875 0.03984375 0.034375
1345 0.25078125 0.87421875 0.01953125 0.12109375
3439 0.296875 0.81640625 0.01171875 0.0421875
4384 0.29765625 0.87890625 0.0109375 0.02890625
3439 0.296875 0.93671875 0.01171875 0.0421875
3361 0.2625 0.96328125 0.0296875 0.025
3246 0.33125 0.84453125 0.03203125 0.0828125
2537 0.3234375 0.93671875 0.0234375 0.0875
3111 0.36796875 0.7671875 0.01015625 0.040625
3100 0.3796875 0.75546875 0.01015625 0.03984375
1001 0.371875 0.80078125 0.00546875 0.0140625
992 0.3796875 0.79609375 0.00859375 0.03125
2620 0.4625 0.953125 0.2046875 0.046875
972 0.37578125 0.88125 0.02578125 0.09765625
3079 0.396875 0.8796875 0.0109375 0.04921875
2389 0.4375 0.7734375 0.04453125 0.08125
2615 0.46484375 0.86640625 0.03671875 0.07109375
3021 0.48046875 0.77421875 0.0125 0.04765625
918 0.49140625 0.7234375 0.0109375 0.04765625
1829 0.53671875 0.88203125 0.0171875 0.01640625
3789 0.5578125 0.8796875 0.0203125 0.01796875
1467 0.5078125 0.7265625 0.0140625 0.06171875
3566 0.49609375 0.7828125 0.0125 0.03515625
3565 0.50859375 0.78984375 0.0109375 0.03359375
1465 0.525 0.775 0.0140625 0.0640625
864 0.56640625 0.74140625 0.02578125 0.0984375
841 0.5953125 0.74140625 0.0265625 0.0984375
2967 0.56875 0.81875 0.01171875 0.04140625
2944 0.58984375 0.81953125 0.0125 0.04453125
3564 0.5421875 0.78203125 0.0109375 0.03359375
1463 0.54140625 0.72890625 0.01328125 0.06328125
897 0.5296875 0.715625 0.00546875 0.015625
3000 0.528125 0.83359375 0.01015625 0.040625
3011 0.5171875 0.83359375 0.01015625 0.040625
908 0.521875 0.71875 0.00703125 0.03203125
4270 0.60390625 0.8625 0.01171875 0.0484375
4234 0.66484375 0.86328125 0.0140625 0.05625
3778 0.59921875 0.96015625 0.01875 0.01953125
3280 0.66953125 0.95859375 0.01640625 0.021875
1818 0.62109375 0.959375 0.01640625 0.015625
1514 0.64609375 0.9609375 0.021875 0.01875
728 0.634375 0.878125 0.05 0.11171875
3547 0.725 0.90625 0.01171875 0.05078125
3546 0.778125 0.90703125 0.0109375 0.05625
3545 0.83203125 0.9046875 0.01171875 0.04296875
1651 0.7390625 0.90703125 0.009375 0.06328125
1650 0.79296875 0.90546875 0.00859375 0.065625
1649 0.84609375 0.90625 0.01015625 0.0671875
2644 0.74453125 0.83984375 0.0109375 0.01015625
2644 0.79765625 0.8390625 0.01015625 0.009375
2644 0.85078125 0.83984375 0.01015625 0.0109375
3534 0.7640625 0.8265625 0.02578125 0.0234375
3527 0.8140625 0.8234375 0.02578125 0.02265625
3521 0.86875 0.82265625 0.02265625 0.02421875
1486 0.7625 0.9328125 0.02734375 0.09296875
1485 0.81640625 0.92890625 0.03046875 0.08984375
1484 0.871875 0.8859375 0.03125 0.09296875
1263 0.759375 0.86484375 0.02421875 0.0453125
1256 0.8125 0.8625 0.02578125 0.04609375
1251 0.8671875 0.95234375 0.02421875 0.040625
535 0.59609375 0.21328125 0.034375 0.01796875
3488 0.93125 0.14296875 0.01328125 0.0140625
2303 0.25859375 0.0796875 0.04296875 0.078125
2368 0.28203125 0.7921875 0.04921875 0.0546875
232 0.1375 0.06953125 0.01484375 0.03515625
173 0.1109375 0.15625 0.01953125 0.040625
254 0.1359375 0.309375 0.021875 0.096875
231 0.38203125 0.23671875 0.01328125 0.015625
194 0.865625 0.6125 0.028125 0.053125
128 0.74609375 0.57890625 0.05703125 0.1140625
189 0.53046875 0.53671875 0.10078125 0.27109375
315 0.3828125 0.49140625 0.0125 0.05859375
315 0.3828125 0.67890625 0.01171875 0.05625
332 0.29140625 0.4671875 0.028125 0.04921875
332 0.2921875 0.6515625 0.028125 0.0484375
66 0.3390625 0.46015625 0.05078125 0.065625
66 0.3390625 0.64765625 0.046875 0.0640625
232 0.18515625 0.54296875 0.01328125 0.0359375
172 0.15859375 0.6296875 0.01875 0.040625
172 0.11015625 0.446875 0.01953125 0.0421875
232 0.1859375 0.753125 0.01328125 0.0375
172 0.159375 0.83671875 0.01875 0.040625
277 0.65546875 0.784375 0.01484375 0.0140625