2081 0.01926105255414154 0.8310966346480161 0.03295795066836356 0.01498638257342364
4056 0.009607799610138964 0.8458928404568749 0.019215599220277928 0.025095088382282426
4047 0.01951432994511616 0.818478235477853 0.03902865989023232 0.018821777594401824
1472 0.019727960614275137 0.7932414371375269 0.039455921228550274 0.04273287427505377
1064 0.013887040619047645 0.7341740904568748 0.02777408123809529 0.06522318091374953
3189 0.012424537953547591 0.6957744412867117 0.024849075907095182 0.02279888257342346
4077 0.06408265654841454 0.8767177105827436 0.04549431333545444 0.019058575934727883
4083 0.10854118121423276 0.8863420869323899 0.04549431333545444 0.019058575934727883
2111 0.04863037921709625 0.8606899688811133 0.03295795066836356 0.01498638257342364
2117 0.08449515388291448 0.869663149794863 0.03295795066836356 0.01498638257342364
1426 0.09034571188736881 0.8372650468904336 0.08343066534054513 0.05940015601864026
1070 0.07985365455923221 0.7981550026992924 0.07062158267027256 0.03189046265733601
3195 0.08704853656114123 0.784625298965026 0.050236357336090796 0.02410127344521662
4348 0.12737354455764138 0.8134849273892645 0.025327264003818017 0.03001938672260849
1078 0.12906276655000537 0.8699125261445092 0.018968176002545346 0.020170790041956366
1073 0.15525309655477787 0.836709862452199 0.041134077339272455 0.046828378424238794
3203 0.1460229998806873 0.8907461670163024 0.020603401336727112 0.026539189212119396
3198 0.1657451538829145 0.8758199066433402 0.022184082670272564 0.028220088382282425
2661 0.10334460387496029 0.9297368894219009 0.036155676002545344 0.021473180913749702
2766 0.11142073321136925 0.9076726352727158 0.023637494668999892 0.01896348755244546
3514 0.20839573054586918 0.9064196338228232 0.03613749466899989 0.0199106809137497
3569 0.1673900172263231 0.8016603562284217 0.036155676002545344 0.021473180913749345
3194 0.09428887189691383 0.7671893452307595 0.05179885733609078 0.024219672615379828
1069 0.14812239656273204 0.777524116601384 0.048637494668999894 0.020857874275053766
4001 0.04920363856623189 0.7442245192960318 0.042387494668999895 0.020384277594401645
3997 0.05167465790105001 0.7334646180512764 0.04236931333545444 0.018821777594401644
3187 0.053346245902322675 0.7242080172214395 0.04236931333545444 0.018821777594401644
2036 0.0905371632320501 0.7536120973053521 0.03295795066836356 0.01498638257342364
2033 0.09300818256686823 0.7428521960605965 0.03295795066836358 0.014986382573423463
1062 0.09469795190168634 0.7320330952307595 0.03295795066836356 0.014986382573423463
1423 0.1514655725652774 0.7590109149417099 0.05813976400381802 0.03250576929603177
4345 0.10029397123650445 0.7215099923263302 0.04865567600254535 0.022420374275053768
3186 0.102783171904868 0.7091875910815747 0.048673857336090795 0.023982874275053766
3183 0.14810476257164074 0.7118399170163024 0.04549431333545444 0.019058575934727706
1061 0.15481783923459544 0.739716463282036 0.050236357336090796 0.02410127344521662
1058 0.15653488056973175 0.726553612452199 0.034538632001908987 0.016667281743586494
1471 0.2543991212205961 0.8504782097575511 0.1558692866804539 0.11328401784613931
1245 0.2602031312062786 0.9495040151468469 0.28077838001272665 0.10099196970630615
2769 0.41292814186827875 0.9964880654615191 0.023637494668999892 0.007023869076961731
2644 0.41320995253823317 0.978239124699261 0.01424431333545435 0.016690592531467274
4066 0.26321049988068734 0.8996261047785292 0.04236931333545444 0.018821777594401824
4089 0.2872292552116874 0.9186487919160562 0.04394999466899989 0.020502676764564853
4094 0.3689877852085057 0.948302248349615 0.04549431333545444 0.019058575934727883
2123 0.33559402987750564 0.9285691661911099 0.032976132001908985 0.01654888257342364
2128 0.37224914521009655 0.9368202966899408 0.03295795066836353 0.01498638257342364
2100 0.3053343652132782 0.9082916323729308 0.034538632001908987 0.01666728174358667
1427 0.37574686254777817 0.905025845030267 0.08028748400699967 0.0576008576783142
1079 0.4152269858768693 0.939295023869424 0.018968176002545255 0.020170790041956366
3204 0.4361843758752785 0.952612162666625 0.022165901336727068 0.026657588382282427
1071 0.3668263958864143 0.8652529500092887 0.0706215826702726 0.03189046265733601
1072 0.44302526921550545 0.902304509347277 0.04271475867281786 0.04850927759440182
3196 0.3607763905554142 0.8475918533286368 0.051780676002545344 0.022657172615380007
3197 0.4348860525541415 0.8625908139113804 0.025345445337363513 0.03158188672260849
4349 0.3741758192234596 0.8384419962750224 0.050236357336090796 0.02410127344521662
1059 0.22483943789786834 0.7700444259393721 0.05694089067472694 0.06363737012586893
1060 0.2786456905633684 0.7827229473099965 0.05537839067472694 0.06351897095570588
3184 0.22679283656909538 0.7365690751095351 0.04393181333545444 0.018940176764564675
3185 0.28449624856782274 0.750324844405567 0.04549431333545444 0.019058575934727706
2025 0.2323888559039135 0.7260459722051057 0.03295795066836353 0.014986382573423463
2005 0.23406044390518618 0.7167893713752687 0.03295795066836353 0.01498638257342364
1983 0.23494169123968614 0.7082548209603502 0.03295795066836353 0.01498638257342364
1972 0.2373945292409588 0.6990574197155948 0.03295795066836362 0.01498638257342364
1944 0.23907520790900422 0.6890195688857578 0.03295795066836362 0.01498638257342364
1922 0.24074679591027684 0.6797629680559207 0.03295795066836362 0.01498638257342364
1899 0.24163713391154956 0.6704471676410023 0.03295795066836362 0.01498638257342364
1876 0.24330872191282218 0.6611905668111653 0.03295795066836362 0.014986382573423463
1028 0.24498940058086757 0.6511527159813284 0.03137726933481808 0.013305483403260432
1037 0.08168996924732214 0.6403425026992924 0.10047271467218158 0.048202546890433594
3154 0.07258768925050381 0.6161946076783142 0.051780676002545344 0.022657172615379827
3120 0.009926793960865436 0.5902464917016303 0.01985358792173087 0.026657588382282427
1009 0.02154335725654899 0.5677561850629343 0.017387494668999894 0.018489890871793334
981 0.09344562925686714 0.5708587968904336 0.100490896005727 0.049765046890433595
3089 0.07835643125400364 0.5908277547738848 0.050236357336090796 0.024101273445216797
3986 0.1910553312380953 0.7166583941957856 0.04236931333545444 0.018821777594401644
3965 0.19272691923936797 0.7074017933659487 0.04236931333545444 0.018821777594401644
3943 0.19361725724064063 0.6980859929510301 0.04236931333545444 0.018821777594401644
3932 0.1952888452419133 0.6888293921211931 0.04236931333545444 0.018821777594401824
3900 0.1969695239099587 0.6787915412913561 0.04236931333545444 0.018821777594401644
3878 0.19862293057768593 0.6710974404615191 0.04549431333545444 0.019058575934727706
3855 0.1979598592457313 0.6608819908764376 0.04080681333545444 0.018703378424238616
3833 0.200412697247004 0.6516845896316822 0.04236931333545444 0.018821777594401644
3145 0.20442803524827666 0.6426055875570897 0.04080681333545444 0.018703378424238616
3127 0.24988598591664019 0.6335391634918175 0.04236931333545444 0.018821777594401644
1014 0.24120132924891297 0.6407004680559207 0.015715906667727264 0.008996491701630305
3135 0.3099331479153675 0.6474725315430938 0.04236931333545444 0.018821777594401644
1021 0.3066990599140949 0.6566107332027679 0.015715906667727174 0.008996491701630305
3811 0.2830257499204582 0.6079005460652409 0.022165901336727068 0.026657588382282427
1851 0.2627677939210945 0.6016738568531217 0.018986357336090796 0.021733290041956364
4440 0.21598370058882174 0.590309381748231 0.06293635200509069 0.042235966806520864
3753 0.21570188991886735 0.614528131748231 0.028324994668999893 0.01931868506293455
2831 0.03521369730666032 0.4669632796689941 0.07042739461332063 0.1477522609976621
2627 0.07404219593413938 0.4911946076783142 0.04667610001590834 0.1206210759347277
963 0.10232118992682156 0.5472912423263302 0.012609088001272672 0.010322193361304244
3069 0.09783368459582145 0.5297485448158412 0.022129538669636205 0.023532588382282428
3626 0.11732911927118468 0.46710683485779736 0.04645792401336304 0.1018710759347277
2636 0.15275808927436635 0.4463333161864654 0.05645108935390812 0.15570647095570572
1599 0.2430461872613215 0.5493534176410023 0.10047271467218159 0.048202546890433594
3036 0.21521208859804858 0.5222222325780679 0.05176249466899989 0.021094672615379652
3027 0.23725981126673035 0.5090360709603502 0.0517988573360908 0.02421967261537965
923 0.31592970393063957 0.535327729053583 0.10047271467218159 0.048202546890433594
1840 0.3607609459341394 0.5129208554032291 0.017387494668999894 0.018489890871793334
1420 0.3225524212683212 0.5037700757342349 0.05036362667090888 0.03503877344521662
3800 0.28822287460218476 0.49725904399064846 0.022147720003181704 0.025095088382282426
4342 0.26716548726927564 0.4925356551934478 0.025327264003817972 0.03001938672260849
2989 0.24567229527373002 0.45806556681116534 0.050236357336090796 0.024101273445216797
2978 0.24909728727722985 0.4325211151514914 0.050236357336090796 0.024101273445216797
2956 0.25327625728041153 0.40937961307689896 0.050236357336090796 0.024101273445216797
3549 0.2504512492839114 0.3833615647365729 0.025327264003817972 0.0300193867226084
2933 0.2554478319541839 0.357154262247062 0.048673857336090795 0.023982874275053766
2900 0.3280222659532294 0.3696910736596426 0.04236931333545444 0.018821777594401644
3767 0.046899535288047536 0.3374417230302983 0.022165901336727124 0.026657588382282337
886 0.32755809460536645 0.47678152324472406 0.10047271467218159 0.048202546890433594
875 0.33335410860918446 0.44907092034029467 0.10047271467218159 0.048202546890433594
853 0.33836887261300247 0.4213011178507838 0.10047271467218159 0.048202546890433594
1589 0.34182113661682045 0.3934129161911098 0.10047271467218159 0.048202546890433504
796 0.37792226861872946 0.38207359710485933 0.03295795066836353 0.014986382573423463
1807 0.053440436624774657 0.3129153197109503 0.015824994668999892 0.018371491701630306
1516 0.057601225294410884 0.2913363176363579 0.020603401336727112 0.026539189212119306
3287 0.061026217297910725 0.26579186597668397 0.02681703866963623 0.023887785892771428
4383 0.12182735729631988 0.2821281836130419 0.05806703866963625 0.02625576929603195
4266 0.2016870326225475 0.3405694908764377 0.02530908267027261 0.028456886722608397
4370 0.2388330439608654 0.3066331213752687 0.025254538669636162 0.0237693867226084
725 0.13704327729154736 0.3184684253146722 0.1069772533418178 0.07055114357108563
1449 0.32459782129218373 0.32798882573423505 0.1509454293443631 0.0926163203356503
1241 0.13273867998091 0.15080732863402005 0.15212721602481705 0.19417882033565032
3510 0.16650569999204584 0.07126246120744356 0.03768181333545444 0.018466580083912575
1336 0.3560580013128646 0.17789465996733247 0.3878839973742709 0.3306886958601039
334 0.33981483597231943 0.22983566826570226 0.24146134134309047 0.09010847220510572
92 0.341786415977092 0.19479781743586527 0.22247498400699967 0.06837518216314939
8 0.35000799598186444 0.1602335632866804 0.2007090720082724 0.07609259378086705
4032 0.4896730025461874 0.9253877344521676 0.04236931333545435 0.018821777594401824
4038 0.53255084587846 0.9364562116316509 0.04236931333545435 0.018821777594401824
4006 0.48757470054905083 0.9041163856969231 0.04236931333545435 0.018821777594401824
2066 0.5241207278803691 0.9217425161957543 0.03295795066836362 0.01498638257342364
2072 0.5607849338797328 0.9292123966945851 0.03295795066836362 0.01498638257342364
2041 0.495514469883869 0.8937708815477382 0.032976132001908985 0.01654888257342364
1424 0.5642553792170963 0.8997616950349114 0.08343066534054522 0.05940015601864026
1469 0.48424116255573235 0.8546016377715155 0.05670453333863605 0.043324870125869094
3567 0.47830933589277763 0.8267842910908634 0.03613749466899989 0.0199106809137497
1065 0.5537633218889597 0.8606516508437702 0.0706215826702726 0.03189046265733601
3190 0.5453695665579595 0.8428129554078735 0.04551249466899989 0.020621075934727527
4346 0.6069883192234595 0.8560834726293131 0.04865567600254543 0.022420374275053945
3168 0.5236945612269595 0.8239678670255912 0.0517988573360908 0.024219672615380005
3182 0.6149280885582777 0.8457379684801282 0.04865567600254543 0.022420374275053945
1057 0.6260383112269594 0.8317230126712692 0.0706215826702726 0.03189046265733601
1043 0.5449428525620957 0.812285005822792 0.07220226400381798 0.03357136182749905
3157 0.37085137189691386 0.7881459983496149 0.04240567600254534 0.021946777594401647
3178 0.43713035256209576 0.8041154630815435 0.05021817600254543 0.022538773445216976
1040 0.3601229572326864 0.7693484541584736 0.0706215826702726 0.03189046265733601
1053 0.4427900065643229 0.788123610177114 0.0706215826702726 0.031890462657336194
536 0.3308258085614594 0.8007518195104577 0.02387385200509069 0.039275987552445456
3550 0.3588689925605049 0.8099142545733921 0.02845226400381797 0.030256185062934548
2234 0.2994490865690954 0.7420746365221158 0.03137726933481808 0.013305483403260609
2234 0.3019110152371408 0.7320959852773603 0.03137726933481808 0.013305483403260609
2234 0.30280135323841345 0.7227801848624418 0.03137726933481808 0.013305483403260609
2234 0.30524510057291343 0.7143640336176864 0.03137726933481808 0.013305483403260609
2234 0.306916688574186 0.7051074327878493 0.03137726933481808 0.013305483403260432
2234 0.30781611724223146 0.6950103823729308 0.03137726933481808 0.013305483403260432
2234 0.30948770524350416 0.6857537815430939 0.03137726933481808 0.013305483403260432
2234 0.31115929324477676 0.6764971807132569 0.03137726933481808 0.013305483403260432
2234 0.3120587219128222 0.6664001302983384 0.03137726933481808 0.013305483403260432
1421 0.41492918324318595 0.696089475529098 0.18152381468808992 0.1714284045687478
1421 0.5981865785725953 0.7389076280232534 0.18152381468808992 0.1714284045687478
4343 0.4353513185869128 0.6210069651561357 0.042387494668999895 0.020384277594401645
4344 0.618608713916322 0.6638251176502911 0.051780676002545434 0.02265717261537965
940 0.4285836979233217 0.5978179188904023 0.1020352146721816 0.04832094606059663
3047 0.5088160905872309 0.6242279761537979 0.050236357336090796 0.024101273445216797
3058 0.677238826583413 0.6651400865314046 0.050236357336090796 0.024101273445216797
952 0.6001405245862764 0.6381855776083348 0.10047271467218159 0.048202546890433594
1451 0.5319456026018666 0.5180730645360802 0.32273061736154424 0.23208432988341982
774 0.4652949992839114 0.3996414506339887 0.10047271467218159 0.048202546890433594
2878 0.4569648786203203 0.376334005198092 0.048673857336090795 0.023982874275053766
818 0.5236887546149115 0.42126891951510215 0.017387494668999894 0.018489890871793334
2922 0.5294211339513204 0.39902706661067266 0.022165901336727245 0.02665758838228225
4372 0.5462450072804115 0.43157945748246596 0.026707950668363623 0.014512785892771518
807 0.5735978479471843 0.4328701929603188 0.017387494668999894 0.018489890871793334
2911 0.5738432959500478 0.4117764429603189 0.022147720003181704 0.02509508838228225
785 0.6329455759468661 0.43971311142651376 0.10047271467218159 0.048202546890433594
2889 0.7018592079487751 0.43086017491368683 0.048673857336090795 0.023982874275053766
534 0.6394864772835932 0.4151867081071659 0.06271817600254544 0.023485966806520864
3548 0.6942285212842295 0.4146431790628717 0.05179885733609062 0.024219672615379828
4168 0.4182114612905929 0.34681152594401643 0.020530676002545434 0.020289189212119398
4179 0.4496160026257291 0.33589825934727696 0.029851132001909163 0.0163120842330974
4190 0.4922756699554566 0.3657167365267601 0.017387494668999894 0.018489890871793334
2200 0.44007737062382013 0.3492503643262988 0.015824994668999892 0.018371491701630306
2211 0.457237598623502 0.35289650519809207 0.015824994668999892 0.018371491701630216
2222 0.47438873595641107 0.35732389606988535 0.015824994668999892 0.018371491701630216
4369 0.5444921506206385 0.38062060872722137 0.03613749466899989 0.019910680913749524
1448 0.5361620299570473 0.3573131632913248 0.05663180800445424 0.03707487012586892
4157 0.5797665792886839 0.37312834005588946 0.029851132001909163 0.0163120842330974
2189 0.5838091892902748 0.361705587981297 0.03295795066836362 0.014986382573423463
3563 0.638160334619684 0.39475580893700285 0.03613749466899989 0.019910680913749524
1462 0.6430387386219112 0.3787047564474919 0.0643352200031817 0.028291865976683983
3561 0.4988983872931382 0.3341590832074122 0.023655676002545433 0.02052598755244537
1460 0.5047034919637289 0.30566723030298276 0.030105670671545327 0.0381870842330974
752 0.5105540499681833 0.27326912739855336 0.022202264003817973 0.029782588382282336
2856 0.5264608606381376 0.2502343691001836 0.028415901336727244 0.02713118506293437
1441 0.6124887199634108 0.31618052304423144 0.16213746801399936 0.11532011452679143
4363 0.5928125666375014 0.2599538338321121 0.034574994668999895 0.019792281743586493
4368 0.7038762412874112 0.3919160740838499 0.03455681333545435 0.01822978174358649
1447 0.7165944172899565 0.37411326744515405 0.05036362667090888 0.035038773445216796
2156 0.711434749960229 0.34713637034958345 0.017405676002545434 0.020052390871793245
4122 0.7140057666295471 0.32778271910482804 0.022093176002545435 0.02040758838228234
4226 0.7635052326145934 0.44178694213512626 0.026871582670272433 0.028575285892771342
559 0.7993427352800934 0.4531038730488758 0.05521475867281787 0.04945647095570571
1450 0.8004967026177751 0.4211318226339573 0.02676249466899989 0.019200285892771517
4371 0.830901817950366 0.42890935645213635 0.025254538669636162 0.02376938672260831
763 0.7614705652848659 0.41504684337988174 0.012627269334818081 0.011884693361304243
2867 0.7616887412874112 0.39629684337988175 0.022165901336727068 0.026657588382282427
1446 0.7818108846276381 0.3469955830069195 0.10861247867599957 0.07691954274124857
4367 0.8016506699554565 0.38915977221903886 0.034574994668999895 0.019792281743586493
3057 0.5510159653087283 0.22316330623771047 0.025254538669636162 0.0237693867226084
951 0.55763868264641 0.19160565291836257 0.0348477146721816 0.043229781743586534
740 0.5660420759866369 0.14141639876917772 0.05694089067472703 0.06363737012586883
2844 0.5812676339910914 0.10972869088572643 0.028306813335454352 0.017756185062934415
2024 0.6069392486473645 0.18830397677849783 0.017387494668999894 0.018489890871793247
3985 0.6071483339831371 0.17033522677849783 0.020530676002545434 0.020289189212119307
1419 0.6653693666454555 0.20680644565961126 0.09129770934118149 0.06467965186945542
3188 0.6384619686505462 0.1672344601817583 0.020530676002545434 0.020289189212119307
1063 0.6579477653166826 0.1726206998087961 0.012609088001272539 0.010322193361304155
4341 0.6906511773154099 0.1844820823822196 0.026707950668363623 0.01451278589277143
852 0.6892250373170008 0.1726449332120566 0.01411704400063627 0.005753092531467186
2955 0.674535828652137 0.15823889109550787 0.029851132001908986 0.016312084233097445
3501 0.6615000266550005 0.13613874814912216 0.03299431333545453 0.018111382573423464
1232 0.767568213319546 0.1598148917202078 0.18857269867918128 0.10639540041956286
3221 0.648554036640683 0.2407195043728995 0.020512494668999893 0.018726689212119306
3210 0.6632068826384558 0.25825054648944823 0.020530676002545257 0.020289189212119398
1096 0.6727909679742284 0.24099219151042633 0.012609088001272539 0.010322193361304244
1085 0.685272786640683 0.24350188487173058 0.011046588001272539 0.010203794191141213
4046 0.6787227946371832 0.26880953819107845 0.020530676002545434 0.020289189212119307
3232 0.695883022636865 0.2724556790628717 0.017387494668999894 0.018489890871793334
2080 0.6984449486394103 0.25388327781811626 0.017387494668999894 0.018489890871793334
1107 0.7185938166375013 0.26948496703023556 0.018968176002545432 0.020170790041956366
1074 0.7195114266390922 0.25782541661531705 0.015715906667727354 0.008996491701630305
874 0.7203744926400467 0.25085336620039855 0.017296588001272716 0.010677390871793336
876 0.7244807373090466 0.23396186412580616 0.023764764003817974 0.029900987552445368
3199 0.7089642779678652 0.2906495720092574 0.020530676002545434 0.020289189212119307
2977 0.7244801899665925 0.30120856371088767 0.02380112667090888 0.03302598755244537
2979 0.7224733419796373 0.2048780153705616 0.02380112667090888 0.03302598755244537
4197 0.7542585966343196 0.2956456479439851 0.04080681333545435 0.018703378424238616
2229 0.7567296159691377 0.2848857466992296 0.036082950668363624 0.015223180913749523
1430 0.7851546079726377 0.26123568176216405 0.08659202800763613 0.06276195435896632
4352 0.8198477813096829 0.23649671350575058 0.03455681333545435 0.01822978174358649
1348 0.7662051606460919 0.2097556921351263 0.06762385200509051 0.042591164317010044
3269 0.8130619793125465 0.214870167240017 0.020494313335454706 0.017164189212119395
741 0.7893603026336834 0.30299712927265315 0.022202264003817973 0.029782588382282336
2845 0.8166404179662743 0.31053786475050604 0.025327264003817972 0.0300193867226084
3153 0.8403870006365469 0.28575135230295146 0.02053067600254508 0.020289189212119307
1607 0.843739267305865 0.2664569006432775 0.01896817600254508 0.020170790041956276
1682 0.8600733393141372 0.2067033923449077 0.017387494668999894 0.018489890871793247
3877 0.8803403859802735 0.21214883155702702 0.02053067600254508 0.020289189212119307
3766 0.9008346993157282 0.19806302076914634 0.020494313335454706 0.017164189212119308
1806 0.8751534466502282 0.18751568446145644 0.017405676002545077 0.020052390871793245
2644 0.846537550644501 0.227571999398522 0.017351132001909166 0.015364890871793335
1641 0.6256463178708241 0.9709799639067359 0.24956474267981754 0.05804007218652814
1075 0.61468209321296 0.9340784180652097 0.018968176002545432 0.020170790041956366
3200 0.6357212992123238 0.9403643068624105 0.022165901336727068 0.026657588382282427
1470 0.690890604551278 0.9031020278181163 0.0582852146721816 0.04500576929603213
3568 0.6951059372215507 0.8768355257435239 0.03613749466899989 0.0199106809137497
1066 0.759640604551278 0.9083115913052893 0.06905908267027261 0.031772063487172986
3191 0.7559252585535052 0.8916093433798817 0.048673857336090795 0.023982874275053946
2045 0.6998292525461874 0.9413124228390946 0.03295795066836362 0.01498638257342364
4010 0.6911082332113693 0.9515987274031978 0.04236931333545453 0.018821777594401824
4018 0.689454826543642 0.9592928282330349 0.04236931333545435 0.018821777594401824
2052 0.729234941876233 0.9677807570721917 0.03295795066836362 0.01498638257342364
2061 0.7666713072088239 0.9760910871561045 0.03452045066836362 0.01510478174358667
4027 0.7633917658736876 0.9891355388157784 0.04394999466899989 0.020502676764564853
1425 0.7693514118794147 0.947362435911349 0.08028748400699967 0.0576008576783142
4347 0.8071695852164599 0.9228602659952616 0.025327264003817972 0.03001938672260849
3201 0.8046343838717785 0.996864436524438 0.023710220003181702 0.006271126951124017
1076 0.8072508538749602 0.9830757155803431 0.018968176002545432 0.020170790041956366
1068 0.8358212965468237 0.9469256506432775 0.04115225867281787 0.048390878424238795
3193 0.8447786732177327 0.9163268460791741 0.048673857336090975 0.02398287427505359
1077 0.8709224552037332 0.9944323484545056 0.05852157200827222 0.011135303090988913
1359 0.8872837992123237 0.9594265732586573 0.06631589067472703 0.06434776514684692
3288 0.9079871978835508 0.9273720124707765 0.0315227200031817 0.02580548340326061
3192 0.6537815032225052 0.8666666977342036 0.025345445337363513 0.03158188672260849
1067 0.6299440138845054 0.8992657101817582 0.04115225867281787 0.048390878424238795
1345 0.821105363224096 0.8676166589416472 0.12389203333863605 0.048416034442878696
3439 0.7717417098981866 0.8091403854964305 0.043968176002545434 0.022065176764564855
4384 0.8341326218969138 0.8232513523029514 0.02986931333545435 0.01787458423309758
3439 0.8902735338956411 0.8368887224288202 0.04396817600254508 0.022065176764564855
3361 0.9109218412237776 0.8767683612260211 0.0300693080044546 0.035062084233097576
3246 0.8056809052355499 0.7819984676549355 0.08802725867281787 0.05194285352912935
2537 0.8952610258991409 0.8114626699393094 0.09106135200509087 0.04436715186945541
3111 0.7351507765754587 0.7281738054125179 0.04236931333545435 0.018821777594401644
3100 0.725930317910595 0.7141821603915398 0.04236931333545435 0.018821777594401644
1001 0.7695075952419133 0.7323410871561045 0.015715906667727174 0.008996491701630305
992 0.7657013425764132 0.7234513392306969 0.032976132001908985 0.01654888257342364
2620 0.934333711250822 0.679148000023222 0.0805612986950898 0.21529495850815117
972 0.8490950979074133 0.7469731948344187 0.10047271467218159 0.048202546890433594
3079 0.8509030459102768 0.7259978440045817 0.05178067600254508 0.02265717261537965
2389 0.7531200739179129 0.6622886962843111 0.08815452800763594 0.06288035352912935
2615 0.8493592745862764 0.6570702452493371 0.0771261213399086 0.05423905933798814
3021 0.7614234699236399 0.6206931921351263 0.04867385733609062 0.023982874275053766
918 0.7132041459261853 0.5982728178600725 0.04865567600254543 0.022420374275053768
1829 0.8767217532622759 0.5903330311421084 0.01896817600254508 0.020170790041956366
3789 0.8785297012651394 0.5693576803122715 0.022147720003181704 0.025095088382282426
1467 0.7188637999284124 0.5822809649556431 0.0643352200031817 0.028291865976683893
3566 0.772524601925549 0.6074594863262675 0.03613749466899989 0.0199106809137497
3565 0.7812547119271397 0.5963919317621641 0.03611931333545435 0.018348180913749523
1465 0.7697541379296851 0.5767539379859414 0.0658977200031817 0.028410265146846924
864 0.7429467372692756 0.5285882025080884 0.1020352146721816 0.04832094606059663
841 0.7479615012730937 0.5008184000185775 0.10205339600572713 0.04988344606059662
2967 0.8201723086012302 0.5446052114311581 0.04240567600254543 0.021946777594401647
2944 0.8243240066040938 0.5238074593565657 0.045530676002545435 0.022183575934727705
3564 0.7793109512651395 0.5618393330069196 0.03611931333545435 0.018348180913749523
1463 0.7270581079328667 0.5500604608064583 0.06431703866963616 0.026729365976683895
897 0.7120961792648213 0.5590919186899095 0.017296588001272716 0.010677390871793336
3000 0.8274939125955033 0.5873847072819733 0.04236931333545435 0.018821777594401644
3011 0.8258041432606852 0.5982038081118103 0.042369313335454704 0.018821777594401644
908 0.7135677725970941 0.5670228178600725 0.03137726933481808 0.013305483403260609
4270 0.8689370726050484 0.5201505857062119 0.05023635733609098 0.024101273445216797
4234 0.8797933039465479 0.46076393031227153 0.058085220003181705 0.02781826929603177
3778 0.9647944652689574 0.5477446346712378 0.022129538669636163 0.023532588382282428
3280 0.9749876252785026 0.47814252969221605 0.023655676002545433 0.020525987552445456
1818 0.9673927539385938 0.5260472334264824 0.017387494668999894 0.018489890871793334
1514 0.9731433146085482 0.502242880522053 0.022165901336727245 0.026657588382282427
728 0.8895677459420936 0.49434602491833124 0.11953179734245403 0.07618583693238978
3547 0.9327461286203202 0.4123865525127329 0.05179885733609098 0.024219672615379828
3546 0.9419489532940926 0.36069399794862955 0.05804885733609098 0.02469326929603195
3545 0.9488262093014106 0.3072613446292816 0.045530676002545435 0.022183575934727705
1651 0.9352535106222293 0.39850165126797743 0.06271817600254544 0.023485966806520864
1650 0.9429029259627744 0.345909447533711 0.06584317600254508 0.023722765146847014
1649 0.952887000636547 0.2942760925546891 0.06742385733609098 0.025403664317009956
2644 0.8705915739576838 0.3779630857062119 0.011082950668363623 0.013328794191141214
2644 0.8782318986314561 0.32615213197194554 0.011064769334818435 0.011766294191141214
2644 0.8882159733052285 0.27451877699292365 0.012627269334818081 0.011884693361304243
3534 0.8606807719605472 0.35609974110015225 0.026889764003817974 0.03013778589277143
3527 0.8659500746340015 0.3064549386106413 0.025327264003817972 0.0300193867226084
3521 0.874398921308092 0.2523594344614565 0.028415901336727244 0.02713118506293437
1486 0.9565654366247746 0.38135004006517825 0.08017839600572714 0.0482258576783142
1485 0.9603267832988653 0.3268993384055043 0.07396475867281822 0.05087726099766208
1484 0.9368171053071375 0.2641266512679774 0.09740225867281786 0.052653248550107536
1263 0.8972813432925019 0.36903837159898334 0.048801126670908704 0.03492037427505377
1256 0.9041404179662742 0.31716821827963537 0.0503636266709087 0.035038773445216796
1251 0.9882068826384558 0.2828775738833572 0.019113626670908702 0.03267079004195628
535 0.227840452617775 0.37773852676920905 0.02387385200509069 0.039275987552445366
3488 0.21463466466422737 0.034248635897415794 0.015788632001908987 0.015246491701630237
2303 0.040776804622865655 0.6762082251048908 0.08155360924573131 0.06108105518880329
2368 0.7458331905633684 0.8181242991887405 0.0631727093411815 0.06254846680652122
232 0.013427961947025164 0.7919865904568748 0.026855923894050327 0.023035680913749523
173 0.09033662122059609 0.8380462968904336 0.04404090133672711 0.028315176764564853
254 0.24503321188736882 0.8489865647365729 0.09887385200509069 0.04495914772027056
231 0.21518426925527628 0.5918126821631494 0.017351132001908985 0.015364890871793335
194 0.6661506166454555 0.20686564524469278 0.05666817067154515 0.04019987012586892
128 0.6132699699634108 0.31623972262931294 0.12272952267663584 0.08267263527271584
189 0.5358700339354121 0.5168065624614877 0.28601132001909 0.1621736489696705
315 0.46629223591664015 0.6499374485593963 0.06119203866963616 0.026492567636357833
315 0.6511030405792768 0.6936552502237145 0.05806703866963616 0.02625576929603195
332 0.4270019219048681 0.7337554188904022 0.05354317067154533 0.03996307178554268
332 0.60870590790105 0.7756739222143945 0.051980670671545326 0.03984467261537983
66 0.42756554324477686 0.6853179188904022 0.07256589067472703 0.06482136182749905
66 0.6123763479074134 0.7290357205547205 0.07096702800763595 0.06157796265733602
232 0.48345082188895966 0.855323688186434 0.03769999466899989 0.020029080083912732
172 0.5650184478835507 0.9013833946199927 0.044040901336727244 0.028315176764564853
172 0.3765190218810055 0.9058662946153483 0.045603401336727065 0.028433575934727884
232 0.6908906045512782 0.9031020278181163 0.03928067600254544 0.02170997925407576
172 0.7685610712126418 0.9480844863262675 0.044040901336727244 0.028315176764564853
277 0.8009234166136388 0.45165977221903886 0.015824994668999892 0.018371491701630306