4415 0.9088509359797918 0.1189660502121563 0.03448540919430556 0.0728297462390763
4273 0.8823773953265972 0.022795743864807847 0.012863675911805572 0.01598871285298145
3430 0.863082534669271 0.033520295197591365 0.013009146276527873 0.022238712852981447
4204 0.8498558360560416 0.03625049010388415 0.013118249050069152 0.026926212852981447
4272 0.8269268291221875 0.02519096964991303 0.012863675911805572 0.015988712852981445
3746 0.8029444684648611 0.03605191330256459 0.013009146276527873 0.022238712852981447
4271 0.7834866068576043 0.07336169668865944 0.012863675911805572 0.015988712852981445
3595 0.8602491286090974 0.07972770546414806 0.013009146276527873 0.022238712852981447
3674 0.8333969943004169 0.13523355938335632 0.009738675911805572 0.015897784639736078
3439 0.8076157443004167 0.13598371714263055 0.009702308320625264 0.014335284639736079
3939 0.910560212765278 0.1924035502121563 0.0081034407294446 0.012727320533113406
4016 0.9027113451740973 0.1910683707452697 0.0065409407294446 0.01268185642649069
4058 0.8956800951740973 0.19127295922507176 0.0065409407294446 0.01268185642649069
3944 0.8878675951740973 0.19150027975818515 0.0065409407294446 0.01268185642649069
4060 0.8808363451740974 0.1917048682379872 0.0065409407294446 0.012681856426490733
4062 0.8738050951740973 0.1919094567177893 0.006504573138263936 0.011119356426490734
3946 0.8652295289696876 0.19294075930421403 0.0065409407294446 0.012681856426490733
3948 0.8581982789696877 0.1931453477840161 0.0065409407294446 0.012681856426490733
4064 0.8511670289696877 0.1933499362638182 0.0065409407294446 0.012681856426490733
4067 0.844153962765278 0.19433577474362024 0.0065409407294446 0.01268185642649069
3950 0.8363050951740973 0.19300059527673366 0.0065409407294446 0.01268185642649069
4069 0.8292738451740973 0.1932051837565357 0.0065409407294446 0.012681856426490733
3952 0.8230238451740973 0.19338704018302644 0.0065409407294446 0.01268185642649069
4071 0.8152295289696877 0.19439561071613984 0.0065409407294446 0.01268185642649069
3955 0.8081800951740974 0.19381894919594192 0.0065409407294446 0.012681856426490733
4073 0.801185212765278 0.19558603767574395 0.006504573138263936 0.011119356426490734
3957 0.793372712765278 0.19581335820885737 0.0065409407294446 0.012681856426490733
4075 0.7855420289696877 0.19525942874197078 0.006540940729444422 0.012681856426490733
4139 0.9322722118153475 0.2183522847727501 0.01573410277354199 0.005142141066226813
4118 0.9316364321800696 0.22462501682606142 0.0157704703647223 0.006704641066226813
4146 0.9317637187492016 0.23009376682606142 0.015734102773541637 0.005142141066226813
4120 0.9310915715227432 0.23480399887937278 0.015734102773541637 0.005142141066226813
4119 0.9312370418874656 0.2410539988793728 0.0157704703647223 0.006704641066226813
4117 0.9313461446610072 0.24574149887937277 0.015734102773541637 0.005142141066226813
4116 0.9338171812301391 0.25114205271943874 0.012609102773541636 0.005051212852981468
4121 0.9308194677992712 0.2567017309326841 0.0157704703647223 0.006704641066226813
4116 0.9332905043684031 0.2621022847727501 0.012609102773541636 0.005051212852981468
4116 0.9333996071419447 0.2667897847727501 0.0126454703647223 0.006613712852981468
4078 0.9319643937110766 0.2723039988793728 0.015734102773541637 0.005142141066226813
4093 0.9321098640757988 0.27855399887937277 0.015734102773541637 0.005142141066226813
4143 0.9314377168493404 0.28326423093268416 0.01573410277354199 0.005142141066226813
4344 0.927113892761146 0.29902562325255216 0.012863675911805216 0.01598871285298147
3937 0.9132150469214586 0.3064660502121563 0.0081034407294446 0.012727320533113406
3935 0.905420730717049 0.3074746207452697 0.006504573138263936 0.01111935642649069
3917 0.8983894807170489 0.30767920922507175 0.0065409407294446 0.01268185642649069
3933 0.8905769807170489 0.30790652975818517 0.0065409407294446 0.01268185642649069
3916 0.8827826645126391 0.30891510029129854 0.006504573138263936 0.01111935642649069
3914 0.8749519807170489 0.30836117082441195 0.0065409407294446 0.01268185642649069
3930 0.867920730717049 0.30856575930421404 0.0065409407294446 0.01268185642649069
3928 0.860889480717049 0.30877034778401613 0.0065409407294446 0.01268185642649069
3912 0.854639480717049 0.30895220421050684 0.0065409407294446 0.01268185642649069
3909 0.8468087969214586 0.30839827474362025 0.006504573138263936 0.01111935642649069
3926 0.839014480717049 0.3094068452767337 0.0081034407294446 0.012727320533113406
3907 0.8319650469214587 0.3088301837565357 0.0065409407294446 0.01268185642649069
3924 0.8249337969214586 0.30903477223633774 0.0081034407294446 0.012727320533113406
3905 0.817139480717049 0.31004334276945117 0.0065409407294446 0.01268185642649069
3922 0.810108230717049 0.3102479312492532 0.0065409407294446 0.01268185642649069
3903 0.8015326645126392 0.31127923383567796 0.0081034407294446 0.012727320533113406
3919 0.7945014145126391 0.31148382231548 0.0065409407294446 0.01268185642649069
3901 0.7858349293302781 0.3086088749019048 0.008103440729444421 0.012727320533113406
4087 0.7687182048814932 0.2113845339148203 0.0157704703647223 0.006704641066226813
4082 0.7564182266329864 0.2203419967678017 0.015734102773541637 0.005142141066226813
2750 0.7534386969977085 0.22668292498104706 0.009484102773541636 0.004960284639736123
4079 0.7519852997712502 0.23141588908766977 0.0157704703647223 0.006704641066226813
4084 0.7505500863403821 0.23693010319429245 0.0157704703647223 0.006704641066226813
4090 0.7858518067051043 0.2421571607952821 0.0157704703647223 0.006704641066226813
4114 0.7562734094786461 0.24770847882111308 0.0157704703647223 0.006704641066226813
4115 0.749369446047778 0.25338181730091514 0.015734102773541637 0.005142141066226813
4080 0.7424291150257294 0.25749265578071723 0.015734102773541637 0.005142141066226813
4091 0.7566370853904516 0.2633334788211131 0.015734102773541637 0.005142141066226813
4086 0.7474075557551739 0.2698562634608491 0.015734102773541637 0.005142141066226813
4081 0.7529854085287155 0.27438463908766975 0.0157704703647223 0.006704641066226813
4089 0.7546751950978475 0.2798079249810471 0.012609102773541636 0.005051212852981468
4092 0.7541667020317016 0.2915494070343584 0.0157704703647223 0.006704641066226813
4083 0.7540212316669794 0.2852994070343584 0.0126454703647223 0.006613712852981379
2516 0.9296765015186115 0.34194890914592946 0.017116071238402954 0.06451714106622682
3631 0.8667946418112156 0.32736122341083673 0.0063954703647222996 0.00643185642649069
3896 0.8616168325406601 0.34002034778401613 0.008067073138263936 0.011164820533113406
3629 0.8673947070656947 0.3531424734108367 0.006468205547083272 0.009556856426490689
3897 0.862979963999549 0.36499761573070477 0.006504573138263936 0.01111935642649069
3315 0.8520242802039586 0.36453461447706353 0.012863675911805572 0.01598871285298138
3898 0.8338548552420836 0.322847219649913 0.0065409407294446 0.01268185642649069
3126 0.8349997811538892 0.3384494875966017 0.006504573138263936 0.01111935642649069
3899 0.8302038315907294 0.36751486196978106 0.006504573138263936 0.01111935642649069
4433 0.8167952950215975 0.3624325568760739 0.012754573138263937 0.01130121285298138
3593 0.8027866931979866 0.33156900178236665 0.008030705547083272 0.009602320533113407
2289 0.8025691408612851 0.355810483835678 0.006650043502986236 0.01736935642649069
3676 0.808947080640799 0.3947138594624986 0.0096659407294446 0.012772784639736034
3439 0.7816396982319794 0.3970719813283955 0.009702308320624908 0.014335284639736035
2594 0.8860745847248616 0.48393783234460985 0.013227351823611145 0.03161371285298138
3760 0.8656536351617017 0.513457847784016 0.007957970364721945 0.006477320533113407
3807 0.8469581865484728 0.5163471670634883 0.006504573138263936 0.011119356426490867
3808 0.8399269365484727 0.5165517555432904 0.006504573138263936 0.01111935642649069
3270 0.8407439009292712 0.48447504143666764 0.009593205547083272 0.009647784639736123
4274 0.829588195382188 0.4754182901830264 0.012863675911805572 0.01598871285298138
2595 0.8071683347248616 0.48623376972905524 0.013227351823611145 0.03161371285298138
3761 0.7875650027528824 0.5172935531151502 0.0063954703647222996 0.0064318564264908675
3809 0.771195120344063 0.5193334262346883 0.006540940729444422 0.01268185642649069
3810 0.7649451203440629 0.5195152826611791 0.006540940729444422 0.012681856426490867
3271 0.7689598199072227 0.490472640341311 0.006468205547083272 0.009556856426490689
4275 0.7522808129733685 0.4792312634608491 0.012863675911805572 0.01598871285298138
3660 0.9186208598948271 0.8074291566386471 0.009702308320624908 0.0143352846397363
3439 0.8896964260992369 0.8074889926111666 0.0096659407294446 0.012772784639735945
2398 0.9236545052214243 0.8557529963720902 0.013372822188333444 0.03786371285298138
2352 0.8471088825962507 0.791529023489979 0.02590918977951375 0.03978992570596294
4204 0.8259060298227091 0.7874552889293852 0.013118249050069152 0.026926212852981378
4266 0.8345186168286812 0.8216029683962718 0.012863675911805572 0.01598871285298138
2700 0.792512301574202 0.797026517221773 0.0126454703647223 0.006613712852981379
2542 0.774344183033091 0.822572086501245 0.01348192496187508 0.04255121285298138
2685 0.7801045269729174 0.868529444181377 0.0063954703647222996 0.0064318564264908675
2682 0.7795960339067716 0.8802709262346884 0.009484102773541636 0.004960284639736301
2644 0.910809666315591 0.874889441278383 0.0032704703647223 0.0063409282132454335
2700 0.9113545269729174 0.8647104592250716 0.0048329703647223 0.0063863923198681505
4300 0.8995818787965286 0.8963241720780533 0.013009146276527873 0.02223871285298138
4299 0.8862824450009382 0.895929366984346 0.013009146276527873 0.02223871285298138
4404 0.8732194005480217 0.9056908118906388 0.012681837955902608 0.008176212852981734
4298 0.8582301801832994 0.8998727209035543 0.014608013867708537 0.023846676959604095
4302 0.8433864301832994 0.9003046299164698 0.01627961664125017 0.02857964106622681
3659 0.7975654371171536 0.9133645710618389 0.01584320554708345 0.009829641066226812
2680 0.8791972968245494 0.9274066875174594 0.0079579703647223 0.0064773205331135845
2671 0.8790342958746189 0.9539919195707707 0.0095204703647223 0.006522784639736301
2700 0.7799967306201397 0.9310749082879998 0.007885235182360973 0.0033523205331135843
2644 0.7789979282834383 0.9553391223946225 0.00788523518236115 0.0033523205331135843
3659 0.7738383028084731 0.9687794967678016 0.012790940729444422 0.012863712852981735
4436 0.7933877366040634 0.9689924454350182 0.0095204703647223 0.006522784639735946
3482 0.7375370208015625 0.01371992372740585 0.014571646276527872 0.022284176959604128
3287 0.7124461018236111 0.010541099433368749 0.012790940729444422 0.012863712852981449
3753 0.7343763064207639 0.04586483399396255 0.012754573138263937 0.011301212852981446
3769 0.7226393726251736 0.04542456479363266 0.006540940729444422 0.012681856426490733
3781 0.7156081226251737 0.045629153273434725 0.006540940729444422 0.012681856426490723
3316 0.7381922906531946 0.0754614057807172 0.013009146276527873 0.022238712852981447
3288 0.7131013716752431 0.07228258148668008 0.012790940729444599 0.012863712852981445
3755 0.7350497600679862 0.10838756604727391 0.012790940729444422 0.012863712852981468
3780 0.7240758924768056 0.10714331479363266 0.006540940729444422 0.012681856426490733
3768 0.7170446424768057 0.10734790327343473 0.006540940729444422 0.012681856426490733
3782 0.7069611276591667 0.11076841996648215 0.008103440729444421 0.012727320533113406
3656 0.6954949911662848 0.02119745460621824 0.009665940729444423 0.01277278463973609
2515 0.6964587323325695 0.06260370460621824 0.017116071238402954 0.06451714106622682
3439 0.6704949911662847 0.02192488031218114 0.008139808320624909 0.014289820533113406
4343 0.6589398953265972 0.029297111111851248 0.012863675911805572 0.015988712852981445
3871 0.6740200346692709 0.039021452098935774 0.0157704703647223 0.006704641066226813
3869 0.6749285712384028 0.04446747004562444 0.0157704703647223 0.006704641066226813
3844 0.674292791603125 0.050740202098935774 0.012609102773541636 0.005051212852981468
3867 0.6697143943766667 0.05556409441880382 0.015734102773541637 0.005142141066226813
3844 0.6768729309457987 0.06082825593900175 0.0126454703647223 0.006613712852981446
3844 0.6738570337193404 0.06560668415224712 0.0126454703647223 0.006613712852981446
3864 0.6685155702884723 0.07123455852542651 0.015734102773541637 0.005142141066226813
3855 0.6756922906531946 0.07727997004562444 0.012609102773541636 0.005051212852981446
3844 0.6758195772223266 0.08274872004562443 0.0110829703647223 0.006568248746358774
4137 0.6720224299958681 0.08754988031218114 0.012609102773541636 0.005051212852981446
3844 0.6768372165650002 0.0928822379923131 0.0126454703647223 0.006613712852981468
3833 0.675402003134132 0.09839645209893577 0.012609102773541636 0.005051212852981468
3860 0.6731855397032639 0.1039333982588698 0.0157704703647223 0.006704641066226813
3855 0.6764378262723959 0.10931122004562446 0.012609102773541636 0.005051212852981468
3833 0.6757838628415278 0.11480270209893577 0.012609102773541636 0.005051212852981468
3855 0.6783821859797918 0.12567200593900174 0.0126454703647223 0.006613712852981468
3836 0.6746032225489238 0.13125441620555844 0.015734102773541637 0.005142141066226813
4056 0.6455131749618751 0.023433556018144036 0.006468205547083272 0.009556856426490724
4135 0.6369921601442361 0.026808608604568785 0.006540940729444422 0.012681856426490723
4103 0.6307057925530556 0.025427965031059506 0.006468205547083272 0.009556856426490724
4111 0.6228569249618751 0.024092785564172915 0.006468205547083272 0.009556856426490724
3834 0.6358472342324306 0.011206340657880124 0.006540940729444422 0.012681856426490723
3120 0.6200949476632986 0.006192231724106935 0.006468205547083272 0.009556856426490725
2289 0.5883182708015625 0.018061745909871897 0.006650043502986059 0.017369356426490727
3822 0.5819773518236111 0.014337352336362621 0.006468205547083272 0.009556856426490724
3593 0.5886449259118056 0.0016430960349029591 0.006468205547083272 0.0032861920698059183
3631 0.5574131097073959 0.0017071121011297708 0.0063954703647222996 0.0034142242022595416
3629 0.5571773735751042 0.023658528042325523 0.006468205547083272 0.009556856426490724
3315 0.548692073138264 0.0014869775009648256 0.012863675911805572 0.0029739550019296512
3649 0.536973323138264 0.0016461018741442096 0.011301175911805572 0.003292203748288419
2754 0.6116473212384028 0.04630876636384302 0.006359102773541636 0.004869356426490723
2728 0.6038166374428126 0.04575483689695643 0.00788523518236115 0.0033523205331134065
2745 0.5968035712384028 0.046740675376758495 0.006322735182360972 0.003306856426490723
2745 0.5905535712384028 0.04692253180324922 0.006322735182360972 0.003306856426490723
2759 0.5827410712384028 0.047149852336362624 0.006359102773541636 0.004869356426490723
2745 0.5749285712384028 0.04737717286947603 0.006322735182360972 0.003306856426490723
2745 0.5670978874428125 0.046823243402589435 0.00632273518236115 0.003306856426490734
4128 0.5473120643045487 0.03645404473537295 0.006468205547083272 0.009556856426490734
4110 0.5401535277354167 0.03118988321517501 0.006504573138263936 0.011119356426490723
3873 0.5240018508736807 0.04260475633471317 0.0157704703647223 0.006704641066226813
2695 0.5218035712384028 0.04892295249464719 0.012609102773541636 0.005051212852981446
3894 0.5219308578075348 0.054391702494647184 0.0157704703647223 0.006704641066226813
3879 0.5228575781722571 0.06061897044133584 0.0157704703647223 0.006704641066226813
4023 0.522984864741389 0.06608772044133585 0.0157704703647223 0.006704641066226813
4025 0.5223127175149307 0.07079795249464718 0.015734102773541637 0.005142141066226813
3881 0.5224400040840627 0.07626670249464719 0.0157704703647223 0.006704641066226813
3883 0.5225491068576043 0.08095420249464719 0.01569773518236115 0.003579641066226813
4028 0.5226763934267362 0.08642295249464718 0.0157704703647223 0.006704641066226813
3885 0.5227854962002778 0.09111045249464719 0.015734102773541637 0.005142141066226813
4029 0.5228945989738195 0.09579795249464719 0.015734102773541637 0.005142141066226813
4030 0.5222770031341322 0.10285193454795853 0.0157704703647223 0.006704641066226813
3887 0.523185539703264 0.1082979524946472 0.015734102773541637 0.005142141066226813
4031 0.5232946424768057 0.1129854524946472 0.015734102773541637 0.005142141066226813
2707 0.5234037452503474 0.1176729524946472 0.012609102773541636 0.005051212852981468
4027 0.5337236494106599 0.12440868580159976 0.0126454703647223 0.006613712852981468
3892 0.5604134359797918 0.12910454598901416 0.0157704703647223 0.006704641066226813
4033 0.5410822077312849 0.1382665973217977 0.015734102773541637 0.005142141066226813
3675 0.5040907007974307 0.1276162538274307 0.009702308320624908 0.014335284639736079
3439 0.5137748253224654 0.14062471918769462 0.009665940729444423 0.012772784639736079
4055 0.6592691632783682 0.14420905727178526 0.006540940729444422 0.01268185642649069
4043 0.6470237364166321 0.15551027012476673 0.006540940729444422 0.01268185642649069
4054 0.6399924864166321 0.15571485860456877 0.006540940729444422 0.01268185642649069
4036 0.6329430526210418 0.15513819708437085 0.0081034407294446 0.012727320533113406
4042 0.6259118026210417 0.1553427855641729 0.0065409407294446 0.012681856426490733
4052 0.6188805526210418 0.15554737404397498 0.0081034407294446 0.012727320533113406
4035 0.6110498688254515 0.15499344457708839 0.006540940729444422 0.012681856426490733
4108 0.6040368026210418 0.15597928305689046 0.0065409407294446 0.01268185642649069
4109 0.5970055526210418 0.1561838715366925 0.0065409407294446 0.012681856426490733
3765 0.5890839498475001 0.1517236920698059 0.00632273518236115 0.003306856426490734
2779 0.5884663540078126 0.15877767412311727 0.0063954703647222996 0.00643185642649069
4050 0.5805811188254515 0.15587999465623065 0.006540940729444422 0.012681856426490733
4041 0.5735498688254516 0.15608458313603274 0.006540940729444422 0.012681856426490733
4048 0.5665004350298612 0.1555079216158348 0.0065409407294446 0.012681856426490733
4039 0.5603959053945835 0.1619397780423255 0.008067073138263936 0.011164820533113406
4044 0.5532737364166321 0.15823811652212758 0.006540940729444422 0.012681856426490733
4413 0.73490624933441 0.20298701220720788 0.014100174011944588 0.06911371285298147
4369 0.7065623905769446 0.16081388407310482 0.012790940729444599 0.012863712852981468
2791 0.7053090151019793 0.17414059817972752 0.00632273518236115 0.003306856426490734
2833 0.6990226475107988 0.17275995460621824 0.006322735182360972 0.003306856426490734
2843 0.6928090151019793 0.17450431103270897 0.00632273518236115 0.0033068564264906895
3267 0.6872857137152085 0.17231968540588835 0.00632273518236115 0.003306856426490734
3326 0.6810902651019793 0.17484529183237907 0.00632273518236115 0.0033068564264906895
3358 0.6755669637152085 0.17266066620555845 0.00632273518236115 0.0033068564264906895
3438 0.6693715151019793 0.17518627263204917 0.00632273518236115 0.003306856426490734
3446 0.6638482137152085 0.17300164700522855 0.00632273518236115 0.0033068564264906895
3488 0.6576527651019793 0.1755272534317193 0.00632273518236115 0.003306856426490734
3554 0.6528925299196182 0.17253864575158734 0.006322735182360972 0.003306856426490734
3559 0.6451345813063891 0.17510971628470073 0.00632273518236115 0.003306856426490734
3586 0.6396112799196182 0.17292509065788014 0.006322735182360972 0.0033068564264906895
3627 0.6326527651019793 0.17625467913768217 0.00632273518236115 0.0033068564264906895
3635 0.6278925299196182 0.17326607145755024 0.007885235182360973 0.0033523205331134065
3765 0.6217152651019793 0.17657292788404094 0.00632273518236115 0.003306856426490734
4284 0.6153925299196181 0.1736297843105317 0.006322735182360972 0.003306856426490734
4340 0.6092152651019793 0.1769366407370224 0.00632273518236115 0.0033068564264906895
4384 0.6036737799196181 0.17397076511020176 0.006322735182360972 0.0033068564264906895
4402 0.5974965151019793 0.17727762153669252 0.00632273518236115 0.003306856426490734
4421 0.5927362799196182 0.17428901385656057 0.006322735182360972 0.0033068564264906895
2808 0.5857777651019793 0.17761860233636262 0.0063954703647222996 0.006431856426490734
2809 0.579436846124028 0.17389420876285336 0.0063954703647222996 0.00643185642649069
2810 0.5732777651019794 0.17798231518934407 0.0063954703647222996 0.006431856426490734
2813 0.5676999123284376 0.17345393956252347 0.0063954703647222996 0.00643185642649069
2817 0.5615590151019794 0.17832329598901417 0.0063954703647222996 0.006431856426490734
2818 0.5551999123284377 0.1738176524155049 0.0063954703647222996 0.006431856426490734
2819 0.5498402651019794 0.1786642767886843 0.0063954703647222996 0.006431856426490734
2820 0.5442624123284376 0.17413590116186367 0.0063954703647222996 0.00643185642649069
2821 0.5373402651019793 0.17902798964166572 0.0063954703647222996 0.00643185642649069
3554 0.5317987799196182 0.17606211401484512 0.006322735182360972 0.003306856426490734
2822 0.5256215151019793 0.17936897044133585 0.0063954703647222996 0.00643185642649069
2823 0.519280596124028 0.17564457686782659 0.0063954703647222996 0.006431856426490734
2824 0.5139027651019793 0.17970995124100594 0.0063954703647222996 0.006431856426490734
2826 0.507561846124028 0.17598555766749668 0.0063954703647222996 0.00643185642649069
2644 0.7164829044446529 0.18397859943336875 0.00632273518236115 0.0033068564264906895
2700 0.7220607572181945 0.18850697506018937 0.006322735182360972 0.003306856426490734
2728 0.716682926196146 0.19257234943336873 0.006322735182360972 0.0033068564264906895
2745 0.7222607789696877 0.19710072506018936 0.00632273518236115 0.003306856426490734
2756 0.7168829479476391 0.20116609943336874 0.00632273518236115 0.0033068564264906895
2766 0.7224608007211808 0.20569447506018937 0.006322735182360972 0.0033068564264906895
2769 0.7171011534947225 0.21054109943336874 0.00788523518236115 0.0033523205331134065
2775 0.7226608224726738 0.21428822506018935 0.00632273518236115 0.0033068564264906895
2784 0.7172829914506252 0.21835359943336874 0.00632273518236115 0.0033068564264906895
2655 0.7175011969977085 0.22772859943336873 0.0063954703647222996 0.00643185642649069
2661 0.7238602997712502 0.232234243006878 0.0079579703647223 0.006477320533113407
2671 0.7177194025447919 0.23710359943336873 0.0063954703647222996 0.00643185642649069
2680 0.7240785053183336 0.24160924300687805 0.0063954703647222996 0.00643185642649069
2682 0.7179194242962849 0.24569734943336874 0.0063954703647222996 0.00643185642649069
2685 0.7242785270698266 0.25020299300687804 0.0063954703647222996 0.00643185642649069
2690 0.718119446047778 0.25429109943336875 0.0063954703647222996 0.00643185642649069
2692 0.7244785488213197 0.25879674300687805 0.0063954703647222996 0.00643185642649069
2693 0.7183194677992711 0.26288484943336876 0.0063954703647222996 0.00643185642649069
2701 0.7246785705728127 0.26739049300687806 0.0063954703647222996 0.00643185642649069
2706 0.7185194895507641 0.2714785994333687 0.0063954703647222996 0.00643185642649069
2710 0.724896776119896 0.276765493006878 0.0063954703647222996 0.00643185642649069
2714 0.7179382613022571 0.2800950814866801 0.0063954703647222996 0.00643185642649069
2715 0.7250967978713891 0.285359243006878 0.0079579703647223 0.006477320533113407
2718 0.7181564668493405 0.2894700814866801 0.0079579703647223 0.006477320533113407
2721 0.7252968196228823 0.29395299300687805 0.0063954703647222996 0.00643185642649069
2722 0.7183564886008336 0.2980638314866801 0.0063954703647222996 0.00643185642649069
2723 0.7255150251699656 0.30332799300687807 0.0063954703647222996 0.00643185642649069
2724 0.7193377603523267 0.3066348494333687 0.0063954703647222996 0.00643185642649069
2729 0.7257150469214586 0.311921743006878 0.0063954703647222996 0.00643185642649069
2732 0.7187565321038198 0.3152513314866801 0.0063954703647222996 0.00643185642649069
2733 0.7258787010817711 0.318952993006878 0.0079579703647223 0.006477320533113407
2734 0.7197378038553127 0.32382234943336874 0.0063954703647222996 0.00643185642649069
2736 0.7253338404244447 0.3291319750601894 0.0063954703647222996 0.00643185642649069
3673 0.7105095806407989 0.3975780981797275 0.009665940729444423 0.012772784639736124
3439 0.7029698375746531 0.4095241687128409 0.009665940729444423 0.012772784639736124
4004 0.6836925075025351 0.3874134879923131 0.0157704703647223 0.006704641066226813
4190 0.680694794071667 0.3929731662055585 0.009484102773541636 0.004960284639736123
4002 0.6784601468452086 0.3977288623654925 0.015734102773541637 0.005142141066226813
4193 0.6817306172099309 0.40388793415224705 0.012609102773541636 0.005051212852981379
3997 0.6857459699834726 0.40846177388569044 0.0126454703647223 0.006613712852981379
4191 0.6811857565526045 0.4140669162055584 0.0126454703647223 0.006613712852981379
3997 0.6860005431217365 0.4193992738856904 0.0126454703647223 0.006613712852981379
4000 0.6837840796908685 0.4249362200456244 0.0157704703647223 0.006704641066226813
4179 0.6839113662600004 0.4304049700456244 0.009484102773541636 0.004960284639736123
3993 0.6855829690335421 0.4350470059390018 0.0126454703647223 0.006613712852981379
4184 0.6833846893982642 0.44136520209893576 0.0126454703647223 0.006613712852981379
4182 0.6835119759673962 0.4468339520989358 0.012609102773541636 0.005051212852981379
3999 0.6851835787409379 0.45147598799231303 0.0157704703647223 0.006704641066226813
3998 0.6829671153100698 0.45701293415224714 0.015734102773541637 0.005142141066226813
4180 0.6830944018792018 0.46248168415224705 0.0126454703647223 0.006613712852981379
4190 0.6840029384483337 0.46792770209893575 0.007921602773541637 0.004914820533113406
4177 0.6817501074262852 0.4719021482588698 0.012609102773541636 0.005051212852981379
4175 0.681150695382188 0.4797373803121811 0.0126454703647223 0.006613712852981379
4011 0.6631618019554517 0.37862952137840794 0.0065409407294446 0.01268185642649069
4013 0.6504435964083684 0.3696182342313894 0.009665940729444423 0.012772784639736124
4006 0.6423226250937157 0.39018078681781415 0.009593205547083272 0.009647784639736123
4015 0.636417463999549 0.3715899111909935 0.006504573138263936 0.01111935642649069
4006 0.6284413098392364 0.3647859817241069 0.006468205547083272 0.009556856426490689
4001 0.6206469936348267 0.3657945522572203 0.006468205547083272 0.009556856426490689
4096 0.6137430302039586 0.37146789073702247 0.006504573138263936 0.01111935642649069
4095 0.605821427430417 0.3670077112701358 0.008103440729444421 0.012727320533113406
4001 0.5993538750937157 0.3914310497499379 0.008030705547083272 0.009602320533113407
4010 0.5918680302039586 0.37210438822973996 0.006468205547083272 0.009556856426490689
4006 0.5845101250937157 0.3918629587628534 0.006468205547083272 0.009556856426490689
4006 0.5774788750937156 0.3920675472426554 0.006468205547083272 0.009556856426490689
4017 0.5690663098392365 0.3665136177757688 0.006540940729444422 0.01268185642649069
4009 0.5620532436348267 0.36749945625557084 0.0065409407294446 0.01268185642649069
4019 0.5490811181598614 0.38116715116186367 0.006504573138263936 0.01111935642649069
4077 0.529786257502535 0.3918917024946472 0.012609102773541636 0.005051212852981379
4155 0.529913544071667 0.3973604524946472 0.0126454703647223 0.006613712852981379
4147 0.5292595806407989 0.40285193454795853 0.015734102773541637 0.005142141066226813
4158 0.5317124334143406 0.40747123838802446 0.012609102773541636 0.005051212852981379
4149 0.5310584699834726 0.41296272044133586 0.015734102773541637 0.005142141066226813
4160 0.5319851903481949 0.41918998838802446 0.0126454703647223 0.006613712852981379
4094 0.5320942931217365 0.42387748838802447 0.0126454703647223 0.006613712852981379
4162 0.5330028296908684 0.4293235063347131 0.012609102773541636 0.005051212852981379
4111 0.5331119324644101 0.4340110063347131 0.0126454703647223 0.006613712852981379
4123 0.5371454690335421 0.4393660960681565 0.0126454703647223 0.006613712852981379
4164 0.5333665056026741 0.4449485063347131 0.0126454703647223 0.006613712852981379
4166 0.5335119759673962 0.45119850633471315 0.0126454703647223 0.006613712852981379
4137 0.5320767625365281 0.4567127204413358 0.012609102773541636 0.005051212852981379
4151 0.5329671153100699 0.4613774883880245 0.012609102773541636 0.005051212852981379
4169 0.5346569018792018 0.46680077428140176 0.0126454703647223 0.006613712852981379
4153 0.5378910046527434 0.47139734606815653 0.012609102773541636 0.005051212852981379
4171 0.5325677250174656 0.47780647044133584 0.0126454703647223 0.006613712852981379
4173 0.535056945382188 0.4839882742814018 0.0126454703647223 0.006613712852981379
2514 0.6811695323881601 0.5141351123654925 0.017079703647222288 0.06295464106622681
4368 0.6664887833380908 0.48798178932509656 0.012790940729444599 0.01286371285298138
4129 0.6534257388851741 0.4977432342313894 0.006504573138263936 0.01111935642649069
4100 0.646394488885174 0.4979478227111914 0.006540940729444422 0.01268185642649069
4141 0.6384728861116324 0.49348764324430483 0.006540940729444422 0.01268185642649069
4101 0.631550738885174 0.498379731724107 0.006504573138263936 0.011119356426490867
4047 0.6220848199072228 0.494746266363843 0.006468205547083272 0.009556856426490689
4097 0.6157802685204519 0.4925843727903338 0.006504573138263936 0.011119356426490867
4098 0.6080768712939936 0.4974991933234472 0.006504573138263936 0.011119356426490867
4094 0.6010274374984033 0.49692253180324925 0.006468205547083272 0.009556856426490868
4056 0.5989746282278476 0.5094907279631833 0.006468205547083272 0.009556856426490689
4102 0.5947047023160421 0.49397938822973997 0.008067073138263936 0.011164820533113406
2734 0.5856563574262852 0.4746981908161647 0.0063954703647222996 0.00643185642649069
4099 0.5783711874984032 0.4975817613492781 0.006504573138263936 0.01111935642649069
4131 0.5720848199072226 0.4962011177757688 0.006540940729444422 0.01268185642649069
4020 0.5627461874984032 0.49803640241550495 0.006540940729444422 0.012681856426490867
3631 0.6301882606366671 0.5070189458307296 0.0063954703647222996 0.00643185642649069
4066 0.62490134859257 0.514990570203909 0.006468205547083272 0.009556856426490868
3629 0.6307883258911463 0.5328001958307296 0.006468205547083272 0.009556856426490689
4047 0.6247928990294103 0.5439195522572204 0.006468205547083272 0.009556856426490868
3315 0.6130923328250005 0.5450417830568904 0.012863675911805572 0.01598871285298138
3685 0.6134196411456255 0.5591042830568904 0.012754573138263937 0.01130121285298138
3125 0.6011008258911463 0.5336640138565606 0.006504573138263936 0.011119356426490867
4018 0.5918894800514588 0.5409680484962966 0.006431837955902786 0.00799435642649069
4433 0.5817877814382296 0.543607315189344 0.012790940729444599 0.01286371285298138
3686 0.5820787221676741 0.5561073151893441 0.012754573138263937 0.01130121285298138
3593 0.5700501944322574 0.5095505639357029 0.006468205547083272 0.009556856426490868
2289 0.5706684434823268 0.5361130639357028 0.008212543502986235 0.017414820533113405
3651 0.8524243237069449 0.38172211447706356 0.012863675911805216 0.01598871285298138
3652 0.8171589709334031 0.3780575568760739 0.012863675911805572 0.01598871285298138
2757 0.6264469712177435 0.581396820203909 0.0079579703647223 0.006477320533113407
2718 0.6186890226045143 0.5839678907370225 0.0079579703647223 0.006477320533113407
3669 0.5997935522397921 0.5782634600164946 0.009665940729444423 0.012772784639736124
3439 0.5740304860353824 0.5797948677757688 0.009665940729444423 0.012772784639736124
4385 0.6175993012898616 0.6043258548436452 0.012863675911805572 0.01598871285298138
3687 0.5987765661075005 0.6017464241231172 0.012754573138263937 0.01130121285298138
4240 0.571469183698681 0.6041045459890142 0.012754573138263937 0.01130121285298138
2644 0.6013203378589935 0.6102719779631832 0.006322735182360972 0.0033068564264906895
2700 0.5872578378589935 0.6106811549227873 0.007885235182360973 0.0033523205331134065
4299 0.6195072934060769 0.6191241407370225 0.017369337955902786 0.00831260517284953
4300 0.6181811827487506 0.6293258548436451 0.0173329703647223 0.00675010517284953
4298 0.6191806382958338 0.6386781227903338 0.0173329703647223 0.00675010517284953
4302 0.6187448804120492 0.6535446048436451 0.0173329703647223 0.00675010517284953
3628 0.6158380859591326 0.6630105330568904 0.0126454703647223 0.006613712852981379
2270 0.6216159604841673 0.6761326586837111 0.0251454703647223 0.006977425705962936
4300 0.567817506836945 0.6151557062555708 0.0188954703647223 0.006795569279472247
4299 0.5673090137707991 0.6268971883088822 0.0188954703647223 0.006795569279472247
4298 0.5691260869090631 0.6377892242022595 0.0173329703647223 0.00675010517284953
4302 0.5686175938429173 0.6495307062555709 0.0188954703647223 0.006795569279472247
3628 0.5713068359591326 0.6643062600956368 0.0126454703647223 0.006613712852981379
3439 0.5684545928929866 0.6761159383088822 0.0188954703647223 0.006795569279472247
2732 0.6030477984400701 0.6844907279631832 0.0095204703647223 0.006522784639736124
2733 0.5874227984400701 0.6849453690294101 0.0095204703647223 0.006522784639736124
2644 0.629610951650452 0.7173343202039091 0.007885235182360973 0.0033523205331134065
2721 0.6209444664680909 0.7144593727903338 0.0063954703647222996 0.0064318564264908675
3510 0.6238700979269798 0.7393911766303998 0.012790940729444422 0.01286371285298138
4283 0.7557571839830215 0.7965324237274058 0.016679660144236053 0.04576714106622681
3269 0.7369890001874312 0.796296743006878 0.012718205547083273 0.009738712852981557
3811 0.734173124712466 0.8096689212201233 0.008030705547083272 0.009602320533113584
4263 0.7261067047845841 0.8325752238065481 0.013227351823611145 0.03161371285298138
3280 0.6885515001874312 0.7977061303121811 0.012754573138263937 0.01130121285298138
3822 0.6959282423036466 0.812345291832379 0.006468205547083272 0.009556856426490868
3355 0.7026328371934035 0.8316946854058884 0.013154616641249995 0.02848871285298138
4270 0.7412251713495841 0.9447115109535666 0.012863675911805572 0.015988712852981736
2728 0.7377189648525703 0.9620126712201233 0.00632273518236115 0.0033068564264908673
2745 0.737700127846598 0.927614939166812 0.00632273518236115 0.0033068564264908673
4281 0.7179143047083342 0.9172457404995956 0.0440409407294446 0.01377299498543536
2370 0.7122091653656606 0.907248614872775 0.06428070554708327 0.011239028371529968
3671 0.6738551801832994 0.9052374854850307 0.009702308320624908 0.014335284639735945
2766 0.6681870616421882 0.9304193419115215 0.006322735182360972 0.0033068564264908673
2644 0.6697320310569801 0.9632091098582102 0.006322735182360972 0.0033068564264908673
3661 0.6726180288727786 0.8184960034317192 0.009665940729444423 0.012772784639735945
3439 0.6460373450771882 0.8184876432443048 0.009702308320624908 0.0143352846397363
3439 0.6472744963877091 0.9052291252976161 0.009702308320624908 0.0143352846397363
3680 0.6406984944878481 0.9585814458307297 0.012790940729444599 0.012863712852981735
348 0.6223829459508687 0.8770275689502679 0.0079579703647223 0.0064773205331135845
347 0.6218017177023618 0.8856440510035792 0.007994337955902786 0.008039820533113584
346 0.6225108857303827 0.9161128010035793 0.0095204703647223 0.006522784639736301
3655 0.5800109951534381 0.7359766716158347 0.012863675911805572 0.01598871285298138
3688 0.5644035257386465 0.7035960806287502 0.012790940729444599 0.01286371285298138
2342 0.5661485169049312 0.7449795985754389 0.015517203647222288 0.0629091769596041
4363 0.5450554201153132 0.7792098460681565 0.012790940729444422 0.01286371285298138
2762 0.5255780682917021 0.7485054153476287 0.015843205547083274 0.009829641066226812
2270 0.5188007382195841 0.7260310217741194 0.02834320554708327 0.010193353919208193
3640 0.49394620858430616 0.7330084474800822 0.012900043502986236 0.01755121285298138
4352 0.4753968835461812 0.7757642488128658 0.012790940729444422 0.01286371285298138
74 0.4383000870059723 0.021645050145649287 0.05959320554708327 0.011102636051661886
2756 0.4739654832825 0.04249710774663896 0.0063954703647222996 0.006431856426490723
4018 0.45470699021635425 0.05478415907942247 0.008030705547083272 0.009602320533113407
3561 0.4364654832825 0.043588246305583306 0.0095204703647223 0.00652278463973609
3563 0.4255097994869098 0.043125245051942075 0.0095204703647223 0.006522784639736079
2889 0.40470699021635426 0.056239010491348274 0.009593205547083272 0.00964778463973608
4367 0.40292693787965284 0.08052595665128229 0.012790940729444422 0.012863712852981445
4027 0.45459919386357656 0.11732962318604515 0.0112284407294446 0.012818248746358752
2845 0.4424446859797918 0.1325370860390266 0.009593205547083272 0.00964778463973608
2878 0.4314162670018404 0.1289490847853854 0.008030705547083272 0.009602320533113407
2856 0.4221321859797918 0.13312811942512146 0.008030705547083272 0.009602320533113407
2867 0.412702634593021 0.13105715406485755 0.008030705547083272 0.009602320533113407
2524 0.37974335780753476 0.058528936197311164 0.013227351823611145 0.031613712852981445
3514 0.3576501522604515 0.0497904336900287 0.012790940729444422 0.012863712852981445
2644 0.33092334488975694 0.009915591449302942 0.00944773518236115 0.003397784639736087
2700 0.3290887411662847 0.03185878760923696 0.00788523518236115 0.0033523205331134065
2728 0.32956151985163196 0.05217128760923697 0.00944773518236115 0.003397784639736079
4276 0.33306837955902785 0.0684866093959916 0.012863675911805572 0.015988712852981445
3666 0.38486922853284733 0.17799199003737715 0.009593205547083272 0.009647784639736123
3439 0.3640300516711113 0.18954325547678336 0.006468205547083361 0.009556856426490734
2366 0.34229986882545155 0.16281327091618952 0.01660692496187508 0.04264214106622681
3501 0.3416647424005557 0.2027024850228122 0.012790940729444422 0.012863712852981468
3489 0.324494119775382 0.13675087608903902 0.012754573138263937 0.011301212852981468
3565 0.48447114466100716 0.2587442333734596 0.015806837955902785 0.008267141066226813
2719 0.40474662385944465 0.225883920757905 0.013227351823611145 0.03161371285298138
3199 0.3716613669255905 0.21511991699698124 0.00952047036472221 0.006522784639736124
3057 0.39215570488149326 0.22234138361088643 0.00952047036472221 0.006522784639736124
2955 0.39092051320211824 0.23644934771750908 0.0095204703647223 0.006522784639736124
2249 0.3540926604285766 0.2328302542231421 0.0079579703647223 0.006477320533113407
4424 0.39588077013597245 0.24803170539764102 0.012790940729444422 0.01286371285298138
3153 0.39411890159486135 0.27309990155757513 0.009484102773541636 0.004960284639736123
3188 0.35965298261691 0.2701938619032741 0.00952047036472221 0.006522784639736124
3766 0.34012173261691 0.2707621632360576 0.00795797036472221 0.006477320533113407
2249 0.3568371071419447 0.2835660401165194 0.0063954703647222996 0.00643185642649069
2844 0.39290189371107664 0.2879891156641977 0.00952047036472221 0.006522784639736124
4422 0.39784396684934054 0.2987902233443297 0.012718205547083273 0.009738712852981469
2704 0.3976991496950003 0.326156705397641 0.013227351823611145 0.03161371285298138
3877 0.3562019807170489 0.32345525422314214 0.006395470364722211 0.00643185642649069
3668 0.38688958947451424 0.3655601861973111 0.009665940729444423 0.012772784639736124
3439 0.3603270894745142 0.36633307600989673 0.009702308320624997 0.014335284639736124
3677 0.514161257502535 0.392346343560874 0.0096659407294446 0.012772784639736124
3439 0.4868356912981254 0.39392321542677095 0.009665940729444423 0.012772784639736124
3657 0.38798192363069484 0.47966815030393384 0.009702308320624997 0.014335284639736124
3439 0.36216430603951427 0.47885580806320804 0.009702308320625085 0.014335284639736124
3662 0.5416167231176047 0.5307041499082225 0.009702308320624908 0.014335284639736124
3439 0.5278451638470492 0.5436133268678265 0.0188954703647223 0.006795569279472247
3805 0.5360940749412157 0.5621360063347132 0.008103440729444421 0.012727320533113406
4150 0.5134384781515977 0.5964117179340533 0.006540940729444422 0.012681856426490867
3806 0.5385118665443408 0.6324257742814019 0.008067073138263936 0.011164820533113406
2252 0.546470490119445 0.6720649358015998 0.013154616641249995 0.02848871285298138
3430 0.5340068577106256 0.6739911486545813 0.013009146276527873 0.02223871285298138
3645 0.5170375632577089 0.6838662538274307 0.008030705547083272 0.009602320533113407
3142 0.4808610610735074 0.5402897500665069 0.008103440729444421 0.012727320533113406
3293 0.4871123674942714 0.607340857746639 0.0095204703647223 0.006522784639735946
3036 0.47624760267663246 0.6107841064929977 0.006468205547083272 0.009556856426490689
3759 0.5011027855222923 0.6374231628403462 0.0063954703647222996 0.00643185642649069
2260 0.4965250415062158 0.6758635372135255 0.013081881458888844 0.02536371285298138
3644 0.47957393084888944 0.686519892386375 0.008030705547083272 0.009602320533113407
3800 0.48237096931788254 0.6387499821198184 0.008030705547083272 0.009602320533113407
3994 0.4562799415824658 0.5926024078257812 0.0065409407294446 0.01268185642649069
3140 0.45500838231191026 0.6051478719324039 0.006540940729444422 0.012681856426490867
3995 0.4413459258148963 0.622744548892008 0.009629573138263936 0.011210284639736123
3134 0.44945001975472276 0.668633710412206 0.008103440729444421 0.012727320533113406
3141 0.4505222104841673 0.6811109783588947 0.0065409407294446 0.01268185642649069
3986 0.4421992577868755 0.5922303347853853 0.006468205547083272 0.009556856426490689
3139 0.43529529435600745 0.5979036732651875 0.008103440729444421 0.012727320533113406
3992 0.4286640878589935 0.6152957617449895 0.0065409407294446 0.012681856426490867
3138 0.4220140443560075 0.5982901181714803 0.006540940729444422 0.01268185642649069
2729 0.415346470267813 0.6141197066512822 0.0063954703647222996 0.00643185642649069
3137 0.4003936174942714 0.6098641156641977 0.006540940729444422 0.01268185642649069
3996 0.43331652668857695 0.6808298335317441 0.008103440729444421 0.012727320533113406
3136 0.42628527668857696 0.6810344220115463 0.006540940729444422 0.012681856426490867
3133 0.4106239090973965 0.6799265630777731 0.0157704703647223 0.006704641066226813
2249 0.4194897628208686 0.6577787784380369 0.011119337955902786 0.008130748746358663
4345 0.3623305730413547 0.6203529862764535 0.012900043502986059 0.01755121285298138
3132 0.3701807470532992 0.6889211298499627 0.006540940729444422 0.01268185642649069
3131 0.3575898280753478 0.6853785927029442 0.008103440729444421 0.012727320533113406
2700 0.48208198821958403 0.7270994282797524 0.0032704703647223 0.0063409282132454335
2644 0.48160986274461876 0.7404034103330638 0.0032704703647223 0.0063409282132454335
3268 0.4700904812857297 0.7157216590794224 0.011155705547083273 0.009693248746358662
3269 0.45524673128572973 0.716153568092338 0.009593205547083272 0.009647784639736123
3280 0.44118423128572976 0.7165627450519421 0.009593205547083272 0.009647784639736123
4242 0.4065364743518757 0.705844205397641 0.06584320554708327 0.011284492478152686
3287 0.42555923128572976 0.7170173861181689 0.009593205547083272 0.009647784639736123
3288 0.40993423128572976 0.7174720271843957 0.011155705547083273 0.00969324874635884
3290 0.3943092312857298 0.7179266682506225 0.009593205547083362 0.009647784639736123
3291 0.38104616508132005 0.7190943631569153 0.009593205547083272 0.009647784639735946
3292 0.3638586650813201 0.7195944683297648 0.009593205547083272 0.009647784639736123
3628 0.3505592312857298 0.7191996632360576 0.009593205547083362 0.009647784639736123
3266 0.4732706858828825 0.7515909629194885 0.0096659407294446 0.012772784639736124
3628 0.45837238449611173 0.7496791219324039 0.009593205547083272 0.009647784639735946
3628 0.444328068291702 0.7508695488920081 0.009593205547083272 0.009647784639736123
3628 0.4279036344961117 0.7505656720115462 0.009593205547083272 0.009647784639735946
3628 0.4138411344961117 0.7509748489711503 0.009593205547083272 0.009647784639736123
3628 0.39977863449611173 0.7513840259307545 0.009593205547083362 0.009647784639736123
4202 0.3804110386564242 0.7589835772635379 0.009884146276527783 0.022147784639736122
3628 0.36464056829170205 0.7531882183297648 0.009593205547083362 0.009647784639736123
2837 0.35068717106524366 0.7582848952893689 0.009811411094166722 0.019022784639735946
2249 0.4485934217308338 0.531065514252272 0.012718205547083273 0.00973871285298138
261 0.33669871266836876 0.8290520363555958 0.018931837955902787 0.008358069279472247
227 0.33920872967020915 0.9704810184089071 0.015806837955902785 0.008267141066226813
3663 0.3670577066844451 0.7898615042231422 0.011301175911805572 0.015943248746358663
3439 0.3388781552976743 0.7883361081423503 0.009702308320624997 0.014335284639735945
2692 0.3360064220151743 0.7321315722489731 0.0095204703647223 0.006522784639736124
2690 0.3355161127446187 0.7446543043022844 0.00952047036472221 0.006522784639736124
2745 0.2525619555470834 0.0020325467804369985 0.00788523518236115 0.0033523205331134065
3631 0.24970971248093754 0.013842224993682362 0.012790940729444422 0.012863712852981445
2644 0.2338665069338542 0.004921866059909172 0.00944773518236115 0.003397784639736087
2756 0.25330749116628476 0.034063796780437 0.00944773518236115 0.00339778463973609
2745 0.23294043977951392 0.03231108016653185 0.00944773518236115 0.00339778463973609
3629 0.25060071846486115 0.05212347499368236 0.012900043502986059 0.017551212852981446
3513 0.23586607123840286 0.05724288400659783 0.012790940729444422 0.012863712852981468
2766 0.25405302678548614 0.066095046780437 0.00788523518236115 0.0033523205331134065
3294 0.3017281137914584 0.09910612358175656 0.012790940729444422 0.012863712852981468
3794 0.29820372349885427 0.11562603384831327 0.009665940729444423 0.012772784639736079
3638 0.26622767809600706 0.15251828008738957 0.009702308320624997 0.014335284639736079
3439 0.23812086189159737 0.15411788400659784 0.011264808320624996 0.014380748746358751
2365 0.2678096683123613 0.22048703008738957 0.016643292553055567 0.04420464106622681
3047 0.2083781572944446 0.11902146997911742 0.008030705547083272 0.009602320533113407
2249 0.22057033919017374 0.17260947123275866 0.011155705547083273 0.00969324874635875
2270 0.21468466831236127 0.22203280971256073 0.014717116641249995 0.028534176959604095
4372 0.18094544794763906 0.21676028800494834 0.012790940729444467 0.01286371285298138
2644 0.30511095298163216 0.27803510563506795 0.00944773518236115 0.0033977846397361235
2700 0.29026720298163217 0.2784670146479834 0.00944773518236115 0.0033977846397361235
3647 0.27337064371107667 0.29146711982083284 0.012863675911805572 0.01598871285298147
2380 0.27575206772302113 0.36019438776752155 0.018097996200277855 0.10670464106622682
3672 0.2669225815907295 0.38390467240725756 0.009593205547083362 0.009647784639736123
3439 0.2403418977951392 0.3838963122198432 0.009593205547083362 0.009647784639736123
3107 0.21134407560680585 0.34721466613905144 0.008103440729444421 0.012727320533113406
2732 0.3209392407850351 0.4542566248353978 0.006395470364722211 0.00643185642649069
2644 0.30889383567479206 0.4741515876883793 0.00788523518236115 0.0033523205331134065
3678 0.29337793844833376 0.479293728754606 0.011264808320624996 0.014380748746358663
2733 0.2802960569894448 0.4546574416075876 0.00952047036472221 0.006522784639735946
2259 0.22068466764677122 0.44622882765924937 0.014717116641249995 0.028534176959604095
4370 0.1852738445085073 0.43631427005825973 0.012790940729444422 0.01286371285298138
3566 0.36877863516170184 0.5279154336900287 0.014280705547083272 0.009784176959604096
3564 0.33235082589114634 0.5414838401956616 0.014353440729444422 0.012909176959604095
3799 0.30589742866468794 0.5469442300082472 0.008103440729444421 0.012727320533113406
3047 0.29348834764263937 0.5512141928612287 0.009593205547083362 0.009647784639736123
3086 0.34485213231191025 0.6083530914493029 0.006540940729444422 0.01268185642649069
2249 0.28814753742215327 0.5904585492877195 0.012718205547083361 0.00973871285298138
3055 0.2735934217308338 0.5361574941940123 0.009665940729444423 0.012772784639736124
2726 0.25353614807947966 0.5813025096334185 0.009665940729444423 0.012772784639735945
3069 0.2642560957427783 0.605225742940371 0.00803070554708336 0.009602320533113407
3801 0.2942163526766325 0.6160806749145401 0.008103440729444421 0.012727320533113406
3639 0.28665842581489637 0.6272454954476535 0.009593205547083362 0.009647784639736123
3439 0.2602595799752089 0.635049635260239 0.008030705547083272 0.009602320533113407
2252 0.33620513734590335 0.6734923581423503 0.013118249050069508 0.026926212852981378
3763 0.32217900493708396 0.6754640351019544 0.012936411094166721 0.019113712852981378
3646 0.2903114090973964 0.6834272992877194 0.009593205547083272 0.009647784639735946
3044 0.21656282494121576 0.5714334161390514 0.009665940729444423 0.012772784639736124
2277 0.22750228457236168 0.6719646135526267 0.017842116641249996 0.02862510517284953
4342 0.1905653290252783 0.6636580200582597 0.01602504350298615 0.017642141066226812
3641 0.16251306420763947 0.667601373977468 0.00803070554708336 0.009602320533113407
3664 0.17606772435187562 0.7125501611244865 0.011264808320624996 0.01438074874635884
3439 0.1510677243518756 0.7132775868304494 0.009702308320624997 0.014335284639735945
4414 0.2070274368328131 0.7327573610453443 0.05334320554708336 0.010920779625171129
3688 0.31365929654020896 0.7460720517950019 0.012790940729444422 0.01286371285298138
2598 0.29750761967847283 0.7574869249145401 0.012718205547083361 0.00973871285298138
3439 0.28428092106524366 0.7602171198208328 0.009702308320625085 0.014335284639735945
3628 0.27016386967847283 0.758282546780437 0.011155705547083361 0.00969324874635884
3245 0.25384853865642426 0.7626661698999752 0.009811411094166722 0.019022784639736123
3316 0.23666103865642424 0.7631662750728246 0.011373911094166722 0.019068248746358662
3306 0.22179910486083396 0.76281693408574 0.009738675911805572 0.015897784639735946
3746 0.20697353865642426 0.7640300930986555 0.009811411094166722 0.019022784639735946
3482 0.19214797245201454 0.7652432521115711 0.009811411094166677 0.019022784639736123
3628 0.17721330347406314 0.7617689111244865 0.009593205547083362 0.009647784639736123
2612 0.10546559004319508 0.7693290100291299 0.07365701196784728 0.07865384890464337
2423 0.13955160894489654 0.856678245843365 0.020059233282500033 0.056795569279471894
2517 0.1233460339067716 0.8993658510162144 0.018898083206250103 0.1410796410662268
2700 0.15339775693385418 0.007263267550977249 0.007885235182361106 0.0033523205331134065
2728 0.15323475598392364 0.03384849960428859 0.006322735182361106 0.003306856426490723
2341 0.13908133700597225 0.03130499854850306 0.01711607123840282 0.06260999709700613
3667 0.12403821846486116 0.05580606763011953 0.009665940729444466 0.012772784639736079
3439 0.09667628466927089 0.05582043949601645 0.00970230832062502 0.014335284639736079
3121 0.07396678970326401 0.121368883148668 0.009665940729444466 0.012772784639736079
3119 0.11057709014010428 0.14922945869634635 0.009665940729444423 0.012772784639736079
2249 0.08773965539458348 0.17569267029568655 0.012718205547083338 0.009738712852981469
3643 0.15276589656086825 0.21523489192415662 0.009593205547083362 0.009647784639736123
3292 0.06419370583142378 0.2053036139483381 0.009520470364722233 0.006522784639736124
3758 0.09148355765503492 0.23578072413575252 0.009520470364722233 0.006522784639736124
3797 0.07591310904180575 0.23857911520197933 0.008103440729444467 0.012727320533113406
3803 0.06969947663298633 0.24032347162847006 0.008103440729444467 0.012727320533113406
3665 0.14397343123013912 0.274124158617204 0.009702308320624997 0.014335284639736124
3439 0.11662968123013913 0.27491978048310095 0.009738675911805572 0.015897784639736123
3117 0.10360431078916696 0.35347668949601646 0.008103440729444467 0.012727320533113406
3118 0.07907643626413223 0.340900133148668 0.008103440729444467 0.012727320533113406
2249 0.093648735751042 0.3959824382423752 0.011155705547083339 0.00969324874635875
3291 0.06926698480111146 0.4232723639483381 0.00952047036472221 0.006522784639736124
3642 0.15885681487322953 0.44333715987084527 0.009593205547083362 0.009647784639736123
3757 0.09106990282913233 0.4531273485089319 0.00952047036472221 0.006522784639735946
3795 0.07938752042031287 0.45503082930860206 0.008103440729444467 0.012727320533113406
2673 0.07239263801149344 0.4567979177884041 0.00803070554708334 0.009602320533113407
3658 0.1476478643601393 0.49916962272382676 0.011301175911805572 0.01594324874635884
3439 0.12108536436013932 0.4999425125364123 0.009702308320624997 0.014335284639736124
3122 0.108114545305938 0.5808431715493277 0.009665940729444423 0.012772784639735945
3123 0.0819878031897227 0.566749579308602 0.009665940729444466 0.012772784639735945
2249 0.09732316888104219 0.621027902348998 0.012718205547083338 0.00973871285298138
3290 0.07226927070465332 0.6530280601082721 0.00952047036472221 0.006522784639735946
3793 0.07428636559441029 0.6725138460016494 0.008103440729444467 0.012727320533113406
3756 0.10262957114149365 0.6810704920824412 0.00952047036472221 0.006522784639735946
3798 0.08704093873267418 0.6830876331486679 0.006540940729444467 0.01268185642649069
731 0.8569409842324305 0.011734672638366821 0.050836454597153136 0.023469345276733642
730 0.8030347342324304 0.012105571424296729 0.04767508700597247 0.024211142848593457
2243 0.8234940110179167 0.07923361196978107 0.06515352773541672 0.04873902837152992
1311 0.8193163105048266 0.13486148634296047 0.01907730832062491 0.014608069279472159
2655 0.8923206654625698 0.28205708359825116 0.009484102773541992 0.004960284639736123
1422 0.8493330784565976 0.24890961447706356 0.10465243882958326 0.068625631037097
161 0.8494058136389586 0.25203461447706355 0.08175914627652787 0.02423913354437941
1979 0.909325021085903 0.20651151431877895 0.004869337955902608 0.007948892319868062
1981 0.901512521085903 0.20673883485189237 0.004869337955902608 0.007948892319868062
2092 0.8952625210859029 0.2069206912783831 0.004832970364721944 0.006386392319868062
1984 0.8874500210859029 0.2071480118114965 0.004869337955902608 0.007948892319868062
2094 0.8804187710859029 0.20735260029129857 0.004869337955902608 0.007948892319868062
2096 0.8726062710859029 0.20757992082441196 0.004869337955902608 0.007948892319868062
1986 0.8655750210859029 0.20778450930421402 0.004869337955902608 0.007948892319867973
1988 0.858543771085903 0.2079890977840161 0.004869337955902608 0.007948892319868062
2098 0.850731271085903 0.2082164183171295 0.004869337955902608 0.007948892319868062
2101 0.8436818372903125 0.20763975679693156 0.004869337955902608 0.007948892319868062
2234 0.8366687710859029 0.20862559527673366 0.004869337955902608 0.007948892319867973
2103 0.8296375210859029 0.2088301837565357 0.006468205547083272 0.009556856426490689
1992 0.8225880872903126 0.20825352223633775 0.004869337955902608 0.007948892319867973
2105 0.8147755872903126 0.20848084276945117 0.004869337955902608 0.007948892319867973
1995 0.8077443372903126 0.20868543124925326 0.004869337955902608 0.007948892319868062
2107 0.799950021085903 0.20969400178236666 0.004869337955902786 0.007948892319868062
1997 0.7929005872903127 0.20911734026216872 0.004869337955902786 0.007948892319868062
2109 0.7858875210859029 0.2101031787419708 0.0048329703647223 0.006386392319867973
2121 0.7688273076550349 0.21607203391482027 0.012572735182360972 0.003488712852981468
2116 0.7697358442241669 0.2215180518615089 0.01257273518236115 0.003488712852981468
2234 0.7690818807932989 0.2270095339148203 0.01101023518236115 0.003443248746358751
2113 0.7691909835668405 0.23169703391482027 0.012572735182360972 0.003488712852981468
2118 0.7693182701359724 0.2371657839148203 0.01101023518236115 0.003443248746358751
2124 0.7702268067051043 0.24261180186150894 0.01101023518236115 0.003443248746358751
2148 0.7695728432742364 0.24810328391482028 0.01257273518236115 0.003488712852981468
2149 0.7697001298433683 0.2535720339148203 0.011010235182360972 0.003443248746358751
2114 0.7698092326169099 0.25825953391482026 0.01257273518236115 0.003488712852981468
2125 0.7699365191860419 0.2637282839148203 0.012572735182360972 0.003488712852981468
2120 0.7700638057551739 0.2691970339148203 0.012572735182360972 0.003488712852981468
2115 0.7701910923243058 0.27466578391482027 0.01257273518236115 0.003488712852981468
2234 0.7703183788934378 0.2801345339148203 0.01257273518236115 0.003488712852981468
2234 0.7704456654625698 0.28560328391482026 0.01257273518236115 0.003488712852981468
2126 0.7705547682361114 0.29029078391482027 0.01257273518236115 0.003488712852981468
2184 0.9127591456109378 0.21970183610553362 0.011010235182361328 0.003443248746358751
2152 0.9128864321800696 0.22517058610553362 0.012572735182360972 0.003488712852981468
2178 0.9130137187492016 0.2306393361055336 0.011010235182360972 0.003443248746358751
2154 0.9131410053183334 0.23610808610553363 0.011010235182361328 0.003443248746358751
2153 0.9140495418874653 0.24155410405222227 0.011010235182361328 0.003443248746358751
2151 0.9133955784565974 0.24704558610553362 0.011010235182361328 0.003443248746358751
2234 0.913504681230139 0.25173308610553363 0.011010235182361328 0.003443248746358751
2155 0.9136319677992709 0.2572018361055336 0.012572735182361327 0.003488712852981468
2234 0.9137592543684029 0.2626705861055336 0.012572735182361327 0.003488712852981468
2234 0.9138865409375349 0.26813933610553364 0.012572735182361327 0.003488712852981468
2112 0.9140138275066668 0.2736080861055336 0.012572735182361327 0.003488712852981468
2127 0.9141411140757988 0.27907683610553363 0.012572735182361327 0.003488712852981468
2175 0.9150314668493404 0.28374160405222226 0.012572735182361327 0.003488712852981468
1977 0.9113434223964237 0.29323026431877897 0.004869337955902608 0.007948892319868062
1975 0.9043121723964237 0.29343485279858106 0.004869337955902608 0.007948892319867973
1959 0.8964996723964239 0.2936621733316945 0.004905705547083273 0.009511392319867973
1973 0.8894684223964238 0.2938667618114965 0.006431837955902608 0.00799435642649069
1958 0.8824371723964237 0.29407135029129855 0.006431837955902608 0.00799435642649069
1956 0.8746246723964239 0.29429867082441197 0.006468205547083272 0.009556856426490689
1970 0.8675934223964237 0.294503259304214 0.006431837955902608 0.00799435642649069
1968 0.8605621723964237 0.2947078477840161 0.006431837955902608 0.00799435642649069
1955 0.8527496723964237 0.2949351683171295 0.006431837955902608 0.00799435642649069
1952 0.8457184223964237 0.2951397567969316 0.006431837955902608 0.00799435642649069
1966 0.8386871723964238 0.29534434527673364 0.004869337955902608 0.007948892319867973
1950 0.8308746723964238 0.29557166580984706 0.004869337955902608 0.007948892319867973
1964 0.8238434223964237 0.2957762542896491 0.004869337955902608 0.007948892319868062
1949 0.8168121723964237 0.29598084276945114 0.006431837955902608 0.00799435642649069
1963 0.8089996723964239 0.29620816330256455 0.006468205547083272 0.009556856426490689
1947 0.8019684223964239 0.2964127517823666 0.006431837955902608 0.00799435642649069
1961 0.7949371723964239 0.2966173402621687 0.004905705547083273 0.009511392319868061
1945 0.7871246723964239 0.29684466079528216 0.006431837955902786 0.00799435642649069
1288 0.8482992149494795 0.3388442926903089 0.019550087005972116 0.03492056927947216
1940 0.8605446418112155 0.32754307983732744 0.004905705547083273 0.009511392319867973
1941 0.8611265232701044 0.3525430798373274 0.004905705547083273 0.009511392319867973
1942 0.8292946418112155 0.32845236196978106 0.004869337955902608 0.007948892319867973
1013 0.8288225163362505 0.3417563440230924 0.0065409407294446 0.01268185642649069
1943 0.829131640861285 0.35503759402309243 0.0063954703647222996 0.00643185642649069
1289 0.8154685311538892 0.3390177889293852 0.017987587005972472 0.03487510517284953
1313 0.7933584482319795 0.3967310005287254 0.020603440729444422 0.013091033386094875
732 0.8502273504924311 0.4552732747436202 0.05080008700597247 0.03582985141192587
733 0.771321100492431 0.45756921212806567 0.05080008700597212 0.03582985141192587
4449 0.8599484958190283 0.5034607221571955 0.02223867591180557 0.016261497492717502
1505 0.8533166361116322 0.48723632858368615 0.0096659407294446 0.012772784639735945
1847 0.8466672458190281 0.5038471670634882 0.004869337955902608 0.00794889231986815
1848 0.8419797458190281 0.5039835593833564 0.004869337955902608 0.00794889231986815
1241 0.7736142183679519 0.6568561582879997 0.28983013867708357 0.2426494674053279
1849 0.770867812023438 0.5052709262346884 0.004905705547083273 0.00951139231986815
1850 0.766180312023438 0.5054073185545563 0.004905705547083273 0.009511392319867973
1506 0.7775535699072227 0.49022258775488625 0.006540940729444422 0.01268185642649069
4450 0.7841672458190282 0.5056657313283954 0.020639808320625085 0.014653533386094963
139 0.8596231471295492 0.5902476683171296 0.031795513867708534 0.024346782132453625
1297 0.9037225585080563 0.8055173156515625 0.0190409407294446 0.013045569279472247
2644 0.809172471502084 0.7738701620489234 0.009447735182360972 0.0033977846397359457
1496 0.8023957946403479 0.7850122505287255 0.037936411094166546 0.019841138558944493
725 0.8048674844198619 0.8240292864221027 0.04767508700597212 0.03573892319868044
1274 0.8466380635420494 0.872065969649913 0.12401938145888884 0.028591664423191786
1296 0.8294882375539938 0.9413615389293852 0.09167966014423641 0.047949418184115446
1799 0.7037615389407648 0.947365149512511 0.06359102773541672 0.04869356426490725
1308 0.6613188125921188 0.904038698338012 0.019113675911805572 0.016170569279471893
1504 0.7252520663918409 0.7958564738065481 0.006540940729444422 0.01268185642649069
1514 0.702595816391841 0.796515703352577 0.006540940729444422 0.012681856426490867
1851 0.7255793747124659 0.809918973806548 0.006468205547083272 0.009556856426490868
1865 0.7021418747124659 0.8106009354058884 0.006431837955902786 0.007994356426490868
1298 0.6576833598948271 0.8150216624446347 0.017478440729444423 0.01300010517284953
1516 0.7243103221883334 0.016450118633698642 0.006504573138263936 0.011119356426490723
4440 0.7332859318957292 0.03260631604727389 0.019113675911805572 0.01617056927947217
1809 0.7208041156913195 0.033751278900255345 0.004869337955902786 0.007948892319868039
1821 0.7161166156913195 0.033887671220123386 0.004905705547083273 0.009511392319868039
1293 0.6814324911662848 0.02160663156582237 0.01904094072944442 0.01304556927947217
1517 0.7249837758355556 0.07897285068700997 0.008103440729444421 0.012727320533113406
4443 0.7355037017473612 0.09430233399396255 0.019113675911805572 0.016170569279472156
1820 0.7222406355429515 0.09547002890025534 0.004869337955902786 0.007948892319868039
1808 0.7175531355429514 0.09560642122012339 0.004869337955902786 0.007948892319868039
1659 0.7066156355429515 0.09592466996648215 0.006468205547083272 0.009556856426490734
1448 0.607181946047778 0.2575190510035791 0.21613675911805572 0.1624331185006846
1877 0.6126461235751042 0.02204455225722034 0.006431837955902786 0.007994356426490722
1164 0.6131728004368403 0.011084320203908999 0.006540940729444422 0.012681856426490726
2234 0.6129000435029861 0.0016700081819215104 0.004869337955902786 0.0033400163638430207
1287 0.5998369990500695 0.013282283848313267 0.017987587005972118 0.026564567696626535
1865 0.5824494772985764 0.0024925421948369816 0.003306837955902786 0.004985084389673963
2234 0.5829768073706945 0.023689620283051282 0.004869337955902786 0.007948892319868039
1286 0.5712035059839236 0.021686851082721392 0.0159159407294446 0.012954641066226813
1488 0.5715301610941668 0.008234076834573067 0.01940461664125017 0.016468153669146134
1421 0.5984940110179167 0.08578044332344716 0.0923706443766669 0.07763691818411551
161 0.6039445772223264 0.08484006895026777 0.029506968464861137 0.060193353919208284
2234 0.6434785494869097 0.03678300217807806 0.004869337955902786 0.007948892319868039
2168 0.6364472994869098 0.03698759065788012 0.004905705547083273 0.009511392319868039
2234 0.6294160494869099 0.03719217913768219 0.0032704703647223 0.006340928213245367
2234 0.6223847994869097 0.03739676761748425 0.004869337955902786 0.007948892319868039
2234 0.6145722994869097 0.03762408815059766 0.004869337955902786 0.007948892319868039
2234 0.6075410494869098 0.037828676630399724 0.004869337955902786 0.007948892319868039
2234 0.6005097994869097 0.03803326511020179 0.004869337955902786 0.007948892319868039
2234 0.5926972994869097 0.03826058564331519 0.004869337955902786 0.007948892319868039
2234 0.5856478656913195 0.03768392412311726 0.004869337955902786 0.007948892319868039
2234 0.5786347994869098 0.03866976260291932 0.004869337955902786 0.007948892319868039
2234 0.5708222994869098 0.038897083136032726 0.006431837955902786 0.007994356426490734
2161 0.5637910494869097 0.0391016716158348 0.004869337955902786 0.007948892319868039
2144 0.5559785494869097 0.0393289921489482 0.006431837955902786 0.007994356426490722
1917 0.5412257184648611 0.04366715116186367 0.01101023518236115 0.0034432487463587737
1919 0.5421160712384028 0.048331919108552335 0.011010235182360972 0.0034432487463587737
1938 0.5422433578075347 0.053800669108552336 0.011010235182360972 0.0034432487463587737
1923 0.5423706443766667 0.05926941910855234 0.01101023518236115 0.0034432487463587737
2057 0.5417166809457987 0.06476090116186367 0.01101023518236115 0.0034432487463587737
2059 0.5418439675149307 0.07022965116186367 0.01257273518236115 0.003488712852981446
1925 0.5419712540840627 0.07569840116186367 0.011010235182360972 0.0034432487463587737
1927 0.5420985406531946 0.08116715116186367 0.011010235182360972 0.0034432487463587737
2062 0.5422076434267362 0.08585465116186367 0.01101023518236115 0.0034432487463587737
1929 0.5423349299958682 0.09132340116186367 0.012572735182360972 0.003488712852981446
2063 0.5424622165650002 0.09679215116186367 0.011010235182360972 0.0034432487463587737
2064 0.542589503134132 0.10226090116186368 0.01257273518236115 0.003488712852981468
1931 0.543498039703264 0.10770691910855232 0.01101023518236115 0.003443248746358751
2065 0.5428440762723958 0.11319840116186368 0.011010235182360972 0.003443248746358751
1934 0.5429531790459377 0.11788590116186368 0.01101023518236115 0.003443248746358751
2061 0.5438617156150696 0.12333191910855232 0.01101023518236115 0.003443248746358751
1936 0.5439890021842014 0.1288006691085523 0.012572735182360972 0.003488712852981468
2067 0.5433350387533334 0.1342921511618637 0.012572735182360972 0.003488712852981468
1915 0.6560694684648611 0.04032553932509661 0.01101023518236115 0.0034432487463587624
1913 0.6569780050339931 0.045771557271785265 0.00944773518236115 0.003397784639736079
2234 0.6563240416031251 0.05126303932509661 0.01101023518236115 0.003443248746358751
1911 0.6564331443766667 0.05595053932509662 0.01101023518236115 0.003443248746358751
2234 0.6565604309457986 0.06141928932509662 0.01101023518236115 0.003443248746358751
2234 0.6566877175149306 0.06688803932509661 0.01101023518236115 0.003443248746358751
1900 0.6568150040840626 0.07235678932509662 0.011010235182360972 0.003443248746358751
2234 0.6569422906531945 0.07782553932509662 0.011010235182360972 0.003443248746358751
2234 0.6570695772223265 0.08329428932509661 0.01101023518236115 0.003443248746358751
2234 0.6571968637914585 0.08876303932509662 0.01101023518236115 0.003443248746358751
2234 0.6573059665650002 0.09345053932509662 0.011010235182360972 0.003443248746358751
2234 0.657433253134132 0.09891928932509661 0.01101023518236115 0.003443248746358751
1904 0.657560539703264 0.10438803932509662 0.01101023518236115 0.003443248746358751
2234 0.6576878262723959 0.10985678932509661 0.012572735182360972 0.003488712852981468
2234 0.6578151128415278 0.11532553932509662 0.012572735182360972 0.003488712852981468
2644 0.6735492156150695 0.1195583982588698 0.0032704703647223 0.006340928213245345
2234 0.6571429656150696 0.12003577137840793 0.01257273518236115 0.003488712852981468
2234 0.6572702521842014 0.12550452137840792 0.011010235182360972 0.003443248746358751
1879 0.6573975387533334 0.13097327137840792 0.012572735182360972 0.003488712852981468
2089 0.6529100605048266 0.139703413698276 0.004905705547083273 0.009511392319868061
2077 0.6458969943004169 0.14068925217807804 0.004905705547083273 0.009511392319868061
2088 0.6388475605048265 0.14011259065788012 0.004869337955902786 0.007948892319868062
2070 0.6310350605048265 0.14033991119099354 0.003306837955902786 0.007903428213245346
2076 0.6240219943004168 0.1413257496707956 0.004869337955902786 0.007948892319868062
2086 0.6169725605048265 0.14074908815059767 0.004869337955902786 0.007948892319868062
2069 0.6099413105048266 0.14095367663039973 0.004869337955902786 0.007948892319868062
2142 0.6021288105048266 0.14118099716351312 0.004869337955902786 0.007948892319868062
2143 0.5950975605048265 0.1413855856433152 0.004905705547083273 0.009511392319868061
2234 0.5880663105048265 0.14159017412311728 0.004869337955902786 0.007948892319868062
2084 0.5802538105048265 0.14181749465623067 0.004869337955902786 0.007948892319868062
2075 0.5732225605048266 0.14202208313603273 0.004869337955902786 0.007948892319868062
2082 0.5654100605048266 0.14224940366914612 0.004869337955902786 0.007948892319868062
2073 0.5583788105048265 0.1424539921489482 0.004869337955902786 0.007948892319868062
2078 0.5513475605048266 0.14265858062875028 0.004905705547083273 0.009511392319868061
1312 0.5158094507974307 0.1272752730277606 0.01907730832062491 0.014608069279472159
2046 0.6569118019554517 0.37881137780489865 0.004905705547083273 0.009511392319868061
2048 0.649898735751042 0.37979721628470076 0.004905705547083273 0.009511392319867973
2234 0.6420680519554518 0.37924328681781416 0.004869337955902786 0.007948892319867973
2050 0.6350368019554518 0.3794478752976162 0.004905705547083273 0.009511392319868061
2234 0.6280055519554517 0.37965246377741824 0.004905705547083273 0.009511392319867973
2234 0.6209743019554518 0.37985705225722033 0.004905705547083273 0.009511392319868061
2130 0.613179985751042 0.38086562279033376 0.004869337955902786 0.007948892319868062
2129 0.6061305519554517 0.38028896127013584 0.006431837955902786 0.00799435642649069
2234 0.5990993019554518 0.3804935497499379 0.004869337955902786 0.007948892319867973
2234 0.5912868019554518 0.3807208702830513 0.004869337955902786 0.007948892319867973
2234 0.5842555519554518 0.38092545876285333 0.004869337955902786 0.007948892319868062
2234 0.5764430519554518 0.38115277929596675 0.004869337955902786 0.007948892319868062
2051 0.5694118019554517 0.3813573677757688 0.004905705547083273 0.009511392319868061
2044 0.5623805519554518 0.3815619562555709 0.004905705547083273 0.009511392319867973
2053 0.5545680519554518 0.38178927678868424 0.004905705547083273 0.009511392319867973
2111 0.549317507502535 0.3913234011618637 0.009447735182360972 0.0033977846397361235
2187 0.549444794071667 0.39679215116186367 0.00944773518236115 0.0033977846397361235
2179 0.549572080640799 0.4022609011618636 0.01101023518236115 0.0034432487463586627
2190 0.549699367209931 0.4077296511618636 0.01257273518236115 0.0034887128529813793
2181 0.5498084699834725 0.4124171511618636 0.01257273518236115 0.0034887128529813793
2192 0.5499357565526045 0.4178859011618636 0.01101023518236115 0.0034432487463586627
2128 0.5500630431217365 0.4233546511618636 0.011010235182360972 0.0034432487463586627
2194 0.5494090796908685 0.42884613321517495 0.012572735182360972 0.0034887128529813793
2145 0.5503176162600003 0.4342921511618636 0.01101023518236115 0.0034432487463586627
2157 0.5496636528291323 0.43978363321517494 0.01257273518236115 0.0034887128529813793
2196 0.5505540056026741 0.44444840116186357 0.011010235182360972 0.0034432487463586627
2198 0.550681292171806 0.4499171511618636 0.01101023518236115 0.0034432487463586627
2170 0.5508085787409379 0.4553859011618636 0.01101023518236115 0.0034432487463586627
2182 0.5509358653100699 0.4608546511618636 0.01101023518236115 0.0034432487463586627
2201 0.5510631518792017 0.4663234011618636 0.011010235182360972 0.0034432487463586627
2185 0.5511904384483337 0.47179215116186357 0.012572735182360972 0.0034887128529813793
2203 0.5512995412218754 0.4764796511618636 0.01101023518236115 0.0034432487463586627
2205 0.5514450115865976 0.4827296511618636 0.01257273518236115 0.0034887128529813793
2039 0.664942507502535 0.38795905727178526 0.012572735182360972 0.003488712852981468
2234 0.665069794071667 0.3934278072717853 0.01101023518236115 0.003443248746358751
2037 0.665197080640799 0.39889655727178525 0.01257273518236115 0.003488712852981468
2225 0.6653243672099309 0.4043653072717852 0.01257273518236115 0.0034887128529813793
2234 0.6654516537790629 0.40983405727178523 0.012572735182360972 0.0034887128529813793
2223 0.6655789403481949 0.4153028072717852 0.011010235182360972 0.0034432487463586627
2234 0.6656880431217365 0.4199903072717852 0.011010235182360972 0.0034432487463586627
2035 0.6658153296908684 0.42545905727178523 0.011010235182360972 0.0034432487463586627
2234 0.6659426162600004 0.4309278072717852 0.00944773518236115 0.0033977846397359457
2234 0.6660699028291324 0.4363965572717852 0.00944773518236115 0.0033977846397359457
2216 0.6661971893982643 0.4418653072717852 0.00944773518236115 0.0033977846397359457
2214 0.6663244759673962 0.4473340572717852 0.011010235182360972 0.0034432487463586627
2038 0.6664335787409379 0.4520215572717852 0.01101023518236115 0.0034432487463586627
2034 0.6665608653100699 0.4574903072717852 0.01101023518236115 0.0034432487463586627
2212 0.6666881518792017 0.4629590572717852 0.011010235182360972 0.0034432487463586627
2234 0.6668154384483337 0.46842780727178523 0.011010235182360972 0.0034432487463586627
2209 0.6661614750174657 0.4739192893250966 0.01101023518236115 0.0034432487463586627
2207 0.6662887615865977 0.47938803932509655 0.01101023518236115 0.0034432487463586627
2162 0.6515177467689588 0.48294494833801205 0.004869337955902786 0.00794889231986815
2134 0.644504680564549 0.4839307868178141 0.004869337955902786 0.00794889231986815
2173 0.6374552467689588 0.48335412529761623 0.004869337955902786 0.007948892319867973
2135 0.6296427467689588 0.4835814458307296 0.004869337955902786 0.007948892319867973
2234 0.622629680564549 0.48456728431053175 0.004869337955902786 0.00794889231986815
2131 0.6155802467689588 0.4839906227903338 0.0048329703647223 0.0063863923198681505
2132 0.6077677467689588 0.4842179433234472 0.0048329703647223 0.0063863923198681505
2234 0.6007364967689588 0.48442253180324923 0.0048329703647223 0.0063863923198681505
2136 0.5929239967689588 0.48464985233636265 0.004869337955902786 0.00794889231986815
2234 0.5858927467689587 0.4848544408161647 0.0048329703647223 0.0063863923198681505
2133 0.5788614967689588 0.4850590292959668 0.004869337955902786 0.007948892319867973
2164 0.5718302467689588 0.4852636177757688 0.004869337955902786 0.00794889231986815
2054 0.5647989967689588 0.48546820625557086 0.004869337955902786 0.00794889231986815
1447 0.6089295500555907 0.4333684971635131 0.09237064437666671 0.07763691818411544
161 0.6018983000555906 0.4335730856433152 0.029506968464861137 0.060193353919208194
1724 0.6245019582999657 0.5314195522572204 0.004905705547083273 0.00951139231986815
2100 0.6239200768410769 0.5064195522572204 0.0048329703647223 0.0063863923198681505
1321 0.6119837745043755 0.5310020151102017 0.015879573138263936 0.011392141066226814
1493 0.6131644147969796 0.514550301003579 0.01925914627652787 0.022420569279472245
1725 0.5941962092498962 0.5057208702830513 0.006431837955902786 0.00799435642649069
1012 0.5961405689572921 0.5220816561764285 0.0065409407294446 0.01268185642649069
2052 0.5956320758911463 0.5338231382297399 0.004869337955902786 0.007948892319867973
1322 0.5825320106366672 0.5084056010827214 0.017442073138263937 0.01143760517284953
1494 0.5836951203440629 0.5247891190294101 0.020894381458888844 0.025591033386094787
1306 0.5849498022397921 0.57869536902941 0.01904094072944442 0.013045569279472247
1495 0.5929629772016672 0.6206782805496079 0.03317617591180557 0.01657974623907634
1495 0.5932902855222922 0.6347407805496079 0.03462957313826394 0.01193771034569906
1495 0.5935448586605562 0.645678280549608 0.03462957313826394 0.01193771034569906
1495 0.59379943179882 0.6566157805496079 0.03462957313826394 0.01193771034569906
1323 0.5933636739150353 0.6714822626029193 0.03168641109416655 0.019659282132453625
1324 0.5424928113578479 0.7362865601747791 0.017987587005972295 0.03487510517284953
1441 0.5186202066844452 0.7854514858807421 0.04142508700597212 0.03555706677218975
1430 0.4389327066844452 0.7877701553184988 0.04142508700597212 0.035557066772189574
1277 0.4095712085843061 0.7354635092377071 0.14120688145888885 0.029091769596041317
1300 0.352922471502084 0.7871456811827462 0.01904094072944442 0.013045569279472247
1324 0.23629736274461868 0.7475412750728246 0.1409159407294444 0.016591769596041316
1301 0.16434897435187562 0.7128911419241566 0.019113675911805572 0.016170569279472247
1245 0.4381182490500695 0.021561448271505076 0.188736498100139 0.04312289654301015
2052 0.4469126740119445 0.055792729612535875 0.004869337955902786 0.007948892319868062
1460 0.43670187262517357 0.05374449630558331 0.009702308320624908 0.014335284639736079
1462 0.4257643726251737 0.054062745051942085 0.009738675911805572 0.015897784639736078
785 0.4109206226251737 0.05449465406485754 0.006540940729444422 0.012681856426490733
1446 0.4304343420399654 0.08676158478538538 0.04146145459715278 0.03711956677218971
2061 0.4459872600679862 0.1167984257724699 0.004869337955902786 0.007948892319868062
741 0.43895601006798624 0.11700301425227196 0.006540940729444422 0.01268185642649069
774 0.4303622600679862 0.11725306683869671 0.006540940729444422 0.012681856426490733
752 0.4202060100679862 0.11754858353174413 0.006540940729444422 0.012681856426490733
763 0.41161226006798624 0.11779863611816888 0.006540940729444422 0.01268185642649069
1303 0.3684629785328474 0.17846936315691528 0.019077308320625087 0.014608069279472159
1465 0.4826904391139239 0.24941469748008224 0.0204579703647223 0.006841033386094875
1074 0.3717704696991321 0.21980741699698125 0.01101023518236115 0.00344324874635884
416 0.37195230765503495 0.22761991699698125 0.031468205547083364 0.010284282132453627
852 0.372933579406528 0.23619093494366994 0.0188954703647223 0.006795569279472158
1179 0.3647398729095141 0.25362848753009465 0.04742051386770836 0.02480142319868044
1177 0.3675025034184725 0.305145523423472 0.04742051386770836 0.02480142319868044
1063 0.3760774164125002 0.2704977387837359 0.01101023518236115 0.003443248746358751
1806 0.34715298261690997 0.2705575747562555 0.004869337955902786 0.007948892319868062
444 0.374696754368403 0.2783557028903586 0.031468205547083274 0.010284282132453627
740 0.3749331437110766 0.2885119528903586 0.01882273518236115 0.003670569279472158
1921 0.3499701645126391 0.3244183606496328 0.004905705547083273 0.009511392319868061
1305 0.3728270894745142 0.3659693631569153 0.015952308320624997 0.014517141066226813
1314 0.5000805737069448 0.3919742705204781 0.019077308320625087 0.014608069279472247
1294 0.37700805603951426 0.4784238990502926 0.020603440729444422 0.013091033386094787
1299 0.5284082082999657 0.5342155948145152 0.020603440729444422 0.013091033386094963
1845 0.5237577291015283 0.5695309691876946 0.016279616641249994 0.02857964106622681
1798 0.5347686174942714 0.6059542024946472 0.03539329255305575 0.04475021034569906
1846 0.5253942707046534 0.6398434691876946 0.016206881458888843 0.025454641066226812
440 0.4624383693941324 0.5548978193459793 0.02925239532659738 0.04925585391920819
1521 0.48916582997520885 0.6283891436400163 0.009665940729444423 0.012772784639736124
4448 0.4966516748649658 0.6477158051602142 0.01907730832062491 0.014608069279472247
1840 0.48337042486496584 0.648102250066507 0.004869337955902786 0.00794889231986815
411 0.4619493665443408 0.6346535155059132 0.029216027735416716 0.04769335391920819
1027 0.4582983428929867 0.6793211578257813 0.009738675911805572 0.015897784639736123
1020 0.4400386521635422 0.6673439950519421 0.009738675911805572 0.015897784639736123
1022 0.4244136521635422 0.6677986361181689 0.006540940729444422 0.01268185642649069
1026 0.4479771323119103 0.605352460412206 0.004869337955902786 0.00794889231986815
1025 0.43556805128986165 0.6096224232651875 0.006504573138263936 0.011119356426490867
1024 0.4214873674942714 0.6092503502247916 0.0065409407294446 0.01268185642649069
1023 0.4082061174942714 0.6096367951310844 0.0065409407294446 0.01268185642649069
1019 0.4123318794621186 0.6861310989711503 0.0204579703647223 0.006841033386094786
1018 0.38344381325770893 0.6877534349436699 0.02045797036472221 0.006841033386094963
438 0.38611421836795196 0.6681312567304246 0.0660977786853472 0.022221992478152687
1423 0.39785049895316027 0.6349550438774431 0.060175087005972294 0.03610263605166182
1717 0.430645468367952 0.6668355296916781 0.006468205547083272 0.009556856426490689
2032 0.4484856253780561 0.5936109783588946 0.006540940729444422 0.01268185642649069
2234 0.44250838231191025 0.6055115847853854 0.004905705547083273 0.00951139231986815
2030 0.4284458823119103 0.6059207617449894 0.0063954703647222996 0.0064318564264908675
2234 0.41438338231191024 0.6063299387045936 0.006431837955902786 0.00799435642649069
1467 0.4008105383720838 0.5605999015575751 0.07957970364722229 0.06477320533113406
1463 0.32977133975885464 0.5650122684089072 0.025727351823611144 0.03197742570596276
1839 0.3071332735544449 0.5664527479549359 0.016279616641249994 0.02857964106622681
1164 0.2938883911456255 0.5684016928612288 0.008103440729444421 0.012727320533113406
415 0.2735213397588546 0.5666489762473236 0.029216027735416716 0.04769335391920819
949 0.2532452073500352 0.5688025096334185 0.008103440729444421 0.012727320533113406
978 0.33782088231191026 0.608557679929105 0.006540940729444422 0.01268185642649069
963 0.2564981471295491 0.6077968134734844 0.006540940729444422 0.012681856426490867
1276 0.2750305947928478 0.6314927262473236 0.01904094072944442 0.013045569279472247
632 0.3020119753018061 0.6823050684880494 0.012718205547083361 0.00973871285298138
1370 0.39456707047590356 0.8969465785171792 0.49124586189159736 0.17512230126627665
2247 0.29004442496187505 0.038482175310251485 0.07071384992375007 0.07696435062050297
1244 0.19137053561920142 0.029894436988733987 0.08899107123840282 0.059788873977467974
1304 0.1099393508736806 0.05465274458972367 0.020603440729444467 0.013091033386094852
1275 0.24905836189159736 0.15379963526023904 0.020603440729444422 0.013091033386094875
1522 0.2900093637914584 0.09944710438142668 0.009629573138263936 0.01121028463973608
1834 0.29109973831649316 0.11270562232811532 0.006431837955902786 0.00799435642649069
1220 0.30634418502986127 0.1630776953685112 0.057195557370694504 0.04226170783841652
1232 0.30765341831236126 0.2193276953685112 0.058758057370694415 0.04230717194503919
414 0.20516289152687514 0.14882263024567416 0.032413762917777866 0.050909282132453625
4488 0.14271744291364596 0.15298494451058137 0.08866506933854175 0.11968802586424743
1008 0.10040265634451402 0.1487437253893938 0.009738675911805572 0.015897784639736078
436 0.07389470773128486 0.15186036520197935 0.029216027735416716 0.04769335391920828
1520 0.0759851910137849 0.208087633148668 0.006468205547083361 0.009556856426490689
629 0.14362728590354185 0.22566392656389272 0.012718205547083361 0.009738712852981469
1302 0.12834843123013912 0.27457879968343085 0.020676175911805574 0.016216033386094786
4447 0.0881221683123613 0.22571540234899787 0.019077308320624996 0.014608069279472247
1837 0.07485910210795158 0.2268830972552907 0.006431837955902786 0.00799435642649069
1843 0.06939035210795158 0.22704222162847007 0.004869337955902786 0.007948892319868062
431 0.21036345706569476 0.37226013024567417 0.022747822188333357 0.038136497492717504
2249 0.19982600056868088 0.3897658789920329 0.006359102773541636 0.00486935642649069
4487 0.1494077732701045 0.3732519804039587 0.08390483415618064 0.1164266335443795
1007 0.10474923670097254 0.36907895744270514 0.009738675911805572 0.015897784639736123
434 0.07980378808774337 0.37215013314866796 0.029288762917777822 0.05081835391920819
4445 0.09083351348645871 0.44297109850893185 0.019040940729444445 0.013045569279472247
1519 0.0794777861878823 0.4253205972552907 0.006540940729444467 0.01268185642649069
1835 0.07835169728204898 0.4441160613619134 0.006468205547083339 0.009556856426490868
1842 0.07288294728204898 0.4442751857350927 0.004869337955902786 0.007948892319867973
628 0.1480466014423615 0.4491241586172041 0.012718205547083361 0.00973871285298138
1295 0.13511149676895876 0.4979708355768082 0.017478440729444468 0.01300010517284953
1309 0.2536595153863198 0.38507236731355043 0.01904094072944442 0.013045569279472157
1284 0.29811737699357665 0.34703515822149267 0.03750261284152785 0.13537521034569897
1315 0.2998273069894449 0.45408914027480396 0.03517508700597229 0.03537521034569906
1496 0.29746471998347257 0.4197596043814267 0.03619207313826393 0.0119831744523216
1496 0.29773747691732677 0.4314783543814267 0.037790940729444424 0.013591138558944315
2249 0.20504474990309082 0.6139846289920329 0.006359102773541636 0.00486935642649069
412 0.2171265226045144 0.5956521661390515 0.022747822188333357 0.038136497492717504
4480 0.1523009564001047 0.5983201765638928 0.09011846656500007 0.11504598997087001
627 0.15322898318559086 0.6717804086172041 0.012718205547083361 0.00973871285298138
1010 0.108441853626563 0.5949056715493277 0.009702308320624997 0.014335284639735945
437 0.08347822121774355 0.5971955972552907 0.030778527735416717 0.04773881802583091
1518 0.08560507209142416 0.6549853652019794 0.006540940729444444 0.01268185642649069
4444 0.10004943179882 0.6709824382423752 0.020639808320624998 0.014653533386094963
1838 0.08600511559441029 0.6721728652019794 0.004869337955902786 0.007948892319867973
1833 0.08053636559441028 0.6723319895751587 0.004869337955902786 0.00794889231986815
1310 0.6956294630496185 0.396447507192643 0.020639808320624908 0.014653533386094875
4 0.8502383489738197 0.08627322215719549 0.0081034407294446 0.012727320533113406
13 0.8245298341561806 0.09014837991646973 0.040806837955902606 0.008994566772189705
202 0.6918245833936814 0.9383311303121811 0.012681837955902785 0.008176212852981379
197 0.6858109727363549 0.948669236738672 0.011119337955902786 0.008130748746359018
295 0.6899717958746189 0.9594930764721152 0.009556837955902786 0.0080852846397363
292 0.7057058986481606 0.9637259354058884 0.0079579703647223 0.0064773205331135845
282 0.7204405458746189 0.958606526392973 0.009556837955902786 0.0080852846397363
271 0.7240740389407646 0.9467741161264162 0.0110829703647223 0.006568248746359018
257 0.7191683333936814 0.9375355084462843 0.0095204703647223 0.006522784639736301
234 0.7042154806201397 0.9332799174591997 0.0095204703647223 0.006522784639736301
124 0.5139327066844451 0.7855878782006102 0.01907730832062491 0.014608069279472247
124 0.43426339048003537 0.7886877976383668 0.01755117591180557 0.01612510517284953
204 0.5261755207046533 0.6398207371343834 0.0063954703647222996 0.0064318564264908675
60 0.4619857341355214 0.6362160155059132 0.019113675911805572 0.016170569279472247
191 0.5403828378589935 0.6120450781214678 0.009956881458888844 0.025272784639736125
267 0.5318254554501742 0.6138576307078926 0.008321646276527872 0.022102320533113406
280 0.5237577291015283 0.5695309691876946 0.008030705547083272 0.009602320533113407
49 0.4008832735544449 0.5637249015575752 0.06965918977951394 0.04106292069139794
183 0.6049291150257294 0.2614934971635131 0.1840139369297223 0.12402383636823097
134 0.43194229065319456 0.08437237067876269 0.0315409407294446 0.013409282132453626
102 0.36472168911392383 0.25284723753009464 0.03161367591180557 0.016534282132453625
99 0.3674843196228822 0.30436427342347205 0.030014808320624996 0.01492631802583091
38 0.38536933595913253 0.6697164887837359 0.025290940729444423 0.013227425705962937
60 0.2727764573500352 0.568234208300635 0.015988675911805573 0.016079641066226814
256 0.3290264573500352 0.5665975004622184 0.009702308320624997 0.014335284639736124
246 0.3086775897588546 0.5656260338483132 0.006468205547083361 0.009556856426490689
60 0.20438164152687516 0.14884536229898548 0.015988675911805573 0.016079641066226814
23 0.20952765567892392 0.36993911229898546 0.015988675911805573 0.016079641066226814
23 0.2163452726045144 0.5956748981923627 0.014426175911805571 0.016034176959604095
28 0.08271515501333385 0.597999579308602 0.017623911094166677 0.01925010517284953
28 0.07827765567892393 0.3737580972552907 0.019150043502986124 0.017733069279472158
28 0.07313164152687512 0.1526643472552907 0.017587543502986146 0.01768760517284953
1345 0.3151282647207297 0.6076544094751339 0.03045121941479172 0.03367631802583091
631 0.5183818577106256 0.674445789720808 0.015843205547083274 0.009829641066226812
630 0.47935572530180615 0.677144892386375 0.015879573138263936 0.011392141066226814
707 0.7595756749618751 0.020114676234688315 0.023873911094166544 0.019431961599340214
707 0.11791485182361114 0.027840192003298913 0.022275043502986147 0.017823997492717535
707 0.11867791802802086 0.027036209949987577 0.022275043502986147 0.017823997492717535