2985 0.015625 0.1109375 0.01171875 0.00703125
3833 0.075 0.08984375 0.009375 0.0078125
3900 0.10859375 0.10546875 0.009375 0.0078125
3855 0.0734375 0.11875 0.009375 0.0078125
3911 0.10859375 0.13671875 0.009375 0.00859375
3866 0.075 0.13515625 0.009375 0.00703125
3878 0.075 0.1515625 0.009375 0.0078125
3889 0.07421875 0.18125 0.00859375 0.0078125
4190 0.14140625 0.18671875 0.00625 0.00703125
3072 0.27578125 0.0828125 0.01171875 0.0078125
2249 0.28359375 0.08828125 0.00703125 0.01015625
2954 0.3390625 0.07890625 0.01171875 0.00859375
2249 0.34765625 0.084375 0.00859375 0.0109375
2964 0.26875 0.12109375 0.0125 0.00859375
2843 0.25234375 0.1390625 0.00390625 0.00703125
2978 0.25078125 0.14609375 0.009375 0.0078125
2978 0.2421875 0.15234375 0.009375 0.0078125
3766 0.25234375 0.159375 0.00546875 0.0078125
3789 0.2640625 0.171875 0.009375 0.00703125
2249 0.2328125 0.159375 0.0078125 0.01171875
2957 0.2265625 0.171875 0.01171875 0.00703125
3778 0.265625 0.18828125 0.00859375 0.00859375
2984 0.26484375 0.20859375 0.01171875 0.0078125
3112 0.259375 0.2265625 0.01171875 0.00703125
2977 0.25859375 0.25234375 0.0125 0.0078125
3921 0.21875 0.24453125 0.009375 0.0078125
3877 0.240625 0.246875 0.00546875 0.0078125
3932 0.2203125 0.253125 0.009375 0.00859375
2981 0.32890625 0.11953125 0.00546875 0.0171875
2979 0.365625 0.08984375 0.00546875 0.015625
3043 0.4125 0.0921875 0.0125 0.0078125
2963 0.41328125 0.115625 0.01171875 0.00859375
2969 0.41484375 0.134375 0.01171875 0.00859375
2972 0.41484375 0.14921875 0.0125 0.0078125
2249 0.39453125 0.16484375 0.009375 0.01015625
2960 0.42265625 0.18046875 0.0125 0.00859375
2990 0.38828125 0.1859375 0.01171875 0.00859375
2996 0.38671875 0.209375 0.01171875 0.0078125
2973 0.41875 0.2421875 0.01171875 0.00859375
2988 0.3984375 0.253125 0.01171875 0.0078125
2965 0.4078125 0.284375 0.0125 0.0078125
2997 0.446875 0.25078125 0.01171875 0.00859375
3146 0.56953125 0.05625 0.0125 0.00859375
3143 0.584375 0.08359375 0.01171875 0.00703125
2249 0.60859375 0.08828125 0.0078125 0.01171875
2249 0.609375 0.1234375 0.00859375 0.0125
2249 0.5515625 0.09921875 0.0078125 0.01171875
2249 0.50390625 0.175 0.00859375 0.01015625
2249 0.58203125 0.20546875 0.00859375 0.01015625
2249 0.5828125 0.2359375 0.00859375 0.01171875
2249 0.503125 0.23671875 0.00859375 0.0125
2249 0.50234375 0.27265625 0.00859375 0.01171875
2249 0.67265625 0.2078125 0.0078125 0.0109375
2249 0.834375 0.046875 0.0078125 0.01171875
2249 0.83984375 0.10625 0.00859375 0.01328125
2249 0.853125 0.10234375 0.00859375 0.0109375
2249 0.83671875 0.20078125 0.0078125 0.0109375
2249 0.83984375 0.16953125 0.0078125 0.01015625
2249 0.8890625 0.1796875 0.00859375 0.01171875
2249 0.8890625 0.20625 0.00703125 0.0109375
2249 0.946875 0.1796875 0.00859375 0.0109375
2249 0.896875 0.240625 0.00859375 0.01171875
2249 0.884375 0.284375 0.00859375 0.01171875
2249 0.9265625 0.47734375 0.00859375 0.01015625
2249 0.8703125 0.478125 0.0078125 0.01171875
2249 0.8203125 0.5359375 0.0078125 0.01171875
2249 0.928125 0.596875 0.00859375 0.01171875
2249 0.9203125 0.70625 0.009375 0.0109375
2249 0.86953125 0.7703125 0.009375 0.0109375
2249 0.45546875 0.73125 0.009375 0.0109375
2249 0.50546875 0.66484375 0.0078125 0.01171875
2249 0.4828125 0.428125 0.0078125 0.01171875
2249 0.5828125 0.48515625 0.0078125 0.01171875
2249 0.5828125 0.51875 0.00859375 0.01171875
3161 0.54140625 0.09453125 0.0125 0.00859375
2863 0.62890625 0.09921875 0.0125 0.0078125
3100 0.6296875 0.10859375 0.01015625 0.0078125
3011 0.62890625 0.1171875 0.009375 0.00859375
3197 0.58359375 0.11875 0.009375 0.00703125
3165 0.4984375 0.1671875 0.01171875 0.00859375
3170 0.49765625 0.19140625 0.0109375 0.0078125
3005 0.5953125 0.16484375 0.0125 0.00859375
3177 0.55859375 0.18671875 0.01171875 0.00859375
3176 0.55859375 0.1953125 0.0109375 0.00859375
2944 0.56953125 0.2 0.009375 0.0078125
2945 0.6125 0.1828125 0.0125 0.0078125
3124 0.64609375 0.18984375 0.01171875 0.00625
2249 0.6671875 0.0546875 0.0078125 0.0109375
3061 0.6578125 0.05 0.01171875 0.0078125
3938 0.68125 0.06640625 0.01171875 0.00859375
3932 0.6671875 0.0828125 0.00859375 0.00703125
3918 0.6703125 0.08984375 0.0109375 0.00703125
3932 0.6671875 0.096875 0.00859375 0.00703125
3911 0.66640625 0.1046875 0.00859375 0.00703125
3915 0.6703125 0.11328125 0.01171875 0.00859375
3921 0.6671875 0.12109375 0.00859375 0.00703125
3921 0.6671875 0.128125 0.00859375 0.00703125
3911 0.6703125 0.13515625 0.009375 0.00703125
3900 0.66640625 0.14296875 0.009375 0.00703125
3921 0.66640625 0.15 0.009375 0.00703125
3908 0.66953125 0.15625 0.0125 0.00703125
3925 0.6671875 0.16484375 0.01171875 0.00703125
3900 0.6671875 0.171875 0.00859375 0.00703125
3921 0.671875 0.17890625 0.00859375 0.0078125
3904 0.6671875 0.18671875 0.01171875 0.00859375
3911 0.6734375 0.19765625 0.00859375 0.0078125
4144 0.6921875 0.05234375 0.00546875 0.01640625
4090 0.6984375 0.04921875 0.00546875 0.015625
4077 0.70390625 0.04921875 0.0046875 0.0125
3976 0.709375 0.0484375 0.00546875 0.01171875
4124 0.71484375 0.05234375 0.00546875 0.015625
4123 0.7203125 0.04765625 0.00546875 0.0125
3976 0.72578125 0.0484375 0.0046875 0.01328125
3977 0.73046875 0.0546875 0.0046875 0.0171875
4116 0.73671875 0.04765625 0.00546875 0.0125
4116 0.74140625 0.04765625 0.0046875 0.01171875
4145 0.74765625 0.05234375 0.00546875 0.01171875
3976 0.753125 0.04765625 0.0046875 0.01171875
4140 0.7578125 0.04921875 0.00546875 0.015625
3940 0.7703125 0.0671875 0.01171875 0.009375
3932 0.7578125 0.08203125 0.00859375 0.00703125
2793 0.7578125 0.0890625 0.00546875 0.00703125
3021 0.7578125 0.0984375 0.009375 0.0078125
2867 0.7578125 0.10625 0.00859375 0.00703125
3234 0.75859375 0.1140625 0.00859375 0.0078125
3201 0.7578125 0.121875 0.00859375 0.00703125
3079 0.7453125 0.13828125 0.00859375 0.0078125
3233 0.75546875 0.13984375 0.00859375 0.00625
2845 0.7578125 0.146875 0.00859375 0.0078125
3120 0.7578125 0.15390625 0.00859375 0.00625
2878 0.75859375 0.16015625 0.009375 0.0078125
2933 0.7265625 0.1109375 0.00546875 0.01171875
2793 0.69921875 0.08984375 0.00625 0.00859375
2867 0.696875 0.11171875 0.00859375 0.0078125
2900 0.69765625 0.11953125 0.009375 0.0078125
3235 0.69296875 0.128125 0.009375 0.00703125
3198 0.69296875 0.1359375 0.009375 0.00703125
3101 0.70703125 0.13984375 0.01171875 0.00703125
3135 0.69921875 0.1484375 0.009375 0.00703125
3187 0.6984375 0.15546875 0.009375 0.00703125
3220 0.7 0.1640625 0.00859375 0.00859375
3766 0.7 0.18203125 0.00546875 0.00703125
3209 0.82578125 0.04375 0.009375 0.00703125
3062 0.8265625 0.078125 0.01171875 0.00703125
4059 0.78515625 0.090625 0.01171875 0.00703125
3111 0.7953125 0.090625 0.00859375 0.0078125
3945 0.7828125 0.0984375 0.01171875 0.00703125
4061 0.784375 0.1046875 0.01171875 0.00703125
4063 0.784375 0.1125 0.0109375 0.00625
3947 0.784375 0.11953125 0.01171875 0.00703125
3949 0.78515625 0.12734375 0.01171875 0.00703125
4065 0.78515625 0.134375 0.01171875 0.0078125
4068 0.78359375 0.1421875 0.01171875 0.00703125
3951 0.78828125 0.14921875 0.01171875 0.0078125
4070 0.78515625 0.15703125 0.01171875 0.00703125
3953 0.7828125 0.1640625 0.01171875 0.0078125
4072 0.78515625 0.171875 0.01171875 0.0078125
3956 0.784375 0.1796875 0.01171875 0.00703125
4074 0.7828125 0.18671875 0.01171875 0.00703125
3958 0.78515625 0.19375 0.01171875 0.00703125
4076 0.78515625 0.20234375 0.0125 0.00703125
3011 0.79609375 0.16328125 0.009375 0.00859375
3002 0.8328125 0.10078125 0.01171875 0.00703125
2700 0.828125 0.13828125 0.003125 0.00703125
3006 0.8578125 0.1203125 0.01171875 0.00859375
3144 0.9 0.10703125 0.01171875 0.00859375
3035 0.834375 0.15078125 0.01171875 0.00859375
3108 0.8328125 0.16328125 0.01171875 0.0078125
3772 0.89609375 0.13671875 0.0125 0.0078125
3771 0.89609375 0.15234375 0.0125 0.00703125
3770 0.89609375 0.16796875 0.0125 0.0078125
3050 0.86328125 0.16328125 0.01171875 0.0078125
3154 0.89375 0.190625 0.009375 0.0078125
2999 0.89453125 0.215625 0.01171875 0.0078125
3774 0.9765625 0.13203125 0.01171875 0.00703125
3773 0.9765625 0.18515625 0.01171875 0.0078125
3164 0.9390625 0.17421875 0.01171875 0.0078125
3160 0.953125 0.23359375 0.0125 0.00859375
3767 0.01015625 0.29296875 0.009375 0.00859375
4001 0.02734375 0.29375 0.009375 0.00859375
3997 0.0125 0.32421875 0.009375 0.00859375
3038 0.05078125 0.38203125 0.0125 0.0078125
4426 0.20703125 0.2703125 0.01171875 0.01328125
3844 0.209375 0.2859375 0.009375 0.0078125
2735 0.18828125 0.3234375 0.0265625 0.01328125
4283 0.23125 0.325 0.04921875 0.0171875
2976 0.26640625 0.26796875 0.01171875 0.0078125
3210 0.26640625 0.3171875 0.00625 0.0078125
2249 0.271875 0.315625 0.0046875 0.0078125
2966 0.271875 0.3421875 0.0125 0.0078125
2986 0.290625 0.28671875 0.00546875 0.0171875
2975 0.28984375 0.3 0.0125 0.00703125
3221 0.29921875 0.3234375 0.00625 0.0078125
3078 0.3109375 0.28203125 0.0125 0.0078125
2987 0.334375 0.2828125 0.00546875 0.015625
3993 0.3453125 0.28359375 0.00546875 0.01171875
2961 0.34765625 0.29375 0.01171875 0.00703125
2249 0.3546875 0.29765625 0.00859375 0.0109375
4340 0.36953125 0.27109375 0.00390625 0.0078125
2974 0.36875 0.3 0.0125 0.0078125
2249 0.35390625 0.33125 0.009375 0.01171875
2962 0.36015625 0.34765625 0.0125 0.00859375
3083 0.4921875 0.2671875 0.0125 0.0078125
2887 0.47265625 0.328125 0.0125 0.0078125
3080 0.5203125 0.26640625 0.01171875 0.0078125
2900 0.528125 0.246875 0.009375 0.0078125
3069 0.5875 0.2515625 0.00859375 0.00859375
3007 0.584375 0.265625 0.01171875 0.0078125
3063 0.57421875 0.27265625 0.01171875 0.0078125
3059 0.584375 0.28125 0.01171875 0.0078125
3082 0.55546875 0.2890625 0.0125 0.00703125
3056 0.62265625 0.22421875 0.0125 0.0078125
3018 0.62421875 0.24140625 0.0125 0.00859375
3077 0.62578125 0.26015625 0.0125 0.00703125
3095 0.6734375 0.21875 0.01171875 0.00703125
3900 0.68125 0.20859375 0.00859375 0.0078125
4089 0.69140625 0.19765625 0.00546875 0.01328125
4083 0.696875 0.1984375 0.0046875 0.0125
4089 0.703125 0.19765625 0.00546875 0.0125
4077 0.7078125 0.19765625 0.00546875 0.01171875
4083 0.71328125 0.19765625 0.00546875 0.0125
4089 0.71796875 0.19765625 0.00546875 0.01328125
4077 0.72421875 0.1984375 0.00546875 0.01328125
3965 0.7296875 0.19765625 0.00546875 0.0125
3766 0.759375 0.18046875 0.00625 0.0078125
3889 0.74296875 0.1875 0.009375 0.0078125
4089 0.740625 0.1984375 0.00546875 0.0125
4046 0.75078125 0.1984375 0.00546875 0.00859375
4046 0.76171875 0.1984375 0.00546875 0.009375
3033 0.05546875 0.39609375 0.0125 0.00859375
3039 0.0515625 0.409375 0.0125 0.009375
4006 0.04296875 0.421875 0.009375 0.00859375
4010 0.0421875 0.4390625 0.009375 0.00859375
2249 0.021875 0.4828125 0.009375 0.01328125
2249 0.0234375 0.52265625 0.009375 0.01171875
3029 0.07890625 0.45859375 0.01328125 0.009375
3030 0.0796875 0.496875 0.0125 0.009375
2968 0.1984375 0.434375 0.01328125 0.009375
2989 0.1765625 0.46796875 0.009375 0.00859375
2998 0.1671875 0.48125 0.0125 0.00859375
3989 0.24765625 0.43828125 0.0125 0.00859375
3032 0.24765625 0.46875 0.01328125 0.00859375
3040 0.24375 0.4953125 0.0125 0.00859375
2949 0.1671875 0.5078125 0.01328125 0.00859375
2947 0.1890625 0.50703125 0.01328125 0.00859375
2948 0.21328125 0.5078125 0.01328125 0.00859375
2951 0.16875 0.53359375 0.0125 0.0078125
2970 0.2109375 0.52421875 0.0125 0.0078125
2950 0.2140625 0.53359375 0.0125 0.0078125
2993 0.190625 0.54765625 0.0125 0.0078125
3954 0.303125 0.384375 0.00546875 0.01328125
3965 0.30859375 0.38359375 0.00546875 0.01328125
2991 0.32265625 0.38359375 0.00546875 0.0171875
2992 0.328125 0.38359375 0.00546875 0.0171875
3986 0.33359375 0.3828125 0.00546875 0.01328125
3976 0.34296875 0.384375 0.00546875 0.0140625
3779 0.32890625 0.42890625 0.00546875 0.0171875
3777 0.340625 0.42734375 0.00546875 0.0171875
3775 0.3515625 0.42734375 0.00625 0.0171875
3776 0.36328125 0.42734375 0.00546875 0.01796875
4176 0.5015625 0.309375 0.00546875 0.0125
4178 0.5078125 0.31171875 0.00546875 0.0140625
4196 0.5125 0.3078125 0.00546875 0.01328125
4181 0.51796875 0.31328125 0.00546875 0.01328125
3997 0.52421875 0.30625 0.00546875 0.01171875
3997 0.52890625 0.30546875 0.00546875 0.01171875
4183 0.534375 0.31171875 0.00546875 0.01328125
4185 0.540625 0.30859375 0.00546875 0.0140625
3997 0.54609375 0.30625 0.00546875 0.01328125
4187 0.5515625 0.31171875 0.00546875 0.0125
3997 0.55625 0.30625 0.00546875 0.01328125
3997 0.5625 0.30546875 0.00546875 0.01328125
4189 0.56640625 0.31328125 0.0046875 0.01328125
4001 0.571875 0.30546875 0.0046875 0.0125
4190 0.57890625 0.30703125 0.00546875 0.0078125
4003 0.584375 0.31015625 0.00546875 0.01796875
4194 0.58984375 0.30703125 0.0046875 0.01328125
4001 0.5953125 0.30546875 0.00546875 0.0125
3145 0.59765625 0.2953125 0.009375 0.00703125
3991 0.61171875 0.30625 0.01171875 0.00703125
2934 0.6515625 0.26640625 0.01171875 0.00703125
3076 0.65 0.278125 0.01171875 0.0078125
3057 0.646875 0.28515625 0.00546875 0.00859375
4200 0.64453125 0.29921875 0.00859375 0.00703125
3178 0.64375 0.309375 0.009375 0.0078125
4190 0.6453125 0.32109375 0.00546875 0.0078125
3127 0.64453125 0.33046875 0.00859375 0.00703125
4012 0.6171875 0.32890625 0.01171875 0.0078125
4014 0.615625 0.3359375 0.0125 0.0078125
4007 0.6171875 0.34375 0.01171875 0.00703125
3065 0.63203125 0.34375 0.01171875 0.00703125
4010 0.61015625 0.35234375 0.00859375 0.0078125
4008 0.6171875 0.35859375 0.0125 0.00703125
2883 0.646875 0.35859375 0.00390625 0.0140625
2959 0.640625 0.3640625 0.01171875 0.00859375
4001 0.58984375 0.36640625 0.00859375 0.00703125
3954 0.58984375 0.37421875 0.009375 0.00703125
3954 0.590625 0.38203125 0.00859375 0.0078125
4006 0.58984375 0.3890625 0.009375 0.00703125
4010 0.58984375 0.39609375 0.00859375 0.00703125
4006 0.58984375 0.403125 0.009375 0.00703125
4006 0.58984375 0.4109375 0.009375 0.00703125
4018 0.58984375 0.41796875 0.009375 0.00625
4010 0.58984375 0.42421875 0.00859375 0.00625
4018 0.58984375 0.43125 0.009375 0.00703125
3097 0.64375 0.39453125 0.01171875 0.00703125
3073 0.6421875 0.4046875 0.0125 0.00859375
2944 0.64140625 0.41640625 0.009375 0.0078125
3240 0.64765625 0.38671875 0.0046875 0.0109375
3016 0.6265625 0.43046875 0.0125 0.0078125
4130 0.50703125 0.33828125 0.01171875 0.00703125
3967 0.50703125 0.34453125 0.01171875 0.00625
4133 0.50703125 0.3515625 0.01171875 0.00703125
4104 0.5078125 0.359375 0.0125 0.0078125
4105 0.50703125 0.3671875 0.0109375 0.0078125
3963 0.5078125 0.37421875 0.01171875 0.00703125
3964 0.50703125 0.38203125 0.01171875 0.00703125
4107 0.5078125 0.3890625 0.0125 0.00703125
4106 0.5078125 0.39765625 0.01171875 0.0078125
4005 0.5078125 0.4046875 0.01171875 0.00703125
3966 0.5078125 0.4125 0.0125 0.0078125
4132 0.5078125 0.4203125 0.01171875 0.0078125
4021 0.5078125 0.428125 0.01171875 0.0078125
2793 0.51484375 0.34375 0.0046875 0.00859375
2793 0.51484375 0.425 0.00546875 0.00703125
3021 0.52109375 0.34140625 0.00546875 0.01171875
2878 0.5265625 0.34140625 0.00546875 0.01171875
2856 0.53125 0.34140625 0.0046875 0.0140625
3210 0.53671875 0.34296875 0.00546875 0.00859375
2766 0.540625 0.33671875 0.00546875 0.00390625
2925 0.5515625 0.3421875 0.00625 0.0171875
3079 0.55078125 0.35859375 0.00546875 0.01328125
2933 0.55703125 0.34140625 0.0046875 0.01328125
2890 0.5625 0.34140625 0.0046875 0.01796875
2862 0.56796875 0.34296875 0.00546875 0.0171875
3766 0.58125 0.34375 0.00546875 0.00859375
2728 0.58671875 0.3375 0.0046875 0.0046875
3111 0.5296875 0.38671875 0.009375 0.00703125
3241 0.52734375 0.428125 0.00546875 0.01328125
2844 0.54375 0.43046875 0.00546875 0.00703125
2843 0.5359375 0.421875 0.00546875 0.00546875
3096 0.5515625 0.4171875 0.00546875 0.015625
2844 0.55078125 0.4296875 0.00546875 0.0078125
3089 0.55703125 0.428125 0.0046875 0.0125
3213 0.56171875 0.42734375 0.00546875 0.01328125
2845 0.5671875 0.42734375 0.00546875 0.01328125
3766 0.58203125 0.42421875 0.00546875 0.00859375
3222 0.4875 0.43984375 0.009375 0.00859375
2971 0.66796875 0.2328125 0.01171875 0.00859375
3094 0.6671875 0.24140625 0.01171875 0.0078125
3179 0.66796875 0.25546875 0.00546875 0.01796875
2734 0.659375 0.2703125 0.00625 0.00703125
2732 0.66796875 0.2703125 0.00546875 0.00859375
2724 0.67734375 0.2703125 0.00625 0.0078125
2722 0.6859375 0.2703125 0.00703125 0.00703125
2718 0.6953125 0.2703125 0.00625 0.00703125
2714 0.70390625 0.2703125 0.00625 0.00859375
2706 0.7125 0.2703125 0.00546875 0.0078125
2693 0.721875 0.2703125 0.00625 0.0078125
2690 0.73125 0.26953125 0.00703125 0.00859375
2682 0.73984375 0.26953125 0.00625 0.0078125
2671 0.74921875 0.2703125 0.00546875 0.00703125
2655 0.7578125 0.2703125 0.00546875 0.00859375
2784 0.76640625 0.26953125 0.003125 0.00859375
2769 0.775 0.2703125 0.00234375 0.00859375
2756 0.784375 0.26953125 0.00234375 0.00859375
2728 0.79296875 0.26953125 0.003125 0.0078125
2644 0.8015625 0.26953125 0.003125 0.00703125
3783 0.6796875 0.23359375 0.00546875 0.01640625
3778 0.68671875 0.23203125 0.00546875 0.0125
3128 0.69375 0.234375 0.00546875 0.0171875
3127 0.70078125 0.234375 0.00546875 0.0125
3146 0.70703125 0.23671875 0.0046875 0.0171875
3152 0.71484375 0.25234375 0.0046875 0.0171875
3075 0.7296875 0.23828125 0.0125 0.00703125
2899 0.73046875 0.2609375 0.01171875 0.0078125
2723 0.734375 0.225 0.00625 0.00859375
4085 0.74765625 0.22734375 0.00546875 0.015625
3092 0.74609375 0.26171875 0.0125 0.00703125
3765 0.75703125 0.22109375 0.00546875 0.00546875
2784 0.75703125 0.23203125 0.00546875 0.0046875
2844 0.76171875 0.228125 0.0046875 0.00859375
3178 0.7671875 0.2328125 0.00546875 0.01328125
4088 0.771875 0.21484375 0.00625 0.0171875
3237 0.78671875 0.221875 0.009375 0.0078125
3785 0.77265625 0.26640625 0.00546875 0.015625
3784 0.78046875 0.26640625 0.0046875 0.015625
3129 0.7890625 0.2640625 0.00546875 0.01640625
3052 0.80390625 0.2375 0.01171875 0.00859375
3114 0.80078125 0.253125 0.00546875 0.01640625
2791 0.803125 0.27734375 0.00390625 0.00703125
3088 0.8421875 0.24375 0.01171875 0.0078125
3149 0.88359375 0.2375 0.01171875 0.00703125
3046 0.87734375 0.24609375 0.01171875 0.00703125
3169 0.90390625 0.253125 0.01171875 0.00859375
3026 0.8421875 0.2625 0.01171875 0.00703125
3099 0.8390625 0.27109375 0.01171875 0.00625
3011 0.83984375 0.278125 0.00859375 0.00703125
2875 0.8796875 0.271875 0.01171875 0.00703125
3175 0.915625 0.26953125 0.01171875 0.00859375
3168 0.915625 0.28046875 0.009375 0.00859375
3084 0.9328125 0.2890625 0.0125 0.0078125
3178 0.88984375 0.2890625 0.00859375 0.0078125
3000 0.89921875 0.28671875 0.009375 0.00859375
3004 0.9890625 0.31796875 0.01171875 0.00859375
2843 0.8046875 0.2890625 0.00234375 0.00703125
3127 0.8109375 0.28515625 0.00859375 0.00703125
3145 0.8109375 0.2921875 0.00859375 0.00703125
3326 0.8046875 0.3 0.003125 0.00703125
3778 0.8109375 0.29921875 0.00859375 0.0078125
3438 0.8046875 0.31328125 0.003125 0.0078125
3488 0.80546875 0.325 0.003125 0.0078125
3778 0.8109375 0.3109375 0.00859375 0.0078125
3559 0.80546875 0.33515625 0.00234375 0.0078125
3180 0.83515625 0.32109375 0.01171875 0.00859375
3835 0.846875 0.325 0.00625 0.01640625
3766 0.8828125 0.3109375 0.00546875 0.0078125
3833 0.88828125 0.30625 0.00546875 0.0125
3855 0.89453125 0.30546875 0.00546875 0.0109375
3846 0.9 0.31015625 0.00546875 0.015625
3855 0.90546875 0.30625 0.00546875 0.0125
3855 0.91171875 0.3046875 0.00546875 0.01171875
3844 0.915625 0.3125 0.00546875 0.0125
3844 0.921875 0.30625 0.00546875 0.01171875
3866 0.92734375 0.30625 0.00546875 0.01171875
3844 0.9328125 0.30859375 0.00546875 0.01328125
3866 0.93828125 0.30546875 0.00546875 0.01171875
3872 0.94453125 0.30703125 0.00546875 0.0171875
2952 0.16875 0.59140625 0.0125 0.00859375
3041 0.18984375 0.590625 0.0125 0.0078125
2953 0.209375 0.58984375 0.01328125 0.00859375
3034 0.20234375 0.63359375 0.0125 0.0078125
2703 0.07421875 0.73125 0.01953125 0.00859375
2283 0.0796875 0.74296875 0.02890625 0.00859375
2301 0.075 0.75390625 0.0234375 0.00859375
2402 0.0765625 0.76484375 0.028125 0.0109375
4174 0.50078125 0.46328125 0.00625 0.01328125
4172 0.50703125 0.4640625 0.00546875 0.01328125
4174 0.5125 0.46328125 0.00625 0.01328125
4170 0.51875 0.46328125 0.00546875 0.01328125
4152 0.52421875 0.46328125 0.00546875 0.01328125
2249 0.48359375 0.4765625 0.0078125 0.0125
3185 0.475 0.4703125 0.009375 0.0078125
3048 0.48828125 0.5015625 0.01171875 0.00703125
3010 0.5109375 0.4953125 0.0125 0.009375
3042 0.459375 0.53359375 0.01171875 0.00859375
3100 0.49375 0.546875 0.01015625 0.00859375
3183 0.4953125 0.57109375 0.009375 0.00703125
4145 0.5296875 0.46171875 0.00546875 0.0125
3011 0.5328125 0.4703125 0.00859375 0.00703125
4167 0.53515625 0.4609375 0.0046875 0.0109375
4165 0.5390625 0.46171875 0.00546875 0.01328125
4128 0.54453125 0.46171875 0.00546875 0.01328125
4116 0.5515625 0.4625 0.00625 0.0125
4163 0.55703125 0.46171875 0.00546875 0.0125
4103 0.5625 0.459375 0.00625 0.0125
4161 0.56796875 0.46171875 0.00546875 0.01328125
4089 0.5734375 0.46171875 0.0046875 0.01328125
4159 0.57890625 0.4625 0.00546875 0.01328125
4148 0.584375 0.4640625 0.00546875 0.01796875
4156 0.58984375 0.4625 0.00546875 0.01328125
4083 0.59921875 0.44609375 0.00546875 0.0125
3109 0.5671875 0.478125 0.0125 0.009375
2911 0.5875 0.50703125 0.009375 0.00859375
3001 0.58828125 0.54140625 0.0125 0.00859375
3147 0.56484375 0.5765625 0.0125 0.009375
3151 0.62265625 0.45234375 0.0109375 0.00546875
3102 0.6390625 0.46875 0.01171875 0.00859375
3051 0.60390625 0.4796875 0.0125 0.0078125
3116 0.6078125 0.51875 0.0125 0.00859375
3067 0.6234375 0.534375 0.01171875 0.0078125
3049 0.61484375 0.5625 0.01171875 0.0078125
2851 0.6046875 0.57890625 0.01171875 0.0078125
3166 0.490625 0.6359375 0.0125 0.00859375
3171 0.51796875 0.64296875 0.0125 0.0078125
3172 0.5171875 0.653125 0.0125 0.00859375
3162 0.5125 0.67421875 0.0125 0.009375
3158 0.51171875 0.703125 0.0125 0.00859375
4188 0.5296875 0.67734375 0.00546875 0.0140625
3820 0.5421875 0.678125 0.00546875 0.01796875
3821 0.5546875 0.67734375 0.00546875 0.0171875
3823 0.56484375 0.67734375 0.00625 0.01796875
3824 0.5765625 0.67734375 0.00546875 0.01796875
3825 0.58671875 0.67734375 0.00625 0.01796875
3826 0.59921875 0.67734375 0.00625 0.01796875
3827 0.6109375 0.67734375 0.00703125 0.01796875
3828 0.62265625 0.67734375 0.00703125 0.01875
3819 0.63359375 0.67734375 0.00703125 0.01953125
3818 0.6453125 0.67734375 0.00625 0.01875
3817 0.65703125 0.6765625 0.00625 0.01796875
3816 0.6671875 0.67734375 0.00546875 0.01796875
3815 0.67890625 0.67734375 0.00546875 0.01875
3814 0.69140625 0.6765625 0.00625 0.01875
3813 0.703125 0.6765625 0.00546875 0.01796875
3812 0.71328125 0.6765625 0.00546875 0.01796875
3976 0.725 0.2984375 0.00703125 0.00703125
4125 0.728125 0.309375 0.00390625 0.0140625
2956 0.7265625 0.33671875 0.00390625 0.0109375
3066 0.69375 0.38125 0.009375 0.00703125
3103 0.72734375 0.4265625 0.00390625 0.0140625
3181 0.6515625 0.4828125 0.0125 0.0078125
3003 0.64375 0.5078125 0.01171875 0.0078125
3093 0.646875 0.52109375 0.00546875 0.0171875
4190 0.6640625 0.4953125 0.00546875 0.009375
3789 0.6703125 0.49453125 0.00546875 0.01328125
3130 0.68515625 0.51328125 0.00546875 0.01796875
3115 0.6921875 0.5078125 0.00625 0.0171875
2897 0.70625 0.51171875 0.00546875 0.01796875
3182 0.690625 0.528125 0.009375 0.00703125
2249 0.7 0.53359375 0.00859375 0.01171875
2989 0.71640625 0.5109375 0.00546875 0.01328125
2942 0.75390625 0.51328125 0.00546875 0.01640625
2249 0.7609375 0.53125 0.0078125 0.0109375
3224 0.7609375 0.56171875 0.009375 0.0078125
3021 0.76875 0.5328125 0.00625 0.01328125
3127 0.7734375 0.4953125 0.00546875 0.01328125
3789 0.78203125 0.49375 0.00625 0.01328125
3789 0.78984375 0.49296875 0.00546875 0.01328125
3058 0.79921875 0.4875 0.0046875 0.01328125
2249 0.7015625 0.5703125 0.00859375 0.01171875
3168 0.70234375 0.59765625 0.009375 0.00859375
2983 0.74609375 0.57578125 0.01171875 0.009375
4179 0.79609375 0.6921875 0.00625 0.00703125
4168 0.8140625 0.69296875 0.00625 0.00859375
4126 0.81484375 0.340625 0.01015625 0.00546875
3069 0.8234375 0.33671875 0.00859375 0.00703125
4047 0.83359375 0.33671875 0.01015625 0.00703125
4038 0.83125 0.34375 0.009375 0.0078125
4047 0.83203125 0.35078125 0.009375 0.00625
2680 0.7265625 0.32265625 0.0046875 0.00625
4127 0.81640625 0.3484375 0.009375 0.00546875
3983 0.81640625 0.353125 0.009375 0.00546875
3765 0.80546875 0.36015625 0.003125 0.00703125
4142 0.8125 0.36640625 0.01015625 0.00546875
4340 0.80546875 0.37734375 0.00390625 0.00703125
4402 0.80625 0.38671875 0.00390625 0.00703125
2808 0.80625 0.39921875 0.00546875 0.0078125
2810 0.80703125 0.41171875 0.00546875 0.00859375
2817 0.80703125 0.4234375 0.00546875 0.0078125
2819 0.80703125 0.4359375 0.00625 0.00859375
2821 0.80625 0.44765625 0.00625 0.00859375
2822 0.80703125 0.46015625 0.00625 0.00859375
2824 0.8078125 0.47109375 0.00625 0.00703125
3178 0.80546875 0.48046875 0.00546875 0.0125
3081 0.81171875 0.48828125 0.00546875 0.01796875
3225 0.81640625 0.5046875 0.009375 0.00703125
4037 0.83359375 0.35703125 0.0125 0.00703125
4038 0.8296875 0.36484375 0.009375 0.00703125
4053 0.83359375 0.371875 0.01171875 0.00703125
4032 0.83125 0.3796875 0.00859375 0.00703125
3965 0.83125 0.38671875 0.00859375 0.00703125
3014 0.81796875 0.3890625 0.0125 0.0078125
3090 0.81171875 0.40546875 0.00546875 0.0171875
3087 0.8265625 0.41640625 0.0125 0.00703125
3110 0.82578125 0.43359375 0.01171875 0.0078125
3150 0.82421875 0.45 0.0125 0.00703125
3155 0.81953125 0.46171875 0.01171875 0.00703125
4045 0.84453125 0.44453125 0.01171875 0.0078125
2995 0.83828125 0.45703125 0.01171875 0.0078125
4032 0.8484375 0.4546875 0.00546875 0.0125
3893 0.85625 0.4640625 0.00546875 0.0171875
4027 0.8640625 0.45546875 0.00546875 0.0125
3854 0.8546875 0.34375 0.00546875 0.01640625
3837 0.86015625 0.34375 0.00546875 0.015625
3839 0.86484375 0.34375 0.0046875 0.015625
3857 0.86953125 0.34375 0.0046875 0.015625
3859 0.875 0.34375 0.00546875 0.015625
3778 0.8640625 0.35703125 0.00546875 0.0109375
3211 0.8796875 0.3453125 0.0046875 0.0125
2922 0.884375 0.34296875 0.00546875 0.01171875
3120 0.89140625 0.34296875 0.00546875 0.01328125
2869 0.89765625 0.34375 0.00546875 0.015625
2906 0.909375 0.34375 0.00546875 0.015625
2879 0.915625 0.34453125 0.00546875 0.01640625
2923 0.92109375 0.34375 0.00546875 0.0171875
2793 0.93515625 0.3453125 0.00546875 0.01015625
4057 0.965625 0.3421875 0.0109375 0.0078125
3012 0.978125 0.34296875 0.0125 0.00703125
4136 0.9609375 0.3484375 0.01171875 0.0078125
3972 0.965625 0.35703125 0.01171875 0.00703125
4112 0.97109375 0.36640625 0.01171875 0.00703125
4113 0.96484375 0.371875 0.0109375 0.0078125
3970 0.96171875 0.3921875 0.0125 0.00859375
4138 0.9640625 0.40234375 0.01171875 0.00859375
3973 0.965625 0.4234375 0.0125 0.00859375
3013 0.99375 0.43671875 0.0109375 0.00859375
3091 0.99296875 0.44765625 0.01171875 0.00859375
4134 0.9546875 0.4375 0.01171875 0.00703125
3089 0.92109375 0.3828125 0.009375 0.0078125
4032 0.9390625 0.38046875 0.009375 0.00703125
3965 0.93984375 0.3875 0.009375 0.00703125
4111 0.940625 0.40859375 0.009375 0.0078125
4111 0.93984375 0.41640625 0.009375 0.00703125
2793 0.9359375 0.425 0.00546875 0.0078125
3011 0.92890625 0.4265625 0.0046875 0.01171875
3011 0.92421875 0.4265625 0.00625 0.0125
2845 0.9171875 0.42578125 0.00546875 0.01328125
3215 0.91171875 0.4265625 0.00546875 0.0125
3069 0.8984375 0.409375 0.00625 0.01171875
2900 0.8984375 0.425 0.0046875 0.01171875
3969 0.85859375 0.39375 0.0125 0.0078125
4034 0.85859375 0.4015625 0.01171875 0.00703125
3822 0.865625 0.4015625 0.0046875 0.0125
4051 0.85859375 0.40859375 0.0125 0.0078125
4038 0.85703125 0.41640625 0.00859375 0.00703125
4040 0.85859375 0.43046875 0.01171875 0.0078125
4049 0.85859375 0.42265625 0.0109375 0.00625
3891 0.87109375 0.46484375 0.00546875 0.015625
3888 0.87890625 0.4609375 0.00546875 0.01640625
4027 0.884375 0.4609375 0.00546875 0.01171875
3878 0.89609375 0.4546875 0.00546875 0.0109375
3877 0.90703125 0.45390625 0.00546875 0.00859375
2701 0.91171875 0.4625 0.00546875 0.00859375
4026 0.91796875 0.45859375 0.00546875 0.015625
4024 0.92265625 0.4640625 0.00546875 0.015625
3880 0.928125 0.4640625 0.00546875 0.015625
4022 0.93359375 0.46875 0.00546875 0.015625
3876 0.9390625 0.4640625 0.00546875 0.0171875
3874 0.94453125 0.46328125 0.00546875 0.0171875
3113 0.946875 0.475 0.01171875 0.00703125
2958 0.92890625 0.48671875 0.01171875 0.0078125
2249 0.9234375 0.49765625 0.00859375 0.01171875
2978 0.94453125 0.4921875 0.01015625 0.0078125
3053 0.9515625 0.52890625 0.0125 0.00703125
3027 0.9171875 0.53046875 0.01015625 0.00859375
3156 0.89765625 0.53671875 0.0125 0.0078125
3031 0.91953125 0.59140625 0.0125 0.00859375
3104 0.86484375 0.51015625 0.01171875 0.00859375
3058 0.86484375 0.51796875 0.009375 0.00703125
3008 0.8296875 0.53125 0.01171875 0.0078125
3060 0.86953125 0.5328125 0.0125 0.00859375
2967 0.85 0.54609375 0.00859375 0.00703125
3045 0.821875 0.56328125 0.0125 0.00703125
3148 0.815625 0.57265625 0.01171875 0.0078125
2912 0.81484375 0.5890625 0.0125 0.0078125
3064 0.86953125 0.575 0.0125 0.00859375
3009 0.86796875 0.58828125 0.01171875 0.0078125
3037 0.92734375 0.640625 0.0125 0.00859375
3167 0.87890625 0.65703125 0.01328125 0.00859375
3173 0.92421875 0.665625 0.0125 0.0078125
3174 0.9234375 0.675 0.01171875 0.0078125
3163 0.92890625 0.71484375 0.01171875 0.0078125
3159 0.9265625 0.7453125 0.0125 0.00859375
882 0.01484375 0.11796875 0.0078125 0.0046875
1876 0.0734375 0.096875 0.0078125 0.0046875
1899 0.07265625 0.11171875 0.00703125 0.0046875
1910 0.0734375 0.14140625 0.0078125 0.0046875
1922 0.0734375 0.1578125 0.0078125 0.0046875
1933 0.07265625 0.17421875 0.00859375 0.0046875
1944 0.1078125 0.1125 0.0078125 0.0046875
1954 0.10703125 0.128125 0.0078125 0.00546875
1793 0.08984375 0.1515625 0.02265625 0.12421875
1793 0.1296875 0.1921875 0.009375 0.01328125
1793 0.15234375 0.19296875 0.01015625 0.01484375
1793 0.18359375 0.19609375 0.0125 0.034375
2222 0.140625 0.19453125 0.0078125 0.00625
1793 0.15625 0.09140625 0.0125 0.01875
422 0.259375 0.10078125 0.05 0.03125
390 0.3234375 0.09765625 0.04921875 0.0296875
392 0.24296875 0.19375 0.02109375 0.0671875
153 0.2421875 0.18515625 0.0109375 0.02890625
153 0.2609375 0.0984375 0.01953125 0.015625
153 0.32578125 0.0953125 0.01953125 0.015625
861 0.2484375 0.1265625 0.02734375 0.01484375
878 0.32421875 0.11796875 0.00390625 0.0109375
1164 0.2640625 0.13984375 0.0078125 0.0046875
1164 0.2640625 0.14609375 0.00859375 0.00546875
1164 0.25546875 0.153125 0.00859375 0.0046875
2234 0.2625 0.16015625 0.0078125 0.0046875
1829 0.26328125 0.165625 0.0078125 0.0046875
1818 0.26484375 0.19453125 0.00859375 0.0046875
881 0.26484375 0.2015625 0.00859375 0.0046875
1002 0.25546875 0.23359375 0.0125 0.00703125
876 0.365625 0.1125 0.0046875 0.0171875
936 0.3921875 0.0953125 0.02734375 0.015625
860 0.39375 0.11796875 0.02734375 0.01484375
866 0.39375 0.1375 0.02734375 0.015625
869 0.39921875 0.15546875 0.0125 0.00859375
394 0.40546875 0.19921875 0.02109375 0.0671875
153 0.4046875 0.19296875 0.01171875 0.02734375
887 0.3859375 0.19296875 0.0078125 0.00546875
893 0.38515625 0.20390625 0.00859375 0.0046875
870 0.4 0.24140625 0.01328125 0.0078125
885 0.38515625 0.253125 0.00859375 0.00625
874 0.2546875 0.24375 0.01328125 0.00703125
1962 0.23125 0.2453125 0.00859375 0.0046875
1972 0.23125 0.253125 0.0078125 0.00546875
2234 0.24296875 0.253125 0.00703125 0.00390625
1455 0.32578125 0.1984375 0.10546875 0.1453125
181 0.3171875 0.2 0.05546875 0.09921875
450 0.5265625 0.11171875 0.0484375 0.03046875
454 0.52890625 0.1609375 0.05 0.02890625
441 0.5828125 0.1015625 0.05 0.02890625
467 0.584375 0.13671875 0.05 0.02890625
418 0.64296875 0.06796875 0.0484375 0.02890625
429 0.64609375 0.20625 0.04921875 0.0296875
153 0.5296875 0.109375 0.0203125 0.01796875
153 0.58671875 0.1 0.0203125 0.01796875
153 0.64609375 0.065625 0.0203125 0.01796875
58 0.52734375 0.159375 0.0171875 0.0171875
58 0.5859375 0.13515625 0.0171875 0.0171875
902 0.575 0.165625 0.02734375 0.015625
1029 0.57890625 0.06796875 0.02734375 0.015625
1793 0.5171875 0.1375 0.03125 0.01640625
1045 0.51875 0.18984375 0.02734375 0.01640625
1052 0.5453125 0.1875 0.0078125 0.0046875
1051 0.5453125 0.19609375 0.00859375 0.00546875
1793 0.51640625 0.21953125 0.0328125 0.01796875
389 0.5578125 0.21875 0.04921875 0.02890625
1793 0.57890625 0.19296875 0.0109375 0.0171875
842 0.6046875 0.1953125 0.02734375 0.01640625
759 0.64765625 0.09453125 0.02734375 0.01640625
1164 0.646875 0.10859375 0.0125 0.00703125
1164 0.64765625 0.1171875 0.01328125 0.00703125
1793 0.6359375 0.15390625 0.034375 0.0515625
1011 0.64453125 0.18359375 0.01328125 0.00703125
1978 0.6796875 0.07578125 0.0078125 0.00546875
2234 0.6796875 0.08359375 0.0078125 0.0046875
1960 0.6796875 0.090625 0.0078125 0.00546875
2234 0.6796875 0.0984375 0.00859375 0.0046875
2234 0.6796875 0.10546875 0.0078125 0.00546875
1956 0.6796875 0.11328125 0.0078125 0.00546875
2234 0.6796875 0.1203125 0.00859375 0.0046875
2234 0.6796875 0.128125 0.0078125 0.0046875
2234 0.68046875 0.13515625 0.0078125 0.0046875
2234 0.68046875 0.14296875 0.0078125 0.0046875
2234 0.68046875 0.15 0.0078125 0.00546875
1951 0.6796875 0.1578125 0.0078125 0.00546875
1965 0.68046875 0.165625 0.0078125 0.0046875
2234 0.68046875 0.17265625 0.00859375 0.0046875
2234 0.68046875 0.1796875 0.0078125 0.0046875
1948 0.68046875 0.1875 0.0078125 0.00546875
2234 0.68046875 0.1953125 0.0078125 0.0046875
2234 0.68046875 0.20234375 0.00859375 0.0046875
2176 0.69296875 0.0671875 0.00390625 0.0109375
2124 0.6984375 0.0671875 0.00390625 0.0109375
2234 0.70390625 0.0671875 0.00390625 0.0109375
2234 0.709375 0.0671875 0.00390625 0.01171875
2158 0.71484375 0.0671875 0.00390625 0.0125
2234 0.71953125 0.0671875 0.00390625 0.01171875
2234 0.72578125 0.0671875 0.003125 0.0125
2017 0.73125 0.06796875 0.00390625 0.01171875
2234 0.7359375 0.0671875 0.003125 0.01171875
2234 0.7421875 0.0671875 0.003125 0.01171875
2234 0.746875 0.0671875 0.003125 0.01171875
2234 0.753125 0.0671875 0.00390625 0.01171875
2172 0.7578125 0.06796875 0.00390625 0.0125
1980 0.7703125 0.07578125 0.00859375 0.0046875
2234 0.7703125 0.08359375 0.00859375 0.00546875
2093 0.7703125 0.090625 0.00859375 0.0046875
1985 0.76953125 0.09765625 0.0078125 0.00546875
2095 0.7703125 0.10546875 0.0078125 0.0046875
2097 0.7703125 0.1125 0.00859375 0.00546875
1987 0.7703125 0.1203125 0.0078125 0.00546875
1989 0.7703125 0.128125 0.00859375 0.00546875
2099 0.7703125 0.13515625 0.00859375 0.00546875
2102 0.7703125 0.1421875 0.0078125 0.0046875
1991 0.7703125 0.15 0.0078125 0.00625
2104 0.7703125 0.1578125 0.00859375 0.00546875
1993 0.7703125 0.16484375 0.0078125 0.00546875
2106 0.7703125 0.17265625 0.0078125 0.0046875
1996 0.7703125 0.1796875 0.0078125 0.00625
2108 0.7703125 0.18671875 0.0078125 0.0046875
1998 0.7703125 0.19453125 0.0078125 0.00546875
2110 0.77109375 0.20234375 0.00859375 0.0046875
2234 0.7515625 0.18828125 0.0078125 0.0046875
2234 0.69140625 0.21328125 0.00390625 0.0125
2234 0.69609375 0.2140625 0.003125 0.01171875
2234 0.7015625 0.21328125 0.00390625 0.01171875
2234 0.70703125 0.21328125 0.003125 0.0125
2234 0.7125 0.21328125 0.003125 0.0109375
2234 0.71796875 0.21328125 0.00390625 0.0125
2234 0.7234375 0.21328125 0.00390625 0.0125
2234 0.72890625 0.21328125 0.00390625 0.01171875
2234 0.734375 0.21328125 0.003125 0.0125
2234 0.73984375 0.21328125 0.003125 0.01171875
2119 0.7453125 0.21328125 0.003125 0.01171875
2234 0.75078125 0.21328125 0.003125 0.01171875
2234 0.75625 0.21328125 0.00390625 0.01171875
2234 0.76171875 0.21328125 0.003125 0.01171875
2122 0.7671875 0.21328125 0.00234375 0.01171875
993 0.71796875 0.13828125 0.01171875 0.00703125
830 0.7265625 0.12578125 0.0046875 0.0171875
1164 0.7171875 0.11171875 0.0078125 0.0046875
1164 0.71796875 0.1171875 0.0078125 0.0046875
1110 0.70390625 0.1296875 0.00859375 0.0046875
1073 0.7046875 0.1359375 0.00859375 0.0046875
1062 0.71796875 0.15390625 0.0078125 0.00546875
1095 0.71796875 0.16015625 0.00859375 0.00546875
1021 0.7265625 0.15078125 0.0046875 0.01796875
918 0.7359375 0.11171875 0.0078125 0.00546875
763 0.7359375 0.1171875 0.00859375 0.0046875
1109 0.73515625 0.1234375 0.00703125 0.0046875
1076 0.7359375 0.1296875 0.00859375 0.0046875
1164 0.73515625 0.13828125 0.0125 0.00703125
1164 0.753125 0.1296875 0.00703125 0.0046875
1108 0.75390625 0.13515625 0.0078125 0.0046875
741 0.7359375 0.14765625 0.00703125 0.0046875
1009 0.7359375 0.15390625 0.00703125 0.0046875
1164 0.7359375 0.16015625 0.00859375 0.0046875
474 0.81015625 0.06015625 0.0484375 0.02890625
57 0.81171875 0.0578125 0.01640625 0.0171875
57 0.81796875 0.115625 0.0171875 0.015625
57 0.878125 0.0890625 0.01640625 0.015625
1001 0.78828125 0.0828125 0.0125 0.00703125
956 0.8171875 0.08984375 0.02734375 0.015625
402 0.815625 0.11953125 0.04921875 0.0296875
1164 0.81328125 0.13671875 0.0125 0.00703125
928 0.81484375 0.15 0.02734375 0.015625
1164 0.81328125 0.1625 0.0125 0.00703125
442 0.87734375 0.08828125 0.04921875 0.0296875
903 0.8640625 0.13203125 0.02734375 0.015625
943 0.8640625 0.15234375 0.02734375 0.015625
1793 0.8453125 0.16171875 0.01171875 0.01484375
1793 0.88359375 0.1578125 0.009375 0.0421875
1793 0.9171875 0.15703125 0.01015625 0.04296875
1812 0.89453125 0.14296875 0.00859375 0.0046875
1811 0.89453125 0.15859375 0.00859375 0.00625
1810 0.8953125 0.175 0.00859375 0.0046875
1793 0.96484375 0.1203125 0.009375 0.0171875
1793 0.9875 0.1203125 0.0109375 0.015625
1793 0.96328125 0.17578125 0.01171875 0.015625
1793 0.98671875 0.1765625 0.01015625 0.01484375
1814 0.97578125 0.1265625 0.0078125 0.0046875
1813 0.97421875 0.17734375 0.0078125 0.00546875
453 0.92265625 0.19296875 0.04921875 0.02890625
449 0.921875 0.22578125 0.0484375 0.02890625
1044 0.9234375 0.2546875 0.02734375 0.015625
445 0.8640625 0.19296875 0.0484375 0.028125
399 0.86484375 0.22109375 0.04921875 0.02734375
432 0.815625 0.1828125 0.04921875 0.02890625
492 0.81484375 0.2171875 0.04921875 0.0296875
57 0.8171875 0.18046875 0.0171875 0.01640625
57 0.8171875 0.21484375 0.0171875 0.01640625
57 0.86640625 0.18984375 0.0171875 0.01640625
153 0.8703125 0.21875 0.0203125 0.01796875
57 0.925 0.19140625 0.0171875 0.01640625
153 0.9203125 0.22421875 0.0203125 0.01796875
1793 0.96484375 0.3 0.01328125 0.01796875
1050 0.92734375 0.2703125 0.009375 0.00546875
1164 0.92734375 0.2796875 0.00859375 0.00546875
977 0.925 0.296875 0.0125 0.00703125
897 0.90078125 0.296875 0.01328125 0.00703125
901 0.9796875 0.32890625 0.02734375 0.015625
1032 0.86953125 0.23828125 0.00859375 0.00546875
939 0.8578125 0.25234375 0.02734375 0.01484375
771 0.8578125 0.27265625 0.02734375 0.015625
456 0.86015625 0.29765625 0.0484375 0.02890625
57 0.86171875 0.29609375 0.0171875 0.01640625
980 0.84765625 0.23828125 0.0125 0.00703125
945 0.821875 0.2421875 0.0265625 0.015625
922 0.8234375 0.2609375 0.02734375 0.015625
991 0.821875 0.27109375 0.01328125 0.00625
908 0.821875 0.27890625 0.0125 0.00703125
1014 0.821875 0.2859375 0.0125 0.00625
1028 0.82265625 0.2921875 0.00859375 0.0046875
1818 0.82265625 0.29921875 0.01484375 0.009375
1818 0.8234375 0.3109375 0.01484375 0.009375
287 0.8234375 0.2984375 0.0046875 0.00625
287 0.8234375 0.3109375 0.00546875 0.00625
1055 0.8234375 0.32109375 0.0125 0.00703125
1164 0.8234375 0.33046875 0.01328125 0.00625
1004 0.79609375 0.24921875 0.0046875 0.01875
1016 0.7890625 0.2484375 0.0046875 0.0171875
1824 0.7828125 0.24921875 0.00625 0.0203125
1825 0.77421875 0.25 0.00703125 0.0203125
287 0.7828125 0.24921875 0.0046875 0.00703125
287 0.77421875 0.24921875 0.0046875 0.00703125
1053 0.7671875 0.24921875 0.0046875 0.01796875
1164 0.76171875 0.25 0.0046875 0.01796875
984 0.7546875 0.25078125 0.0046875 0.01796875
795 0.73828125 0.24921875 0.02734375 0.01640625
968 0.72890625 0.23203125 0.0140625 0.00625
1035 0.71796875 0.25390625 0.003125 0.0109375
1164 0.79296875 0.28671875 0.0078125 0.0046875
1164 0.79296875 0.29140625 0.0078125 0.00546875
1164 0.79765625 0.3046875 0.0078125 0.00546875
1164 0.79296875 0.31015625 0.00859375 0.0046875
1164 0.78046875 0.32890625 0.00859375 0.0046875
1164 0.7796875 0.2921875 0.00859375 0.0046875
1164 0.7625 0.3109375 0.009375 0.0046875
1164 0.7625 0.33515625 0.00859375 0.00625
1164 0.76640625 0.346875 0.00859375 0.0046875
1164 0.74375 0.2984375 0.00859375 0.00625
1164 0.73046875 0.2921875 0.0078125 0.00546875
1164 0.73515625 0.3234375 0.0078125 0.0046875
1164 0.74453125 0.32890625 0.00859375 0.00546875
1164 0.746875 0.3375 0.003125 0.0109375
1164 0.76640625 0.36015625 0.00859375 0.0046875
1164 0.76640625 0.365625 0.00859375 0.0046875
1164 0.7375 0.35078125 0.003125 0.0109375
1164 0.7421875 0.35078125 0.003125 0.0109375
1164 0.74921875 0.359375 0.0078125 0.0046875
1164 0.74921875 0.371875 0.00859375 0.0046875
853 0.7265625 0.3515625 0.0046875 0.01796875
1164 0.71953125 0.35078125 0.00390625 0.0109375
2234 0.80234375 0.34140625 0.00703125 0.0046875
2234 0.79296875 0.346875 0.00859375 0.0046875
2234 0.79375 0.365625 0.00859375 0.00546875
2174 0.80234375 0.365625 0.009375 0.00546875
2160 0.8078125 0.34609375 0.0078125 0.0046875
2023 0.8078125 0.3515625 0.0078125 0.0046875
1164 0.80234375 0.371875 0.0078125 0.0046875
1916 0.94375 0.325 0.00390625 0.01171875
2234 0.93828125 0.325 0.00390625 0.01171875
2234 0.9328125 0.325 0.003125 0.0125
2234 0.92734375 0.325 0.00390625 0.01328125
2234 0.921875 0.325 0.00390625 0.0125
2234 0.91640625 0.325 0.00390625 0.01171875
2234 0.91171875 0.325 0.003125 0.01328125
2234 0.90546875 0.325 0.003125 0.01171875
1890 0.90078125 0.325 0.003125 0.0125
2234 0.8953125 0.325 0.003125 0.0125
2234 0.88984375 0.32578125 0.003125 0.01171875
2234 0.884375 0.32578125 0.00390625 0.01328125
1878 0.8515625 0.325 0.003125 0.01171875
1898 0.85703125 0.32578125 0.003125 0.0125
1880 0.8625 0.32578125 0.003125 0.01328125
1883 0.86796875 0.325 0.00390625 0.01171875
1901 0.8734375 0.325 0.00390625 0.0125
1903 0.87890625 0.325 0.003125 0.0125
909 0.97578125 0.35078125 0.0125 0.00703125
1793 0.98046875 0.3984375 0.034375 0.0453125
2091 0.9515625 0.3421875 0.0078125 0.0046875
2169 0.9515625 0.35 0.0078125 0.00546875
2012 0.9515625 0.35703125 0.00703125 0.0046875
2146 0.9515625 0.3640625 0.0078125 0.0046875
2147 0.9515625 0.371875 0.0078125 0.0046875
2234 0.95234375 0.37890625 0.0078125 0.0046875
2234 0.9515625 0.38671875 0.0078125 0.00390625
2010 0.95234375 0.39375 0.0078125 0.0046875
2171 0.95234375 0.4015625 0.0078125 0.0046875
2234 0.95234375 0.40859375 0.0078125 0.0046875
2234 0.95234375 0.41640625 0.0078125 0.0046875
2013 0.9515625 0.42421875 0.0078125 0.0046875
2167 0.9515625 0.43125 0.00859375 0.0046875
2234 0.84375 0.33515625 0.0078125 0.00390625
2234 0.84375 0.3421875 0.0078125 0.0046875
2234 0.84375 0.35 0.00859375 0.0046875
2071 0.84375 0.3578125 0.00859375 0.0046875
2234 0.84453125 0.36484375 0.0078125 0.0046875
2087 0.84453125 0.371875 0.00859375 0.0046875
2234 0.84375 0.3796875 0.0078125 0.0046875
2234 0.84453125 0.3875 0.0078125 0.00390625
2009 0.84453125 0.39453125 0.0078125 0.0046875
2068 0.84453125 0.40234375 0.0078125 0.0046875
2085 0.84453125 0.409375 0.0078125 0.0046875
2234 0.84453125 0.4171875 0.0078125 0.0046875
2083 0.84453125 0.42421875 0.00859375 0.0046875
2074 0.84453125 0.43203125 0.0078125 0.0046875
2079 0.84453125 0.4390625 0.0078125 0.0046875
2234 0.85234375 0.4453125 0.003125 0.0109375
1937 0.8578125 0.4453125 0.003125 0.0109375
2234 0.8625 0.4453125 0.003125 0.0109375
1935 0.86875 0.4453125 0.003125 0.01171875
2234 0.8734375 0.4453125 0.0046875 0.01171875
1918 0.94453125 0.4453125 0.003125 0.01171875
1920 0.9390625 0.44453125 0.003125 0.0109375
2056 0.93359375 0.44453125 0.00390625 0.01171875
1924 0.928125 0.4453125 0.00390625 0.01171875
2058 0.92265625 0.4453125 0.00390625 0.01171875
2060 0.9171875 0.4453125 0.003125 0.01171875
2234 0.91171875 0.4453125 0.003125 0.01171875
2234 0.90625 0.4453125 0.003125 0.0109375
2234 0.90078125 0.4453125 0.003125 0.0109375
2234 0.8953125 0.4453125 0.003125 0.0125
2234 0.8984375 0.4625 0.01328125 0.0046875
2234 0.88984375 0.4453125 0.00390625 0.01171875
2234 0.884375 0.4453125 0.00390625 0.0109375
2234 0.87890625 0.4453125 0.003125 0.0125
3766 0.86875 0.425 0.00546875 0.00859375
4027 0.87421875 0.4265625 0.00546875 0.01171875
2856 0.8828125 0.4265625 0.00546875 0.0125
2889 0.88828125 0.42734375 0.0046875 0.0125
2933 0.89296875 0.4265625 0.0046875 0.01328125
1793 0.8640625 0.4703125 0.01015625 0.0140625
892 0.83828125 0.46875 0.02734375 0.01484375
765 0.9015625 0.35234375 0.003125 0.01015625
802 0.90625 0.35234375 0.003125 0.0109375
775 0.91484375 0.3703125 0.003125 0.0109375
819 0.91953125 0.37109375 0.003125 0.01171875
1164 0.909375 0.38203125 0.0125 0.00703125
1164 0.89921875 0.3703125 0.00546875 0.01796875
1164 0.89140625 0.38203125 0.0125 0.00625
1164 0.89921875 0.3953125 0.00546875 0.0171875
1090 0.90625 0.3953125 0.003125 0.0109375
1164 0.9109375 0.3953125 0.003125 0.01171875
1164 0.915625 0.3953125 0.003125 0.01171875
1164 0.91953125 0.3953125 0.003125 0.0109375
1086 0.88359375 0.37109375 0.003125 0.0109375
1164 0.88828125 0.3703125 0.003125 0.0109375
752 0.884375 0.39453125 0.003125 0.0109375
785 0.88828125 0.3953125 0.003125 0.0109375
830 0.89296875 0.3953125 0.003125 0.01171875
2234 0.86484375 0.4140625 0.00234375 0.0109375
1164 0.9015625 0.41953125 0.003125 0.01171875
1164 0.90625 0.4203125 0.003125 0.0125
910 0.97578125 0.43671875 0.0125 0.00703125
983 0.97578125 0.44765625 0.01328125 0.00703125
911 0.82421875 0.39453125 0.01328125 0.00546875
982 0.82421875 0.40234375 0.0125 0.00703125
979 0.82421875 0.41015625 0.0125 0.00703125
1000 0.82421875 0.4265625 0.0125 0.00703125
1033 0.82265625 0.44453125 0.00859375 0.00390625
2234 0.7015625 0.28984375 0.003125 0.0109375
2234 0.70625 0.29609375 0.003125 0.0109375
2234 0.7171875 0.2921875 0.0078125 0.0046875
2234 0.7171875 0.2984375 0.00703125 0.0046875
2234 0.7171875 0.3046875 0.0078125 0.0046875
2159 0.72421875 0.3078125 0.003125 0.01171875
2234 0.67265625 0.33515625 0.0078125 0.0046875
2234 0.6640625 0.34140625 0.0078125 0.0046875
2234 0.67265625 0.34140625 0.00703125 0.0046875
2234 0.66328125 0.34765625 0.0078125 0.0046875
2234 0.659375 0.371875 0.00859375 0.0046875
2234 0.66015625 0.378125 0.00859375 0.0046875
1164 0.6546875 0.28671875 0.0078125 0.00546875
1164 0.6640625 0.28671875 0.0078125 0.00625
1164 0.6640625 0.2921875 0.0078125 0.0046875
1164 0.67265625 0.2859375 0.0078125 0.00546875
1164 0.67265625 0.2921875 0.0078125 0.00546875
1164 0.69453125 0.3046875 0.0078125 0.00546875
1164 0.6546875 0.3046875 0.00859375 0.0046875
1164 0.659375 0.31328125 0.00703125 0.0046875
1164 0.67265625 0.3296875 0.0078125 0.0046875
1164 0.69921875 0.33515625 0.0078125 0.00546875
1164 0.7109375 0.3265625 0.003125 0.01171875
1164 0.71484375 0.3328125 0.00234375 0.0125
1164 0.70625 0.33828125 0.003125 0.01171875
1164 0.7109375 0.35078125 0.003125 0.0109375
1164 0.70390625 0.35390625 0.0078125 0.00546875
1164 0.6859375 0.34765625 0.0078125 0.00625
1164 0.6859375 0.36015625 0.00859375 0.0046875
1164 0.6859375 0.365625 0.0078125 0.0046875
1164 0.70390625 0.36640625 0.009375 0.00625
1164 0.67265625 0.36015625 0.00859375 0.00546875
2234 0.75078125 0.3375 0.00234375 0.0109375
768 0.646875 0.3703125 0.003125 0.0109375
960 0.7046875 0.38125 0.0125 0.00703125
1029 0.70703125 0.2546875 0.00390625 0.01171875
1164 0.70078125 0.2546875 0.0046875 0.01796875
1015 0.69453125 0.25390625 0.0046875 0.01796875
2234 0.6875 0.25625 0.00703125 0.02109375
2234 0.6796875 0.25625 0.00703125 0.02109375
287 0.6796875 0.25625 0.00390625 0.00703125
287 0.6875 0.25546875 0.0046875 0.00703125
1054 0.67265625 0.25625 0.00390625 0.01796875
58 0.646875 0.203125 0.01640625 0.01484375
868 0.6453125 0.228125 0.0265625 0.0140625
986 0.64453125 0.2421875 0.0140625 0.0078125
831 0.64609375 0.2546875 0.02734375 0.015625
970 0.63203125 0.2671875 0.01328125 0.00546875
969 0.6328125 0.2765625 0.0140625 0.00625
1164 0.6328125 0.28671875 0.01328125 0.00625
2232 0.6328125 0.2984375 0.0140625 0.009375
2234 0.63515625 0.3203125 0.01484375 0.009375
1164 0.63359375 0.309375 0.0125 0.00625
1164 0.63359375 0.3296875 0.0125 0.00703125
287 0.6328125 0.2984375 0.00546875 0.00703125
287 0.63515625 0.32109375 0.0046875 0.00703125
950 0.60390625 0.215625 0.02734375 0.015625
915 0.60390625 0.23671875 0.02734375 0.015625
963 0.60234375 0.2515625 0.0125 0.00859375
904 0.60390625 0.26484375 0.0265625 0.015625
953 0.60390625 0.28359375 0.02734375 0.015625
1028 0.60859375 0.29453125 0.0078125 0.0046875
2029 0.6109375 0.30078125 0.0078125 0.0046875
1793 0.58203125 0.29296875 0.0109375 0.01484375
975 0.55390625 0.2953125 0.0125 0.00703125
957 0.5546875 0.2765625 0.02734375 0.015625
375 0.55703125 0.24921875 0.05 0.028125
153 0.5609375 0.2171875 0.0203125 0.01640625
153 0.5609375 0.24765625 0.0203125 0.01640625
973 0.51953125 0.2734375 0.01328125 0.00859375
398 0.478125 0.24921875 0.04921875 0.02890625
424 0.47734375 0.28671875 0.04921875 0.03046875
153 0.48125 0.2484375 0.01953125 0.015625
58 0.47890625 0.2859375 0.0171875 0.01640625
862 0.39609375 0.27265625 0.02734375 0.01640625
1793 0.003125 0.30078125 0.00546875 0.04296875
1793 0.03515625 0.30078125 0.009375 0.0453125
1793 0.0640625 0.34375 0.0125 0.0171875
1793 0.15390625 0.34296875 0.0125 0.01875
1807 0.01015625 0.28515625 0.00859375 0.00625
2036 0.0265625 0.28515625 0.0078125 0.0046875
2033 0.0109375 0.3171875 0.0078125 0.0046875
931 0.0328125 0.3828125 0.01328125 0.00703125
926 0.034375 0.3953125 0.02734375 0.01640625
932 0.03359375 0.409375 0.01328125 0.00703125
2041 0.03359375 0.42265625 0.0078125 0.00546875
2045 0.03359375 0.43828125 0.0078125 0.0046875
1793 0.0078125 0.53984375 0.0140625 0.25234375
1793 0.14609375 0.53828125 0.0140625 0.25
1793 0.24375 0.5953125 0.02421875 0.14296875
407 0.046875 0.46796875 0.05 0.02890625
408 0.0484375 0.50859375 0.04921875 0.0296875
153 0.0421875 0.46640625 0.0203125 0.01796875
153 0.04296875 0.50625 0.0203125 0.01796875
865 0.1875 0.44765625 0.028125 0.01640625
1793 0.27578125 0.84765625 0.01328125 0.01875
1793 0.23671875 0.7734375 0.01328125 0.14375
1793 0.1921875 0.65703125 0.0125 0.01953125
1793 0.23828125 0.46015625 0.03515625 0.0171875
886 0.18125 0.4609375 0.009375 0.00625
895 0.1640625 0.48828125 0.009375 0.00546875
846 0.1671875 0.515625 0.00859375 0.00703125
844 0.1890625 0.515625 0.00859375 0.00546875
845 0.21015625 0.515625 0.009375 0.00625
847 0.21015625 0.540625 0.00859375 0.00625
848 0.1671875 0.540625 0.00859375 0.00625
867 0.18984375 0.52890625 0.0265625 0.015625
890 0.18984375 0.540625 0.0078125 0.00546875
925 0.2375 0.48125 0.028125 0.015625
2027 0.2484375 0.44765625 0.0078125 0.00625
933 0.23671875 0.5015625 0.01328125 0.0078125
849 0.1671875 0.5984375 0.00859375 0.00546875
934 0.18984375 0.5984375 0.01328125 0.00703125
850 0.209375 0.5984375 0.00859375 0.00625
927 0.19140625 0.61953125 0.02734375 0.015625
1793 0.34453125 0.84140625 0.01640625 0.05703125
1793 0.3546875 0.73203125 0.0125 0.01875
1793 0.37890625 0.690625 0.03359375 0.0328125
1793 0.375 0.46640625 0.0328125 0.03125
1793 0.39921875 0.41171875 0.0125 0.01796875
1793 0.328125 0.4046875 0.0671875 0.02890625
1180 0.234375 0.28203125 0.0359375 0.04609375
1888 0.2109375 0.29375 0.0078125 0.00546875
162 0.234375 0.278125 0.0171875 0.01484375
873 0.26640625 0.27421875 0.01328125 0.0078125
475 0.2671875 0.296875 0.0109375 0.03203125
883 0.2859375 0.2828125 0.003125 0.0109375
872 0.28984375 0.30703125 0.0125 0.00703125
1096 0.29140625 0.31640625 0.01328125 0.0078125
863 0.27890625 0.33046875 0.02734375 0.01640625
971 0.30859375 0.28828125 0.0125 0.00703125
884 0.32890625 0.28203125 0.003125 0.0109375
2031 0.340625 0.28046875 0.003125 0.0109375
871 0.3671875 0.2890625 0.0125 0.0078125
395 0.3296875 0.31171875 0.04921875 0.02890625
396 0.32890625 0.3453125 0.04921875 0.028125
153 0.3328125 0.31015625 0.01953125 0.01640625
58 0.3296875 0.34375 0.01640625 0.01640625
1994 0.303125 0.3671875 0.003125 0.0109375
2005 0.30859375 0.36640625 0.003125 0.01171875
888 0.321875 0.36640625 0.003125 0.01171875
889 0.32578125 0.36640625 0.003125 0.0109375
2025 0.33203125 0.36640625 0.003125 0.0109375
2016 0.3421875 0.3671875 0.003125 0.0109375
1819 0.32265625 0.42890625 0.003125 0.01171875
1817 0.334375 0.428125 0.003125 0.01171875
1815 0.3453125 0.428125 0.003125 0.01171875
1816 0.35703125 0.428125 0.00390625 0.0125
1793 0.57421875 0.8390625 0.01796875 0.05625
1793 0.496875 0.871875 0.01328125 0.0203125
1793 0.60859375 0.746875 0.0140625 0.01875
1793 0.615625 0.70078125 0.19453125 0.03359375
1793 0.509375 0.62421875 0.0125 0.0171875
1793 0.459375 0.3984375 0.0359375 0.04765625
783 0.4640625 0.340625 0.02734375 0.015625
2208 0.5015625 0.325 0.003125 0.01015625
2210 0.50703125 0.325 0.003125 0.01015625
2228 0.5125 0.325 0.003125 0.0109375
2213 0.51796875 0.325 0.003125 0.0109375
2234 0.5234375 0.325 0.003125 0.01015625
2234 0.52890625 0.325 0.00390625 0.0109375
2215 0.534375 0.325 0.00234375 0.0109375
2217 0.53984375 0.325 0.003125 0.0109375
2234 0.5453125 0.32421875 0.003125 0.0109375
2219 0.55078125 0.32421875 0.003125 0.0109375
2234 0.55625 0.32421875 0.003125 0.0109375
2234 0.56171875 0.32421875 0.003125 0.01015625
2221 0.5671875 0.325 0.003125 0.0109375
2234 0.57265625 0.32421875 0.003125 0.0109375
2234 0.578125 0.32421875 0.003125 0.0109375
2038 0.58359375 0.32421875 0.00390625 0.0109375
2234 0.5890625 0.32421875 0.003125 0.0109375
2234 0.59453125 0.32421875 0.00390625 0.0109375
2047 0.603125 0.3296875 0.0078125 0.00546875
2049 0.603125 0.3375 0.0078125 0.0046875
2042 0.60234375 0.34453125 0.00703125 0.0046875
2234 0.60234375 0.35234375 0.00625 0.0046875
2043 0.603125 0.359375 0.00703125 0.0046875
2234 0.603125 0.3671875 0.0078125 0.0046875
2234 0.603125 0.37421875 0.0078125 0.0046875
2234 0.603125 0.38203125 0.0078125 0.0046875
2234 0.603125 0.3890625 0.0078125 0.00546875
2234 0.603125 0.396875 0.0078125 0.0046875
2234 0.603125 0.40390625 0.00859375 0.0046875
2234 0.603125 0.41171875 0.00859375 0.0046875
2234 0.603125 0.41953125 0.00859375 0.0046875
2234 0.603125 0.4265625 0.0078125 0.0046875
2234 0.603125 0.434375 0.00859375 0.0046875
1793 0.44765625 0.46953125 0.01171875 0.015625
484 0.45859375 0.4421875 0.04921875 0.02890625
459 0.45859375 0.490625 0.04921875 0.02890625
59 0.459375 0.4421875 0.01640625 0.01640625
59 0.459375 0.4890625 0.01640625 0.01640625
2163 0.49453125 0.33828125 0.00859375 0.0046875
2007 0.49453125 0.3453125 0.00859375 0.0046875
2166 0.49375 0.35234375 0.00859375 0.0046875
2138 0.49375 0.36015625 0.0078125 0.0046875
2139 0.49453125 0.36796875 0.0078125 0.0046875
2003 0.49375 0.375 0.00859375 0.0046875
2004 0.49375 0.3828125 0.0078125 0.0046875
2141 0.49375 0.38984375 0.0078125 0.0046875
2140 0.49375 0.39765625 0.00859375 0.0046875
2040 0.49453125 0.4046875 0.00859375 0.0046875
2006 0.49453125 0.4125 0.0078125 0.00390625
2165 0.49453125 0.4203125 0.0078125 0.0046875
2055 0.49453125 0.42734375 0.00859375 0.0046875
2206 0.50234375 0.44609375 0.00390625 0.01171875
2204 0.50703125 0.44609375 0.003125 0.0109375
2186 0.51328125 0.44609375 0.003125 0.0109375
2202 0.51875 0.44609375 0.003125 0.0109375
2183 0.52421875 0.44609375 0.003125 0.0109375
2177 0.5296875 0.44609375 0.003125 0.0109375
2199 0.53515625 0.44609375 0.003125 0.0109375
2197 0.540625 0.44609375 0.003125 0.0125
2161 0.54609375 0.44609375 0.003125 0.0109375
2150 0.5515625 0.4453125 0.00390625 0.01171875
2195 0.55703125 0.4453125 0.003125 0.01171875
2137 0.5625 0.4453125 0.003125 0.0109375
2198 0.5671875 0.4453125 0.003125 0.0109375
2123 0.5734375 0.4453125 0.003125 0.0109375
2191 0.57890625 0.4453125 0.003125 0.0109375
2180 0.584375 0.4453125 0.003125 0.01171875
2188 0.58984375 0.4453125 0.003125 0.01171875
2117 0.5953125 0.4453125 0.003125 0.01171875
1840 0.5859375 0.35 0.003125 0.0109375
1164 0.54140625 0.3875 0.0125 0.00703125
981 0.55859375 0.38828125 0.0125 0.00625
1164 0.55 0.375 0.00390625 0.01796875
988 0.54921875 0.40078125 0.0046875 0.01796875
1164 0.5296875 0.375 0.003125 0.01171875
1164 0.534375 0.375 0.003125 0.0109375
1164 0.53828125 0.375 0.003125 0.0109375
1164 0.54296875 0.375 0.003125 0.0125
1164 0.54296875 0.35078125 0.003125 0.0125
1164 0.54765625 0.35078125 0.003125 0.0109375
758 0.565625 0.36875 0.003125 0.01171875
786 0.5609375 0.37421875 0.003125 0.0109375
1164 0.55703125 0.375 0.003125 0.0109375
1116 0.5296875 0.4 0.003125 0.01171875
1164 0.534375 0.4 0.003125 0.01171875
1164 0.54296875 0.41796875 0.003125 0.0109375
1164 0.54765625 0.41796875 0.003125 0.01171875
1088 0.5609375 0.4 0.003125 0.0109375
1164 0.565625 0.39921875 0.003125 0.01171875
959 0.62421875 0.35 0.01328125 0.00546875
856 0.62890625 0.37578125 0.02734375 0.015625
1115 0.65234375 0.3875 0.003125 0.0109375
989 0.625 0.3953125 0.01328125 0.00703125
966 0.625 0.4046875 0.01328125 0.00703125
841 0.625 0.41640625 0.0125 0.00625
913 0.625 0.43828125 0.0125 0.00703125
1034 0.62109375 0.45859375 0.0078125 0.0046875
994 0.621875 0.465625 0.0125 0.00625
944 0.621875 0.484375 0.02734375 0.015625
1056 0.64609375 0.4890625 0.0125 0.00703125
900 0.621875 0.503125 0.02734375 0.01640625
1006 0.6234375 0.5171875 0.0140625 0.009375
961 0.62265625 0.52734375 0.0125 0.00703125
985 0.6515625 0.5125 0.0046875 0.01875
942 0.62265625 0.55 0.02734375 0.015625
747 0.62265625 0.578125 0.02734375 0.015625
1164 0.55 0.471875 0.0125 0.00546875
999 0.55 0.48046875 0.0125 0.00625
1793 0.59375 0.4953125 0.01171875 0.0171875
907 0.51796875 0.4828125 0.02734375 0.015625
941 0.47890625 0.515625 0.02734375 0.015625
935 0.47890625 0.534375 0.02734375 0.015625
992 0.4953125 0.5578125 0.0125 0.00703125
1058 0.4953125 0.565625 0.00859375 0.0046875
379 0.5578125 0.49921875 0.04921875 0.02890625
401 0.5578125 0.53203125 0.04921875 0.02890625
58 0.56015625 0.4984375 0.01640625 0.015625
154 0.56171875 0.53125 0.0203125 0.01640625
1030 0.55625 0.56328125 0.02734375 0.015625
1041 0.48125 0.6484375 0.02734375 0.01640625
1046 0.5046875 0.64375 0.0078125 0.0046875
1047 0.5046875 0.65390625 0.0078125 0.0046875
451 0.48046875 0.6796875 0.04921875 0.0296875
447 0.48046875 0.71640625 0.04921875 0.02890625
58 0.48125 0.6796875 0.0171875 0.01796875
153 0.47734375 0.71796875 0.021875 0.015625
1793 0.62421875 0.62421875 0.01171875 0.01875
2220 0.525 0.67734375 0.00390625 0.01171875
1862 0.5359375 0.678125 0.00390625 0.01171875
1863 0.5484375 0.678125 0.003125 0.01171875
1866 0.55859375 0.67890625 0.003125 0.0109375
1867 0.5703125 0.678125 0.00390625 0.01171875
1868 0.58046875 0.678125 0.003125 0.0109375
1869 0.5921875 0.678125 0.00390625 0.0109375
1870 0.6046875 0.67734375 0.00390625 0.01171875
1871 0.61640625 0.67734375 0.003125 0.01171875
1861 0.6265625 0.67734375 0.003125 0.01171875
1859 0.63828125 0.67734375 0.00390625 0.0109375
1858 0.65078125 0.67734375 0.00390625 0.01171875
1856 0.6609375 0.67734375 0.003125 0.0109375
1855 0.67265625 0.67734375 0.00390625 0.01171875
1854 0.684375 0.67734375 0.00390625 0.01171875
1853 0.696875 0.67734375 0.00390625 0.01171875
1852 0.70703125 0.67734375 0.003125 0.01171875
1793 0.72578125 0.8703125 0.0125 0.0171875
1793 0.7984375 0.8390625 0.0171875 0.05703125
457 0.675 0.54765625 0.04921875 0.02890625
455 0.6765625 0.584375 0.05 0.02890625
58 0.67734375 0.546875 0.01640625 0.015625
58 0.678125 0.58359375 0.01640625 0.015625
1164 0.66640625 0.40625 0.003125 0.01171875
1164 0.7046875 0.390625 0.0078125 0.00390625
1164 0.68671875 0.39609375 0.0078125 0.0046875
1164 0.7046875 0.403125 0.0078125 0.0046875
995 0.72734375 0.4109375 0.0046875 0.01640625
1164 0.67265625 0.42734375 0.0078125 0.0046875
1164 0.6734375 0.4328125 0.0078125 0.00390625
1164 0.659375 0.45234375 0.0078125 0.0046875
1164 0.659375 0.4578125 0.0078125 0.0046875
1164 0.66015625 0.4765625 0.0078125 0.0046875
1164 0.69296875 0.4609375 0.003125 0.0109375
1164 0.6859375 0.41484375 0.00859375 0.0046875
1164 0.6953125 0.42109375 0.0078125 0.0046875
1164 0.6953125 0.42734375 0.0078125 0.0046875
3205 0.6953125 0.4328125 0.00703125 0.00625
1164 0.70703125 0.41171875 0.003125 0.0109375
1164 0.71171875 0.41171875 0.003125 0.01171875
1164 0.715625 0.41171875 0.003125 0.01171875
1164 0.7203125 0.41171875 0.003125 0.0109375
1164 0.7046875 0.42734375 0.0078125 0.0046875
1164 0.7109375 0.42421875 0.003125 0.0109375
1164 0.715625 0.43046875 0.003125 0.0109375
1164 0.709375 0.4578125 0.0078125 0.0046875
2234 0.71796875 0.4640625 0.00703125 0.0046875
2234 0.71796875 0.4703125 0.0078125 0.0046875
1164 0.71796875 0.47578125 0.0078125 0.00390625
1164 0.73359375 0.41171875 0.003125 0.0109375
1164 0.7375 0.4125 0.003125 0.01171875
1164 0.7421875 0.41171875 0.003125 0.0109375
1164 0.746875 0.41171875 0.003125 0.0109375
1164 0.7484375 0.39609375 0.00859375 0.0046875
1164 0.74921875 0.40234375 0.0078125 0.00546875
1164 0.76640625 0.39609375 0.00859375 0.0046875
1164 0.76640625 0.40234375 0.0078125 0.0046875
1164 0.80078125 0.39296875 0.003125 0.0109375
1164 0.78671875 0.41171875 0.003125 0.01171875
1164 0.78046875 0.4328125 0.00859375 0.0046875
1164 0.7578125 0.4203125 0.00703125 0.00390625
1164 0.7578125 0.42734375 0.0078125 0.0046875
1164 0.7515625 0.42421875 0.003125 0.0109375
1164 0.7421875 0.43046875 0.003125 0.01171875
1164 0.746875 0.43046875 0.00390625 0.0109375
1164 0.79375 0.4453125 0.0078125 0.0046875
1164 0.79375 0.45078125 0.0078125 0.0046875
1164 0.79375 0.45703125 0.0078125 0.0046875
1164 0.79453125 0.46953125 0.00859375 0.00390625
1164 0.78984375 0.47578125 0.0078125 0.0046875
1164 0.74453125 0.46328125 0.0078125 0.0046875
2234 0.76484375 0.4421875 0.003125 0.0109375
2234 0.740625 0.4453125 0.00703125 0.0046875
2234 0.73984375 0.4515625 0.00703125 0.00390625
2234 0.7359375 0.4640625 0.00859375 0.00390625
2234 0.7359375 0.46953125 0.0078125 0.0046875
2222 0.66171875 0.51171875 0.0078125 0.02109375
1829 0.6703125 0.5109375 0.00703125 0.02109375
1017 0.67734375 0.51171875 0.00390625 0.01875
287 0.6703125 0.5109375 0.0046875 0.00703125
287 0.6625 0.5109375 0.0046875 0.00703125
1005 0.69609375 0.51015625 0.00390625 0.01875
793 0.7015625 0.5109375 0.00390625 0.01171875
886 0.7109375 0.51015625 0.0046875 0.01875
404 0.7359375 0.54609375 0.04921875 0.028125
413 0.7953125 0.55 0.04921875 0.02890625
153 0.740625 0.54453125 0.0203125 0.01484375
153 0.8 0.5484375 0.0203125 0.015625
839 0.7578125 0.51171875 0.003125 0.0109375
918 0.765625 0.51171875 0.0046875 0.01796875
1014 0.77421875 0.5125 0.0046875 0.01796875
952 0.7984375 0.5109375 0.0046875 0.01875
1053 0.80546875 0.496875 0.0046875 0.01796875
974 0.81640625 0.4859375 0.00390625 0.01796875
905 0.81796875 0.51953125 0.02734375 0.015625
880 0.72578125 0.575 0.02734375 0.015625
1031 0.79609375 0.5734375 0.02734375 0.015625
808 0.7953125 0.59140625 0.02734375 0.015625
1793 0.77578125 0.68671875 0.03828125 0.05234375
1793 0.83359375 0.6859375 0.0375 0.0515625
1793 0.81484375 0.62265625 0.0125 0.0171875
2211 0.79140625 0.68671875 0.0078125 0.0046875
2200 0.81875 0.68671875 0.0078125 0.0046875
1793 0.84375 0.74296875 0.0125 0.015625
1829 0.78203125 0.5109375 0.00703125 0.02109375
1829 0.790625 0.5109375 0.00703125 0.02109375
287 0.790625 0.51015625 0.0046875 0.0078125
287 0.78203125 0.5109375 0.00390625 0.00703125
1038 0.821875 0.45625 0.0078125 0.00390625
485 0.8453125 0.4921875 0.04921875 0.028125
393 0.8984375 0.48125 0.0484375 0.028125
406 0.8984375 0.51171875 0.04921875 0.02890625
1039 0.89765625 0.53046875 0.00859375 0.00390625
1003 0.9421875 0.48125 0.01328125 0.00703125
875 0.9421875 0.49921875 0.01328125 0.00703125
946 0.93984375 0.5171875 0.02734375 0.015625
996 0.84765625 0.51015625 0.0125 0.00625
952 0.84765625 0.51796875 0.0125 0.00625
954 0.84921875 0.53125 0.02734375 0.015625
864 0.846875 0.553125 0.01328125 0.00703125
958 0.84921875 0.56953125 0.02734375 0.015625
906 0.8484375 0.590625 0.02734375 0.015625
58 0.84765625 0.49140625 0.0171875 0.0171875
153 0.90390625 0.4796875 0.0203125 0.01484375
58 0.9015625 0.51015625 0.015625 0.01640625
1793 0.96875 0.47109375 0.02421875 0.034375
1793 0.96953125 0.54765625 0.0234375 0.08515625
1793 0.96953125 0.6234375 0.02734375 0.0359375
409 0.903125 0.6109375 0.05 0.02890625
930 0.90703125 0.640625 0.02734375 0.015625
153 0.909375 0.6109375 0.01953125 0.01484375
1793 0.96640625 0.6984375 0.059375 0.0578125
1042 0.88671875 0.6703125 0.02734375 0.015625
1048 0.9109375 0.66640625 0.0078125 0.0046875
1049 0.9109375 0.675 0.00859375 0.0046875
452 0.89609375 0.72109375 0.04921875 0.02890625
448 0.89453125 0.75625 0.04921875 0.028125
58 0.8984375 0.7203125 0.01640625 0.01640625
153 0.89453125 0.75703125 0.02109375 0.015625
1793 0.94921875 0.8828125 0.0125 0.01796875
1793 0.89609375 0.8375 0.0171875 0.05703125
1336 0.84765625 0.8484375 0.05703125 0.03984375
1793 0.67265625 0.83828125 0.01796875 0.05625
1336 0.6234375 0.84921875 0.059375 0.03984375
1793 0.44140625 0.84140625 0.01640625 0.05703125
1336 0.39296875 0.85234375 0.06015625 0.0421875