4415 0.059375 0.81015625 0.040625 0.075
4273 0.0734375 0.909375 0.0140625 0.0171875
3430 0.09375 0.9015625 0.0140625 0.0234375
4204 0.1078125 0.9 0.015625 0.028125
4272 0.12890625 0.9140625 0.0140625 0.0171875
3746 0.15390625 0.90703125 0.0140625 0.0234375
4271 0.178125 0.87265625 0.0140625 0.0171875
3595 0.103125 0.85546875 0.0140625 0.0234375
3674 0.13671875 0.8046875 0.0109375 0.0171875
3439 0.1625 0.80703125 0.0109375 0.015625
3939 0.0671875 0.7375 0.009375 0.0125
4016 0.075 0.73984375 0.0078125 0.0125
4058 0.08203125 0.740625 0.0078125 0.0125
3944 0.08984375 0.74140625 0.0078125 0.0125
4060 0.096875 0.7421875 0.0078125 0.0125
4062 0.10390625 0.74296875 0.0078125 0.0109375
3946 0.1125 0.74296875 0.0078125 0.0125
3948 0.11953125 0.74375 0.0078125 0.0125
4064 0.1265625 0.74453125 0.0078125 0.0125
4067 0.13359375 0.74453125 0.0078125 0.0125
3950 0.140625 0.746875 0.0078125 0.0125
4069 0.14765625 0.74765625 0.0078125 0.0125
3952 0.15390625 0.74765625 0.0078125 0.0125
4071 0.16171875 0.7484375 0.0078125 0.0125
3955 0.16875 0.74921875 0.0078125 0.0125
4073 0.17578125 0.7484375 0.0078125 0.0109375
3957 0.18359375 0.74921875 0.0078125 0.0125
4075 0.19140625 0.75078125 0.0078125 0.0125
4139 0.04921875 0.70859375 0.015625 0.00625
4118 0.05078125 0.70234375 0.015625 0.0078125
4146 0.05078125 0.696875 0.015625 0.00625
4120 0.05234375 0.6921875 0.015625 0.00625
4119 0.053125 0.68671875 0.015625 0.0078125
4117 0.05390625 0.68203125 0.015625 0.00625
4116 0.0515625 0.67578125 0.0125 0.00625
4121 0.05546875 0.67109375 0.015625 0.0078125
4116 0.05390625 0.66484375 0.0125 0.00625
4116 0.05390625 0.66015625 0.0125 0.0078125
4078 0.05625 0.65546875 0.015625 0.00625
4093 0.05703125 0.64921875 0.015625 0.00625
4143 0.05859375 0.64453125 0.015625 0.00625
4344 0.06484375 0.6296875 0.0140625 0.0171875
3937 0.07890625 0.62421875 0.009375 0.0125
3935 0.0875 0.62421875 0.0078125 0.0109375
3917 0.09375 0.625 0.0078125 0.0125
3933 0.1015625 0.62578125 0.0078125 0.0125
3916 0.109375 0.62578125 0.0078125 0.0109375
3914 0.1171875 0.62734375 0.0078125 0.0125
3930 0.12421875 0.628125 0.0078125 0.0125
3928 0.13125 0.62890625 0.0078125 0.0125
3912 0.1375 0.62890625 0.0078125 0.0125
3909 0.1453125 0.63046875 0.0078125 0.0109375
3926 0.153125 0.63125 0.009375 0.0125
3907 0.16015625 0.63203125 0.0078125 0.0125
3924 0.1671875 0.6328125 0.009375 0.0125
3905 0.175 0.6328125 0.0078125 0.0125
3922 0.18203125 0.63359375 0.0078125 0.0125
3903 0.190625 0.634375 0.009375 0.0125
3919 0.19765625 0.634375 0.0078125 0.0125
3901 0.20546875 0.6390625 0.009375 0.0125
4087 0.21015625 0.7375 0.015625 0.0078125
4082 0.2234375 0.73046875 0.015625 0.00625
2750 0.22734375 0.72421875 0.009375 0.00625
4079 0.2296875 0.71953125 0.015625 0.0078125
4084 0.23125 0.71484375 0.015625 0.0078125
4090 0.196875 0.7046875 0.015625 0.0078125
4114 0.22734375 0.703125 0.015625 0.0078125
4115 0.23515625 0.6984375 0.015625 0.00625
4080 0.2421875 0.6953125 0.015625 0.00625
4091 0.22890625 0.6875 0.015625 0.00625
4086 0.2390625 0.68203125 0.015625 0.00625
4081 0.23359375 0.67734375 0.015625 0.0078125
4089 0.2328125 0.67109375 0.0125 0.00625
4092 0.23515625 0.66015625 0.015625 0.0078125
4083 0.234375 0.66640625 0.0125 0.0078125
2516 0.0671875 0.58671875 0.021875 0.065625
3631 0.128125 0.609375 0.00625 0.00625
3896 0.134375 0.59765625 0.009375 0.0109375
3629 0.13046875 0.58359375 0.0078125 0.009375
3897 0.13671875 0.57265625 0.0078125 0.0109375
3315 0.14765625 0.57421875 0.0140625 0.0171875
3898 0.16015625 0.61796875 0.0078125 0.0125
3126 0.1609375 0.60234375 0.0078125 0.0109375
3899 0.16953125 0.57421875 0.0078125 0.0109375
4433 0.18203125 0.58125 0.0140625 0.0125
3593 0.1921875 0.6140625 0.009375 0.009375
2289 0.1953125 0.58984375 0.0078125 0.0171875
3676 0.19375 0.55 0.0109375 0.0140625
3439 0.22109375 0.5515625 0.0109375 0.015625
2594 0.12890625 0.4515625 0.015625 0.0328125
3760 0.153125 0.425 0.0078125 0.0078125
3807 0.171875 0.425 0.0078125 0.0109375
3808 0.17890625 0.425 0.0078125 0.0109375
3270 0.1734375 0.45703125 0.0109375 0.0109375
4274 0.18359375 0.4671875 0.0140625 0.0171875
2595 0.20703125 0.46015625 0.015625 0.0328125
3761 0.23046875 0.43125 0.00625 0.00625
3809 0.246875 0.43203125 0.0078125 0.0125
3810 0.253125 0.4328125 0.0078125 0.0125
3271 0.2453125 0.4609375 0.0078125 0.009375
4275 0.2609375 0.47421875 0.0140625 0.0171875
3660 0.1375 0.1265625 0.0109375 0.015625
3439 0.16640625 0.13046875 0.0109375 0.0140625
2398 0.1390625 0.078125 0.015625 0.0390625
2352 0.20703125 0.1515625 0.028125 0.040625
4204 0.22734375 0.15859375 0.015625 0.028125
4266 0.22265625 0.1234375 0.0140625 0.0171875
2700 0.26171875 0.15390625 0.0125 0.0078125
2542 0.2828125 0.13046875 0.0171875 0.04375
2685 0.2828125 0.084375 0.00625 0.00625
2682 0.28515625 0.07265625 0.009375 0.0078125
2644 0.15390625 0.0609375 0.003125 0.00625
2700 0.15234375 0.0703125 0.0046875 0.00625
4300 0.16796875 0.040625 0.0140625 0.0234375
4299 0.18125 0.04296875 0.0140625 0.0234375
4404 0.1953125 0.03515625 0.0125 0.009375
4298 0.209375 0.04296875 0.0171875 0.025
4302 0.22421875 0.04453125 0.01875 0.0296875
3659 0.27109375 0.0375 0.0171875 0.0109375
2680 0.1921875 0.0125 0.0078125 0.0078125
2700 0.290625 0.02265625 0.0078125 0.0046875
3482 0.215625 0.9375 0.015625 0.021875
3287 0.240625 0.94375 0.0140625 0.0140625
3753 0.2234375 0.90625 0.0140625 0.0125
3769 0.23515625 0.9078125 0.0078125 0.0125
3781 0.24140625 0.90859375 0.0078125 0.0125
3316 0.2234375 0.8765625 0.0140625 0.0234375
3288 0.24765625 0.8828125 0.0140625 0.0140625
3755 0.23046875 0.84375 0.0140625 0.0140625
3780 0.24140625 0.846875 0.0078125 0.0125
3768 0.2484375 0.84765625 0.0078125 0.0125
3782 0.25859375 0.8453125 0.009375 0.0125
3656 0.25859375 0.9359375 0.0109375 0.0140625
2515 0.26328125 0.89453125 0.021875 0.065625
3439 0.28359375 0.93828125 0.009375 0.0140625
4343 0.29609375 0.9328125 0.0140625 0.0171875
3871 0.28203125 0.92109375 0.015625 0.0078125
3869 0.28203125 0.915625 0.015625 0.0078125
3844 0.28359375 0.909375 0.0125 0.00625
3867 0.28828125 0.90546875 0.015625 0.00625
3844 0.28203125 0.89921875 0.0125 0.0078125
3844 0.2859375 0.89453125 0.0125 0.0078125
3864 0.29140625 0.88984375 0.015625 0.00625
3855 0.28515625 0.8828125 0.0125 0.00625
3844 0.2859375 0.87734375 0.0109375 0.0078125
4137 0.290625 0.8734375 0.0125 0.00625
3844 0.2859375 0.8671875 0.0125 0.0078125
3833 0.28828125 0.86171875 0.0125 0.00625
3860 0.29140625 0.85703125 0.015625 0.0078125
3855 0.2890625 0.85078125 0.0125 0.00625
3833 0.28984375 0.8453125 0.0125 0.00625
3855 0.2890625 0.834375 0.0125 0.0078125
3836 0.29296875 0.8296875 0.015625 0.00625
3650 0.31328125 0.9734375 0.0140625 0.0171875
4433 0.32578125 0.97421875 0.0140625 0.0140625
3822 0.33671875 0.97734375 0.0078125 0.009375
4056 0.30859375 0.93984375 0.0078125 0.009375
4135 0.3171875 0.93828125 0.0078125 0.0125
4103 0.3234375 0.93984375 0.0078125 0.009375
4111 0.33125 0.9421875 0.0078125 0.009375
3834 0.31640625 0.95390625 0.0078125 0.0125
3120 0.33125 0.9609375 0.0078125 0.009375
2289 0.3640625 0.953125 0.0078125 0.0171875
3822 0.3703125 0.9578125 0.0078125 0.009375
3822 0.36796875 0.98046875 0.009375 0.009375
3593 0.36171875 0.97265625 0.0078125 0.009375
3631 0.39296875 0.975 0.00625 0.00625
3629 0.39609375 0.9515625 0.0078125 0.009375
3315 0.40078125 0.98125 0.0140625 0.0171875
3649 0.4125 0.9828125 0.0125 0.0171875
2754 0.34453125 0.921875 0.00625 0.0046875
2728 0.35234375 0.9234375 0.0078125 0.0046875
2745 0.359375 0.9234375 0.00625 0.003125
2745 0.365625 0.92421875 0.00625 0.003125
2759 0.3734375 0.925 0.00625 0.0046875
2745 0.38125 0.92578125 0.00625 0.003125
2745 0.3890625 0.92734375 0.00625 0.003125
4128 0.40703125 0.940625 0.0078125 0.009375
4110 0.4140625 0.946875 0.0078125 0.0109375
3873 0.43125 0.9375 0.015625 0.0078125
2695 0.434375 0.93125 0.0125 0.00625
3894 0.43515625 0.92578125 0.015625 0.0078125
3879 0.434375 0.91953125 0.015625 0.0078125
4023 0.43515625 0.9140625 0.015625 0.0078125
4025 0.43671875 0.909375 0.015625 0.00625
3881 0.43671875 0.90390625 0.015625 0.0078125
3883 0.4375 0.89921875 0.015625 0.0046875
4028 0.43828125 0.89375 0.015625 0.0078125
3885 0.43828125 0.88984375 0.015625 0.00625
4029 0.4390625 0.88515625 0.015625 0.00625
4030 0.440625 0.878125 0.015625 0.0078125
3887 0.440625 0.87265625 0.015625 0.00625
4031 0.440625 0.86796875 0.015625 0.00625
2707 0.44140625 0.86328125 0.0125 0.00625
4027 0.43203125 0.8546875 0.0125 0.0078125
3892 0.40625 0.846875 0.015625 0.0078125
4033 0.4265625 0.840625 0.015625 0.00625
3675 0.46171875 0.85546875 0.0109375 0.015625
3439 0.45390625 0.84140625 0.0109375 0.0140625
4055 0.31015625 0.81875 0.0078125 0.0125
4043 0.3234375 0.809375 0.0078125 0.0125
4054 0.33046875 0.81015625 0.0078125 0.0125
4036 0.3375 0.8109375 0.009375 0.0125
4042 0.34453125 0.81171875 0.0078125 0.0125
4052 0.3515625 0.8125 0.009375 0.0125
4035 0.359375 0.8140625 0.0078125 0.0125
4108 0.36640625 0.8140625 0.0078125 0.0125
4109 0.3734375 0.81484375 0.0078125 0.0125
3765 0.38046875 0.8203125 0.00625 0.003125
2779 0.38203125 0.81328125 0.00625 0.00625
4050 0.38984375 0.8171875 0.0078125 0.0125
4041 0.396875 0.81796875 0.0078125 0.0125
4048 0.40390625 0.81953125 0.0078125 0.0125
4039 0.41015625 0.8140625 0.009375 0.0109375
4044 0.4171875 0.81875 0.0078125 0.0125
4413 0.24296875 0.75 0.0203125 0.0703125
4369 0.265625 0.79609375 0.0140625 0.0140625
2791 0.26875 0.7828125 0.00625 0.003125
2833 0.27421875 0.78515625 0.00625 0.003125
2843 0.28046875 0.784375 0.00625 0.003125
3267 0.2859375 0.78671875 0.00625 0.003125
3326 0.2921875 0.78515625 0.00625 0.003125
3358 0.29765625 0.78828125 0.00625 0.003125
3438 0.30390625 0.78671875 0.00625 0.003125
3446 0.309375 0.78984375 0.00625 0.003125
3488 0.315625 0.7875 0.00625 0.003125
3554 0.3203125 0.79140625 0.00625 0.003125
3559 0.328125 0.78984375 0.00625 0.003125
3586 0.33359375 0.79296875 0.00625 0.003125
3627 0.340625 0.790625 0.00625 0.003125
3635 0.3453125 0.79375 0.0078125 0.0046875
3765 0.3515625 0.79140625 0.00625 0.003125
4284 0.35703125 0.7953125 0.00625 0.003125
4340 0.3640625 0.79296875 0.00625 0.003125
4384 0.36875 0.796875 0.00625 0.003125
4402 0.37578125 0.79375 0.00625 0.003125
4421 0.3796875 0.79765625 0.00625 0.003125
2808 0.3875 0.7953125 0.00625 0.00625
2809 0.39296875 0.8 0.00625 0.00625
2810 0.4 0.796875 0.00625 0.00625
2813 0.4046875 0.8015625 0.00625 0.00625
2817 0.41171875 0.79765625 0.00625 0.00625
2818 0.4171875 0.803125 0.00625 0.00625
2819 0.42265625 0.79921875 0.00625 0.00625
2820 0.428125 0.80390625 0.00625 0.00625
2821 0.43515625 0.8 0.00625 0.00625
3554 0.440625 0.80390625 0.00625 0.003125
2822 0.446875 0.8015625 0.00625 0.00625
2823 0.453125 0.80625 0.00625 0.00625
2824 0.45859375 0.803125 0.00625 0.00625
2826 0.46484375 0.80703125 0.00625 0.00625
2644 0.25859375 0.771875 0.00625 0.003125
2700 0.25390625 0.76640625 0.00625 0.003125
2728 0.259375 0.76328125 0.00625 0.003125
2745 0.2546875 0.7578125 0.00625 0.003125
2756 0.26015625 0.7546875 0.00625 0.003125
2766 0.25546875 0.74921875 0.00625 0.003125
2769 0.26171875 0.7453125 0.0078125 0.0046875
2775 0.25625 0.740625 0.00625 0.003125
2784 0.2625 0.7375 0.00625 0.003125
2655 0.26328125 0.728125 0.00625 0.00625
2661 0.25703125 0.72265625 0.0078125 0.0078125
2671 0.2640625 0.71875 0.00625 0.00625
2680 0.25859375 0.71328125 0.00625 0.00625
2682 0.26484375 0.71015625 0.00625 0.00625
2685 0.259375 0.7046875 0.00625 0.00625
2690 0.265625 0.7015625 0.00625 0.00625
2692 0.26015625 0.69609375 0.00625 0.00625
2693 0.2671875 0.69296875 0.00625 0.00625
2701 0.2609375 0.6875 0.00625 0.00625
2706 0.26796875 0.684375 0.00625 0.00625
2710 0.26171875 0.678125 0.00625 0.00625
2714 0.26953125 0.67578125 0.00625 0.00625
2715 0.26328125 0.66953125 0.0078125 0.0078125
2718 0.2703125 0.66640625 0.0078125 0.0078125
2721 0.2640625 0.66171875 0.00625 0.00625
2722 0.27109375 0.65859375 0.00625 0.00625
2723 0.26484375 0.65234375 0.00625 0.00625
2724 0.27109375 0.64921875 0.00625 0.00625
2729 0.265625 0.64375 0.00625 0.00625
2732 0.2734375 0.64140625 0.00625 0.00625
2733 0.26640625 0.63671875 0.0078125 0.0078125
2734 0.2734375 0.6328125 0.00625 0.00625
2736 0.26796875 0.6265625 0.00625 0.00625
3673 0.29140625 0.5609375 0.0109375 0.0140625
3439 0.30078125 0.55 0.0109375 0.0140625
4004 0.3171875 0.57421875 0.015625 0.0078125
4190 0.3203125 0.56875 0.009375 0.00625
4002 0.3234375 0.56484375 0.015625 0.00625
4193 0.32109375 0.5578125 0.0125 0.00625
3997 0.31796875 0.553125 0.0125 0.0078125
4191 0.32265625 0.5484375 0.0125 0.0078125
3997 0.31875 0.5421875 0.0125 0.0078125
4000 0.321875 0.53671875 0.015625 0.0078125
4179 0.32265625 0.53125 0.009375 0.00625
3993 0.32109375 0.5265625 0.0125 0.0078125
4184 0.32421875 0.52109375 0.0125 0.0078125
4182 0.325 0.515625 0.0125 0.00625
3999 0.3234375 0.51015625 0.015625 0.0078125
3998 0.3265625 0.50546875 0.015625 0.00625
4180 0.32734375 0.5 0.0125 0.0078125
4190 0.32734375 0.49453125 0.0078125 0.00625
4177 0.3296875 0.490625 0.0125 0.00625
4175 0.33125 0.4828125 0.0125 0.0078125
4011 0.3359375 0.5859375 0.0078125 0.0125
4013 0.34765625 0.59609375 0.0109375 0.0140625
4006 0.35859375 0.57734375 0.0109375 0.0109375
4015 0.36171875 0.59609375 0.0078125 0.0109375
4006 0.36875 0.60390625 0.0078125 0.009375
4001 0.3765625 0.60390625 0.0078125 0.009375
4096 0.384375 0.59921875 0.0078125 0.0109375
4095 0.39140625 0.6046875 0.009375 0.0125
4001 0.40078125 0.58125 0.009375 0.009375
4010 0.40625 0.6015625 0.0078125 0.009375
4006 0.415625 0.5828125 0.0078125 0.009375
4006 0.42265625 0.58359375 0.0078125 0.009375
4017 0.428125 0.61015625 0.0078125 0.0125
4009 0.43515625 0.61015625 0.0078125 0.0125
4019 0.44921875 0.5984375 0.0078125 0.0109375
4077 0.4703125 0.590625 0.0125 0.00625
4155 0.4703125 0.58515625 0.0125 0.0078125
4147 0.471875 0.5796875 0.015625 0.00625
4158 0.4703125 0.575 0.0125 0.00625
4149 0.471875 0.56953125 0.015625 0.00625
4160 0.47109375 0.56328125 0.0125 0.0078125
4094 0.471875 0.55859375 0.0125 0.0078125
4162 0.471875 0.553125 0.0125 0.00625
4111 0.471875 0.5484375 0.0125 0.0078125
4123 0.46875 0.5421875 0.0125 0.0078125
4164 0.4734375 0.5375 0.0125 0.0078125
4166 0.47421875 0.53125 0.0125 0.0078125
4137 0.47578125 0.52578125 0.0125 0.00625
4151 0.47578125 0.52109375 0.0125 0.00625
4169 0.475 0.515625 0.0125 0.0078125
4153 0.471875 0.51015625 0.0125 0.00625
4171 0.478125 0.5046875 0.0125 0.0078125
4173 0.4765625 0.4984375 0.0125 0.0078125
2514 0.3359375 0.44921875 0.021875 0.0640625
4368 0.346875 0.4765625 0.0140625 0.0140625
4129 0.3609375 0.46875 0.0078125 0.0109375
4100 0.36796875 0.46953125 0.0078125 0.0125
4141 0.375 0.475 0.0078125 0.0125
4101 0.3828125 0.47109375 0.0078125 0.0109375
4047 0.39140625 0.47578125 0.0078125 0.009375
4097 0.39765625 0.47890625 0.0078125 0.0109375
4098 0.40625 0.475 0.0078125 0.0109375
4094 0.41328125 0.4765625 0.0078125 0.009375
4056 0.41640625 0.46484375 0.0078125 0.009375
4102 0.41875 0.48046875 0.009375 0.0109375
2734 0.425 0.50078125 0.00625 0.00625
4099 0.43515625 0.47890625 0.0078125 0.0109375
4131 0.44140625 0.48125 0.0078125 0.0125
4020 0.45078125 0.48046875 0.0078125 0.0125
3631 0.38515625 0.4625 0.00625 0.00625
4066 0.39140625 0.45546875 0.0078125 0.009375
3629 0.38828125 0.4375 0.0078125 0.009375
4047 0.3953125 0.4265625 0.0078125 0.009375
3315 0.40703125 0.42734375 0.0140625 0.0171875
3685 0.40859375 0.41328125 0.0140625 0.0125
3125 0.4171875 0.440625 0.0078125 0.0109375
4018 0.42734375 0.434375 0.0078125 0.0078125
4433 0.43828125 0.4328125 0.0140625 0.0140625
3686 0.4390625 0.4203125 0.0140625 0.0125
3593 0.4453125 0.46796875 0.0078125 0.009375
2289 0.44765625 0.4421875 0.009375 0.0171875
3651 0.14921875 0.55703125 0.0140625 0.0171875
3652 0.18359375 0.565625 0.0140625 0.0171875
2757 0.3984375 0.38984375 0.0078125 0.0078125
2718 0.40625 0.38828125 0.0078125 0.0078125
3669 0.42421875 0.39609375 0.0109375 0.0140625
3439 0.45 0.3984375 0.0109375 0.0140625
4385 0.41015625 0.36796875 0.0140625 0.0171875
3687 0.428125 0.3734375 0.0140625 0.0125
4240 0.45546875 0.37421875 0.0140625 0.0125
2644 0.42734375 0.3640625 0.00625 0.003125
2700 0.44140625 0.365625 0.0078125 0.0046875
4299 0.41015625 0.353125 0.0171875 0.009375
4300 0.4125 0.34296875 0.0171875 0.0078125
4298 0.41328125 0.33359375 0.0171875 0.0078125
4302 0.415625 0.31875 0.0171875 0.0078125
3628 0.41953125 0.31015625 0.0125 0.0078125
2270 0.415625 0.29609375 0.025 0.009375
4300 0.4609375 0.3640625 0.01875 0.0078125
4299 0.4625 0.35234375 0.01875 0.0078125
4298 0.4625 0.34140625 0.0171875 0.0078125
4302 0.46484375 0.3296875 0.01875 0.0078125
3628 0.4640625 0.31484375 0.0125 0.0078125
3439 0.46796875 0.303125 0.01875 0.0078125
2732 0.43515625 0.290625 0.009375 0.0078125
2733 0.45 0.2921875 0.009375 0.0078125
2644 0.4125 0.2546875 0.0078125 0.0046875
2721 0.42109375 0.25859375 0.00625 0.00625
3510 0.42109375 0.23359375 0.0140625 0.0140625
4283 0.29765625 0.159375 0.0203125 0.046875
3269 0.31640625 0.16171875 0.0140625 0.0109375
3811 0.32109375 0.14921875 0.009375 0.009375
4263 0.33203125 0.12734375 0.015625 0.0328125
3280 0.36484375 0.1671875 0.0140625 0.0125
3822 0.359375 0.1515625 0.0078125 0.009375
3355 0.3546875 0.13125 0.015625 0.0296875
4270 0.33125 0.0140625 0.0140625 0.0171875
2745 0.3328125 0.03125 0.00625 0.003125
4281 0.35078125 0.04453125 0.0453125 0.0171875
2370 0.35546875 0.0546875 0.0640625 0.015625
3671 0.39296875 0.0625 0.0109375 0.015625
2766 0.4015625 0.03828125 0.00625 0.003125
2644 0.4046875 0.00546875 0.00625 0.003125
3661 0.3828125 0.1484375 0.0109375 0.0140625
3439 0.409375 0.1515625 0.0109375 0.015625
3439 0.41953125 0.065625 0.0109375 0.015625
3680 0.4328125 0.0140625 0.0140625 0.0140625
348 0.43984375 0.096875 0.0078125 0.0078125
347 0.4421875 0.08828125 0.0078125 0.0078125
346 0.4453125 0.05859375 0.009375 0.0078125
3655 0.4640625 0.2421875 0.0140625 0.0171875
3688 0.47578125 0.2765625 0.0140625 0.0140625
2342 0.47890625 0.23515625 0.0203125 0.0640625
4363 0.5046875 0.2046875 0.0140625 0.0140625
2762 0.51953125 0.2375 0.0171875 0.0109375
2270 0.5234375 0.26015625 0.0296875 0.0125
3640 0.54921875 0.25703125 0.0140625 0.01875
4352 0.57265625 0.2171875 0.0140625 0.0140625
74 0.51328125 0.96953125 0.0609375 0.0171875
2756 0.48046875 0.94453125 0.00625 0.00625
4018 0.5015625 0.934375 0.009375 0.009375
3561 0.51796875 0.9484375 0.009375 0.0078125
3563 0.52890625 0.95 0.009375 0.0078125
2889 0.5515625 0.93984375 0.0109375 0.0109375
4367 0.55625 0.915625 0.0140625 0.0140625
4027 0.509375 0.87265625 0.0125 0.0140625
2845 0.5234375 0.859375 0.0109375 0.0109375
2878 0.534375 0.8640625 0.009375 0.009375
2856 0.54375 0.8609375 0.009375 0.009375
2867 0.553125 0.86484375 0.009375 0.009375
2524 0.5765625 0.940625 0.015625 0.0328125
3514 0.596875 0.95234375 0.0140625 0.0140625
2644 0.61875 0.9953125 0.009375 0.0046875
2700 0.62265625 0.97421875 0.0078125 0.0046875
2728 0.625 0.95390625 0.009375 0.0046875
4276 0.6234375 0.9375 0.0140625 0.0171875
3666 0.58671875 0.821875 0.0109375 0.0109375
3439 0.60859375 0.81328125 0.0078125 0.009375
2366 0.6265625 0.8421875 0.0203125 0.04375
3501 0.63203125 0.803125 0.0140625 0.0140625
3489 0.640625 0.8703125 0.0140625 0.0125
3565 0.49765625 0.728125 0.015625 0.009375
2719 0.57265625 0.771875 0.015625 0.0328125
3199 0.60390625 0.78671875 0.009375 0.0078125
3057 0.58515625 0.7765625 0.009375 0.0078125
2955 0.5875 0.76328125 0.009375 0.0078125
2249 0.62421875 0.77109375 0.0078125 0.0078125
4424 0.584375 0.75078125 0.0140625 0.0140625
3153 0.5890625 0.7265625 0.009375 0.00625
3188 0.6234375 0.73359375 0.009375 0.0078125
3766 0.6421875 0.7359375 0.0078125 0.0078125
2249 0.62734375 0.72109375 0.00625 0.00625
2844 0.5921875 0.71171875 0.009375 0.0078125
4422 0.5890625 0.7 0.0140625 0.0109375
2704 0.5921875 0.6734375 0.015625 0.0328125
3877 0.63359375 0.68125 0.00625 0.00625
3668 0.60859375 0.63515625 0.0109375 0.0140625
3439 0.634375 0.63828125 0.0109375 0.015625
3677 0.4859375 0.5921875 0.0109375 0.0140625
3439 0.51328125 0.59375 0.0109375 0.0140625
3657 0.621875 0.521875 0.0109375 0.015625
3439 0.646875 0.5265625 0.0109375 0.015625
3662 0.47578125 0.45078125 0.0109375 0.015625
3439 0.49140625 0.43984375 0.01875 0.0078125
3805 0.4859375 0.42109375 0.009375 0.0125
4150 0.5125 0.38984375 0.0078125 0.0125
3806 0.4921875 0.35078125 0.009375 0.0109375
2252 0.4890625 0.31015625 0.015625 0.0296875
3430 0.5015625 0.31015625 0.0140625 0.0234375
3645 0.5203125 0.30234375 0.009375 0.009375
3142 0.5375 0.45 0.009375 0.0125
3293 0.53984375 0.3828125 0.009375 0.0078125
3036 0.55078125 0.38046875 0.0078125 0.009375
3759 0.5296875 0.35078125 0.00625 0.00625
2260 0.5390625 0.31328125 0.015625 0.0265625
3644 0.5578125 0.3046875 0.009375 0.009375
3800 0.5484375 0.3515625 0.009375 0.009375
3994 0.56875 0.40078125 0.0078125 0.0125
3140 0.57109375 0.3890625 0.0078125 0.0125
3995 0.5875 0.3734375 0.0109375 0.0125
3134 0.58515625 0.3265625 0.009375 0.0125
3141 0.58515625 0.3140625 0.0078125 0.0125
3986 0.5828125 0.403125 0.0078125 0.009375
3139 0.58984375 0.3984375 0.009375 0.0125
3992 0.5984375 0.38203125 0.0078125 0.0125
3138 0.603125 0.4 0.0078125 0.0125
2729 0.61171875 0.38515625 0.00625 0.00625
3137 0.62578125 0.39140625 0.0078125 0.0125
3996 0.60234375 0.31640625 0.009375 0.0125
3136 0.609375 0.3171875 0.0078125 0.0125
3133 0.625 0.3203125 0.015625 0.0078125
2249 0.61328125 0.34140625 0.0109375 0.009375
4345 0.66484375 0.3859375 0.0140625 0.01875
3132 0.66640625 0.3171875 0.0078125 0.0125
3131 0.678125 0.32265625 0.009375 0.0125
2700 0.56015625 0.2640625 0.003125 0.00625
2644 0.5625 0.2515625 0.003125 0.00625
3268 0.5703125 0.27734375 0.0125 0.0109375
3269 0.58515625 0.27890625 0.0109375 0.0109375
3280 0.59921875 0.28046875 0.0109375 0.0109375
4242 0.63203125 0.2953125 0.065625 0.015625
3287 0.61484375 0.28203125 0.0109375 0.0109375
3288 0.63046875 0.28359375 0.0125 0.0109375
3290 0.64609375 0.28515625 0.0109375 0.0109375
3291 0.659375 0.2859375 0.0109375 0.0109375
3292 0.6765625 0.2875 0.0109375 0.0109375
3628 0.6890625 0.28984375 0.0109375 0.0109375
3266 0.571875 0.24140625 0.0109375 0.0140625
3628 0.58671875 0.2453125 0.0109375 0.0109375
3628 0.60078125 0.24609375 0.0109375 0.0109375
3628 0.61640625 0.2484375 0.0109375 0.0109375
3628 0.63046875 0.25 0.0109375 0.0109375
3628 0.64453125 0.2515625 0.0109375 0.0109375
4202 0.66484375 0.24609375 0.0109375 0.0234375
3628 0.6796875 0.25390625 0.0109375 0.0109375
2837 0.69453125 0.25078125 0.0109375 0.0203125
2249 0.56796875 0.46328125 0.0140625 0.0109375
261 0.7171875 0.1828125 0.01875 0.009375
227 0.7328125 0.0421875 0.015625 0.009375
3663 0.68203125 0.2171875 0.0125 0.0171875
3439 0.71015625 0.22265625 0.0109375 0.015625
2692 0.70546875 0.27890625 0.009375 0.0078125
2690 0.7078125 0.26640625 0.009375 0.0078125
3631 0.69921875 0.99765625 0.0140625 0.0046875
2756 0.6984375 0.98203125 0.009375 0.0046875
2745 0.71796875 0.98671875 0.009375 0.0046875
3629 0.703125 0.9640625 0.0140625 0.01875
3513 0.71875 0.9609375 0.0140625 0.0140625
2766 0.7015625 0.95 0.0078125 0.0046875
3294 0.65859375 0.9109375 0.0140625 0.0140625
3794 0.6640625 0.8953125 0.0109375 0.0140625
3638 0.70078125 0.8625 0.0109375 0.015625
3439 0.72890625 0.86484375 0.0125 0.015625
2365 0.7078125 0.7953125 0.0203125 0.0453125
3047 0.75390625 0.90390625 0.009375 0.009375
2249 0.7484375 0.84921875 0.0125 0.0109375
2270 0.7609375 0.80078125 0.0171875 0.0296875
4372 0.79375 0.81015625 0.0140625 0.0140625
2644 0.678125 0.7328125 0.009375 0.0046875
2700 0.69296875 0.734375 0.009375 0.0046875
3647 0.7109375 0.72421875 0.0140625 0.0171875
2380 0.71796875 0.65546875 0.0265625 0.1078125
3672 0.7296875 0.63359375 0.0109375 0.0109375
3439 0.75546875 0.63671875 0.0109375 0.0109375
3107 0.7796875 0.67734375 0.009375 0.0125
2732 0.68515625 0.55625 0.00625 0.00625
2644 0.69921875 0.53828125 0.0078125 0.0046875
3678 0.715625 0.53515625 0.0125 0.015625
2733 0.725 0.56171875 0.009375 0.0078125
2259 0.78359375 0.57734375 0.0171875 0.0296875
4370 0.8171875 0.5921875 0.0140625 0.0140625
3566 0.646875 0.47734375 0.015625 0.0109375
3564 0.68515625 0.46875 0.015625 0.0140625
3799 0.71171875 0.46640625 0.009375 0.0125
3047 0.72421875 0.4640625 0.0109375 0.0109375
3086 0.68125 0.40078125 0.0078125 0.0125
2249 0.73515625 0.42578125 0.0140625 0.0109375
3055 0.7421875 0.48125 0.0109375 0.0140625
2726 0.76796875 0.4390625 0.0109375 0.0140625
3069 0.76015625 0.4140625 0.009375 0.009375
3801 0.73203125 0.39921875 0.009375 0.0125
3639 0.740625 0.3890625 0.0109375 0.0109375
3439 0.76796875 0.38515625 0.009375 0.009375
2252 0.69765625 0.33671875 0.015625 0.028125
3763 0.71171875 0.33671875 0.0140625 0.0203125
3646 0.74453125 0.33359375 0.0109375 0.0109375
3044 0.803125 0.45390625 0.0109375 0.0140625
2277 0.80546875 0.353125 0.0203125 0.0296875
4342 0.840625 0.36640625 0.0171875 0.01875
3641 0.86953125 0.365625 0.009375 0.009375
3664 0.86171875 0.31953125 0.0125 0.015625
3439 0.8859375 0.321875 0.0109375 0.015625
4414 0.83359375 0.2953125 0.053125 0.015625
3688 0.7296875 0.26796875 0.0140625 0.0140625
2598 0.746875 0.25859375 0.0140625 0.0109375
3439 0.76015625 0.2578125 0.0109375 0.015625
3628 0.77421875 0.26171875 0.0125 0.0109375
3245 0.790625 0.259375 0.0109375 0.0203125
3316 0.8078125 0.26171875 0.0125 0.0203125
3306 0.82265625 0.2640625 0.0109375 0.0171875
3746 0.8375 0.2640625 0.0109375 0.0203125
3482 0.85234375 0.26484375 0.0109375 0.0203125
3628 0.86640625 0.2703125 0.0109375 0.0109375
2612 0.93828125 0.27265625 0.0796875 0.0828125
2423 0.91640625 0.18125 0.025 0.0578125
2517 0.9375 0.14140625 0.0296875 0.1421875
2728 0.79765625 0.9953125 0.00625 0.003125
2341 0.8109375 0.98359375 0.021875 0.0328125
3667 0.82890625 0.97734375 0.0109375 0.0140625
3439 0.85625 0.98125 0.0109375 0.015625
3121 0.8875 0.91953125 0.0109375 0.0140625
3119 0.8546875 0.88671875 0.0109375 0.0140625
2249 0.88046875 0.86328125 0.0140625 0.0109375
3643 0.82109375 0.815625 0.0109375 0.0109375
3292 0.9078125 0.8375 0.009375 0.0078125
3758 0.884375 0.80390625 0.009375 0.0078125
3797 0.9 0.803125 0.009375 0.0125
3803 0.90625 0.80234375 0.009375 0.0125
3665 0.8375 0.75859375 0.0109375 0.015625
3439 0.86484375 0.76171875 0.0109375 0.0171875
3117 0.8875 0.68515625 0.009375 0.0125
3118 0.91015625 0.70078125 0.009375 0.0125
2249 0.90234375 0.64453125 0.0125 0.0109375
3291 0.93046875 0.6203125 0.009375 0.0078125
3642 0.84453125 0.5890625 0.0109375 0.0109375
3757 0.9125 0.58828125 0.009375 0.0078125
3795 0.92421875 0.5875 0.009375 0.0125
2673 0.93125 0.58671875 0.009375 0.009375
3658 0.8625 0.53515625 0.0125 0.0171875
3439 0.8890625 0.5375 0.0109375 0.015625
3122 0.91171875 0.459375 0.0109375 0.0140625
3123 0.9359375 0.4765625 0.0109375 0.0140625
2249 0.928125 0.42109375 0.0140625 0.0109375
3290 0.95703125 0.3921875 0.009375 0.0078125
3793 0.95703125 0.37265625 0.009375 0.0125
3756 0.93046875 0.3609375 0.009375 0.0078125
3798 0.94609375 0.3609375 0.0078125 0.0125
731 0.096875 0.93046875 0.053125 0.040625
730 0.15 0.9359375 0.05 0.0390625
2243 0.1390625 0.8609375 0.06875 0.053125
1311 0.15078125 0.80625 0.0203125 0.015625
2655 0.096875 0.65078125 0.009375 0.00625
1422 0.13515625 0.68984375 0.109375 0.078125
161 0.1359375 0.68671875 0.0828125 0.0296875
1979 0.0703125 0.7234375 0.00625 0.0078125
1981 0.078125 0.72421875 0.00625 0.0078125
2092 0.084375 0.725 0.0046875 0.00625
1984 0.0921875 0.72578125 0.00625 0.0078125
2094 0.09921875 0.7265625 0.00625 0.0078125
2096 0.10703125 0.72734375 0.00625 0.0078125
1986 0.1140625 0.728125 0.00625 0.0078125
1988 0.12109375 0.72890625 0.00625 0.0078125
2098 0.12890625 0.7296875 0.00625 0.0078125
2101 0.1359375 0.73125 0.00625 0.0078125
2234 0.14296875 0.73125 0.00625 0.0078125
2103 0.15 0.73203125 0.0078125 0.009375
1992 0.15625 0.73359375 0.00625 0.0078125
2105 0.1640625 0.734375 0.00625 0.0078125
1995 0.17109375 0.73515625 0.00625 0.0078125
2107 0.17890625 0.73515625 0.00625 0.0078125
1997 0.1859375 0.73671875 0.00625 0.0078125
2109 0.19296875 0.73671875 0.0046875 0.00625
2121 0.2109375 0.7328125 0.0125 0.0046875
2116 0.2109375 0.72734375 0.0125 0.0046875
2234 0.21171875 0.721875 0.0109375 0.0046875
2113 0.2125 0.7171875 0.0125 0.0046875
2118 0.21328125 0.71171875 0.0109375 0.0046875
2124 0.2125 0.70625 0.0109375 0.0046875
2148 0.2140625 0.70078125 0.0125 0.0046875
2149 0.21484375 0.6953125 0.0109375 0.0046875
2114 0.21484375 0.690625 0.0125 0.0046875
2125 0.215625 0.68515625 0.0125 0.0046875
2120 0.21640625 0.6796875 0.0125 0.0046875
2115 0.2171875 0.67421875 0.0125 0.0046875
2234 0.2171875 0.66875 0.0125 0.0046875
2234 0.21796875 0.66328125 0.0125 0.0046875
2126 0.21875 0.65859375 0.0125 0.0046875
2184 0.06875 0.71015625 0.0109375 0.0046875
2152 0.06953125 0.7046875 0.0125 0.0046875
2178 0.06953125 0.69921875 0.0109375 0.0046875
2154 0.0703125 0.69375 0.0109375 0.0046875
2153 0.0703125 0.68828125 0.0109375 0.0046875
2151 0.071875 0.6828125 0.0109375 0.0046875
2234 0.071875 0.678125 0.0109375 0.0046875
2155 0.07265625 0.67265625 0.0125 0.0046875
2234 0.0734375 0.6671875 0.0125 0.0046875
2234 0.0734375 0.66171875 0.0125 0.0046875
2112 0.07421875 0.65625 0.0125 0.0046875
2127 0.075 0.65078125 0.0125 0.0046875
2175 0.07421875 0.64609375 0.0125 0.0046875
1977 0.0796875 0.6375 0.00625 0.0078125
1975 0.08671875 0.63828125 0.00625 0.0078125
1959 0.09453125 0.6390625 0.00625 0.009375
1973 0.1015625 0.63984375 0.0078125 0.0078125
1958 0.1078125 0.640625 0.0078125 0.0078125
1956 0.115625 0.64140625 0.0078125 0.009375
1970 0.12265625 0.6421875 0.0078125 0.0078125
1968 0.1296875 0.6421875 0.0078125 0.0078125
1955 0.1375 0.64375 0.0078125 0.0078125
1952 0.14453125 0.64375 0.0078125 0.0078125
1966 0.1515625 0.64453125 0.00625 0.0078125
1950 0.159375 0.6453125 0.00625 0.0078125
1964 0.16640625 0.64609375 0.00625 0.0078125
1949 0.1734375 0.646875 0.0078125 0.0078125
1963 0.18125 0.64765625 0.0078125 0.009375
1947 0.18828125 0.6484375 0.0078125 0.0078125
1961 0.1953125 0.64921875 0.00625 0.009375
1945 0.203125 0.65 0.0078125 0.0078125
1288 0.14765625 0.60078125 0.021875 0.0359375
1940 0.134375 0.61015625 0.00625 0.009375
1941 0.13671875 0.58515625 0.00625 0.009375
1942 0.16484375 0.61328125 0.00625 0.0078125
1013 0.1671875 0.6 0.0078125 0.0125
1943 0.16875 0.58671875 0.00625 0.00625
1289 0.18046875 0.6046875 0.0203125 0.0359375
1313 0.209375 0.55 0.021875 0.0140625
732 0.1609375 0.484375 0.053125 0.0390625
733 0.2390625 0.49296875 0.053125 0.0390625
4449 0.15703125 0.4359375 0.0234375 0.0171875
1505 0.16171875 0.45234375 0.0109375 0.0140625
1847 0.1703125 0.43671875 0.00625 0.0078125
1848 0.175 0.4375 0.00625 0.0078125
1241 0.2625 0.2953125 0.3078125 0.2625
1849 0.2453125 0.44609375 0.00625 0.009375
1850 0.25 0.44609375 0.00625 0.009375
1506 0.2375 0.46015625 0.0078125 0.0125
4450 0.2328125 0.44375 0.021875 0.015625
139 0.16875 0.35 0.0328125 0.0265625
1297 0.15234375 0.13046875 0.0203125 0.0140625
2644 0.2421875 0.17421875 0.009375 0.0046875
1496 0.25 0.1640625 0.0390625 0.021875
725 0.25234375 0.125 0.05 0.0390625
1274 0.2171875 0.071875 0.125 0.0375
1296 0.24296875 0.01640625 0.0953125 0.0328125
1799 0.36796875 0.02109375 0.0671875 0.0421875
1308 0.40546875 0.06484375 0.0203125 0.0171875
1504 0.328125 0.1640625 0.0078125 0.0125
1514 0.35078125 0.16640625 0.0078125 0.0125
1851 0.3296875 0.15 0.0078125 0.009375
1865 0.35234375 0.15234375 0.0078125 0.0078125
1298 0.39765625 0.15390625 0.01875 0.0140625
1516 0.2296875 0.93671875 0.0078125 0.0109375
4440 0.22265625 0.91953125 0.0203125 0.0171875
1809 0.23515625 0.9203125 0.00625 0.0078125
1821 0.23984375 0.9203125 0.00625 0.009375
1293 0.27265625 0.9375 0.0203125 0.0140625
1517 0.23671875 0.87421875 0.009375 0.0125
4443 0.228125 0.8578125 0.0203125 0.0171875
1820 0.24140625 0.85859375 0.00625 0.0078125
1808 0.24609375 0.859375 0.00625 0.0078125
1659 0.25703125 0.86015625 0.0078125 0.009375
1448 0.3765625 0.71328125 0.228125 0.178125
1877 0.340625 0.94609375 0.0078125 0.0078125
1164 0.3390625 0.95703125 0.0078125 0.0125
2234 0.3375 0.96875 0.00625 0.0078125
1287 0.3515625 0.96015625 0.0203125 0.0359375
1865 0.36796875 0.97109375 0.0046875 0.0078125
2234 0.3703125 0.9484375 0.00625 0.0078125
1286 0.38203125 0.9515625 0.0171875 0.0140625
1488 0.37890625 0.97109375 0.021875 0.0296875
1421 0.36328125 0.884375 0.0984375 0.0859375
161 0.3578125 0.88515625 0.034375 0.0625
2234 0.3125 0.92734375 0.00625 0.0078125
2168 0.31875 0.928125 0.00625 0.009375
2234 0.32578125 0.92890625 0.003125 0.00625
2234 0.3328125 0.9296875 0.00625 0.0078125
2234 0.340625 0.93046875 0.00625 0.0078125
2234 0.34765625 0.93125 0.00625 0.0078125
2234 0.3546875 0.93203125 0.00625 0.0078125
2234 0.3625 0.9328125 0.00625 0.0078125
2234 0.36953125 0.934375 0.00625 0.0078125
2234 0.3765625 0.934375 0.00625 0.0078125
2234 0.384375 0.93515625 0.0078125 0.0078125
2161 0.39140625 0.9359375 0.00625 0.0078125
2144 0.39921875 0.93671875 0.0078125 0.0078125
1917 0.4140625 0.934375 0.0109375 0.0046875
1919 0.4140625 0.9296875 0.0109375 0.0046875
1938 0.41484375 0.92421875 0.0109375 0.0046875
1923 0.41484375 0.91875 0.0109375 0.0046875
2057 0.41640625 0.91328125 0.0109375 0.0046875
2059 0.4171875 0.9078125 0.0125 0.0046875
1925 0.41796875 0.90234375 0.0109375 0.0046875
1927 0.41796875 0.896875 0.0109375 0.0046875
2062 0.41875 0.8921875 0.0109375 0.0046875
1929 0.41953125 0.88671875 0.0125 0.0046875
2063 0.41953125 0.88125 0.0109375 0.0046875
2064 0.4203125 0.87578125 0.0125 0.0046875
1931 0.4203125 0.8703125 0.0109375 0.0046875
2065 0.421875 0.86484375 0.0109375 0.0046875
1934 0.421875 0.86015625 0.0109375 0.0046875
2061 0.421875 0.8546875 0.0109375 0.0046875
1936 0.42265625 0.84921875 0.0125 0.0046875
2067 0.4234375 0.84375 0.0125 0.0046875
1915 0.3 0.921875 0.0109375 0.0046875
1913 0.3 0.91640625 0.009375 0.0046875
2234 0.3015625 0.9109375 0.0109375 0.0046875
1911 0.3015625 0.90625 0.0109375 0.0046875
2234 0.30234375 0.90078125 0.0109375 0.0046875
2234 0.303125 0.8953125 0.0109375 0.0046875
1900 0.303125 0.88984375 0.0109375 0.0046875
2234 0.30390625 0.884375 0.0109375 0.0046875
2234 0.3046875 0.8796875 0.0109375 0.0046875
2234 0.30546875 0.87421875 0.0109375 0.0046875
2234 0.30546875 0.86953125 0.0109375 0.0046875
2234 0.30625 0.8640625 0.0109375 0.0046875
1904 0.30703125 0.85859375 0.0109375 0.0046875
2234 0.30703125 0.853125 0.0125 0.0046875
2234 0.3078125 0.84765625 0.0125 0.0046875
2644 0.29296875 0.84140625 0.003125 0.00625
2234 0.309375 0.84296875 0.0125 0.0046875
2234 0.31015625 0.8375 0.0109375 0.0046875
1879 0.31015625 0.83203125 0.0125 0.0046875
2089 0.315625 0.82421875 0.00625 0.009375
2077 0.32265625 0.82421875 0.00625 0.009375
2088 0.3296875 0.82578125 0.00625 0.0078125
2070 0.3375 0.8265625 0.0046875 0.0078125
2076 0.34453125 0.8265625 0.00625 0.0078125
2086 0.3515625 0.82734375 0.00625 0.0078125
2069 0.35859375 0.828125 0.00625 0.0078125
2142 0.36640625 0.82890625 0.00625 0.0078125
2143 0.3734375 0.8296875 0.00625 0.009375
2234 0.38046875 0.83046875 0.00625 0.0078125
2084 0.38828125 0.83125 0.00625 0.0078125
2075 0.3953125 0.83203125 0.00625 0.0078125
2082 0.403125 0.8328125 0.00625 0.0078125
2073 0.41015625 0.83359375 0.00625 0.0078125
2078 0.4171875 0.834375 0.00625 0.009375
1312 0.45 0.8546875 0.0203125 0.015625
2046 0.3421875 0.58671875 0.00625 0.009375
2048 0.34921875 0.5859375 0.00625 0.009375
2234 0.35703125 0.58828125 0.00625 0.0078125
2050 0.3640625 0.58828125 0.00625 0.009375
2234 0.37109375 0.5890625 0.00625 0.009375
2234 0.378125 0.58984375 0.00625 0.009375
2130 0.3859375 0.58984375 0.00625 0.0078125
2129 0.39296875 0.59140625 0.0078125 0.0078125
2234 0.4 0.5921875 0.00625 0.0078125
2234 0.4078125 0.59296875 0.00625 0.0078125
2234 0.41484375 0.59375 0.00625 0.0078125
2234 0.42265625 0.59453125 0.00625 0.0078125
2051 0.4296875 0.5953125 0.00625 0.009375
2044 0.43671875 0.59609375 0.00625 0.009375
2053 0.44453125 0.596875 0.00625 0.009375
2111 0.45078125 0.58828125 0.009375 0.0046875
2187 0.4515625 0.5828125 0.009375 0.0046875
2179 0.4515625 0.57734375 0.0109375 0.0046875
2190 0.45234375 0.571875 0.0125 0.0046875
2181 0.453125 0.5671875 0.0125 0.0046875
2192 0.453125 0.56171875 0.0109375 0.0046875
2128 0.45390625 0.55625 0.0109375 0.0046875
2194 0.45546875 0.55078125 0.0125 0.0046875
2145 0.45546875 0.5453125 0.0109375 0.0046875
2157 0.45625 0.53984375 0.0125 0.0046875
2196 0.45625 0.53515625 0.0109375 0.0046875
2198 0.45703125 0.5296875 0.0109375 0.0046875
2170 0.45703125 0.52421875 0.0109375 0.0046875
2182 0.4578125 0.51953125 0.0109375 0.0046875
2201 0.45859375 0.5140625 0.0109375 0.0046875
2185 0.459375 0.50859375 0.0125 0.0046875
2203 0.459375 0.50390625 0.0109375 0.0046875
2205 0.46015625 0.49765625 0.0125 0.0046875
2039 0.3359375 0.5765625 0.0125 0.0046875
2234 0.3359375 0.57109375 0.0109375 0.0046875
2037 0.33671875 0.565625 0.0125 0.0046875
2225 0.3375 0.56015625 0.0125 0.0046875
2234 0.33828125 0.5546875 0.0125 0.0046875
2223 0.33828125 0.54921875 0.0109375 0.0046875
2234 0.3390625 0.54453125 0.0109375 0.0046875
2035 0.33984375 0.5390625 0.0109375 0.0046875
2234 0.33984375 0.53359375 0.009375 0.0046875
2234 0.340625 0.528125 0.009375 0.0046875
2216 0.34140625 0.52265625 0.009375 0.0046875
2214 0.3421875 0.5171875 0.0109375 0.0046875
2038 0.3421875 0.5125 0.0109375 0.0046875
2034 0.34296875 0.50703125 0.0109375 0.0046875
2212 0.34375 0.5015625 0.0109375 0.0046875
2234 0.34375 0.49609375 0.0109375 0.0046875
2209 0.3453125 0.490625 0.0109375 0.0046875
2207 0.34609375 0.48515625 0.0109375 0.0046875
2162 0.3609375 0.48359375 0.00625 0.0078125
2134 0.36796875 0.48359375 0.00625 0.0078125
2173 0.375 0.48515625 0.00625 0.0078125
2135 0.3828125 0.4859375 0.00625 0.0078125
2234 0.38984375 0.4859375 0.00625 0.0078125
2131 0.396875 0.4875 0.0046875 0.00625
2132 0.4046875 0.48828125 0.0046875 0.00625
2234 0.41171875 0.4890625 0.0046875 0.00625
2136 0.41953125 0.48984375 0.00625 0.0078125
2234 0.4265625 0.490625 0.0046875 0.00625
2133 0.43359375 0.49140625 0.00625 0.0078125
2164 0.440625 0.4921875 0.00625 0.0078125
2054 0.44765625 0.49296875 0.00625 0.0078125
1447 0.396875 0.53828125 0.0984375 0.084375
161 0.40390625 0.5390625 0.034375 0.0625
1724 0.39375 0.4390625 0.00625 0.009375
2100 0.39140625 0.4640625 0.0046875 0.00625
1321 0.40625 0.44140625 0.0171875 0.0125
1493 0.403125 0.4578125 0.0203125 0.0234375
1725 0.42109375 0.46875 0.0078125 0.0078125
1012 0.42109375 0.45234375 0.0078125 0.0125
2052 0.42265625 0.440625 0.00625 0.0078125
1322 0.4328125 0.46796875 0.01875 0.0125
1494 0.43359375 0.4515625 0.0234375 0.0265625
1306 0.4390625 0.39765625 0.0203125 0.0140625
1495 0.43671875 0.35546875 0.034375 0.01875
1495 0.43828125 0.34140625 0.0359375 0.0140625
1495 0.4390625 0.33046875 0.0359375 0.0140625
1495 0.440625 0.31953125 0.0359375 0.0140625
1323 0.44296875 0.3046875 0.0328125 0.021875
1324 0.5015625 0.246875 0.0203125 0.0359375
1441 0.53125 0.2015625 0.04375 0.0390625
1430 0.6109375 0.21015625 0.04375 0.0390625
1277 0.6328125 0.265625 0.1421875 0.0390625
1300 0.69609375 0.221875 0.0203125 0.0140625
1324 0.80625 0.2765625 0.140625 0.0265625
1301 0.8734375 0.32109375 0.0203125 0.0171875
1245 0.51171875 0.9703125 0.1921875 0.059375
2052 0.509375 0.934375 0.00625 0.0078125
1460 0.51953125 0.93828125 0.0109375 0.015625
1462 0.5296875 0.9390625 0.0109375 0.0171875
785 0.54453125 0.940625 0.0078125 0.0125
1446 0.5296875 0.90625 0.04375 0.040625
2061 0.51796875 0.87421875 0.00625 0.0078125
741 0.525 0.875 0.0078125 0.0125
774 0.53359375 0.87578125 0.0078125 0.0125
752 0.54375 0.8765625 0.0078125 0.0125
763 0.55234375 0.878125 0.0078125 0.0125
1303 0.60234375 0.8234375 0.0203125 0.015625
1465 0.4984375 0.7375 0.0203125 0.0078125
1074 0.6046875 0.78203125 0.0109375 0.0046875
416 0.60546875 0.77421875 0.0328125 0.0125
852 0.60546875 0.765625 0.01875 0.0078125
1179 0.615625 0.74921875 0.0484375 0.028125
1177 0.61953125 0.69765625 0.0484375 0.028125
1063 0.60703125 0.73125 0.0109375 0.0046875
1806 0.6359375 0.73515625 0.00625 0.0078125
444 0.609375 0.7234375 0.0328125 0.0125
740 0.61015625 0.71328125 0.01875 0.0046875
1921 0.63984375 0.68125 0.00625 0.009375
1305 0.62265625 0.63671875 0.0171875 0.015625
1314 0.49921875 0.59453125 0.0203125 0.015625
1294 0.6328125 0.525 0.021875 0.0140625
1299 0.48984375 0.44921875 0.021875 0.0140625
1845 0.4984375 0.41484375 0.01875 0.0296875
1798 0.4921875 0.37734375 0.0390625 0.046875
1846 0.50625 0.3453125 0.01875 0.0265625
440 0.5578125 0.4375 0.0328125 0.0515625
1521 0.540625 0.3609375 0.0109375 0.0140625
4448 0.5359375 0.34140625 0.0203125 0.015625
1840 0.5484375 0.3421875 0.00625 0.0078125
411 0.56796875 0.35859375 0.0328125 0.05
1027 0.57734375 0.31484375 0.0109375 0.0171875
1020 0.59453125 0.32890625 0.0109375 0.0171875
1022 0.609375 0.33046875 0.0078125 0.0125
1026 0.578125 0.38984375 0.00625 0.0078125
1025 0.59140625 0.38671875 0.0078125 0.0109375
1024 0.60546875 0.3890625 0.0078125 0.0125
1023 0.61796875 0.390625 0.0078125 0.0125
1019 0.62421875 0.3140625 0.0203125 0.0078125
1018 0.653125 0.31640625 0.0203125 0.0078125
438 0.64765625 0.3359375 0.0671875 0.0265625
1423 0.63203125 0.3671875 0.0625 0.040625
1717 0.603125 0.33125 0.0078125 0.009375
2032 0.5765625 0.4015625 0.0078125 0.0125
2234 0.58359375 0.38984375 0.00625 0.009375
2030 0.59765625 0.39140625 0.00625 0.00625
2234 0.61171875 0.39296875 0.0078125 0.0078125
1467 0.61953125 0.440625 0.084375 0.0703125
1463 0.690625 0.4453125 0.028125 0.034375
1839 0.71328125 0.446875 0.01875 0.0296875
1164 0.7265625 0.446875 0.009375 0.0125
415 0.74609375 0.4515625 0.0328125 0.05
949 0.76640625 0.4515625 0.009375 0.0125
978 0.68828125 0.40078125 0.0078125 0.0125
963 0.76875 0.4125 0.0078125 0.0125
1276 0.753125 0.38671875 0.0203125 0.0140625
632 0.7328125 0.3328125 0.0140625 0.0109375
1370 0.66875 0.1078125 0.5015625 0.2109375
2247 0.66171875 0.965625 0.0765625 0.06875
1244 0.7578125 0.98046875 0.09375 0.0390625
1304 0.84296875 0.98046875 0.021875 0.0140625
1275 0.71796875 0.8640625 0.021875 0.0140625
1522 0.6703125 0.9125 0.0109375 0.0125
1834 0.67109375 0.89921875 0.0078125 0.0078125
1220 0.6625 0.846875 0.0609375 0.046875
1232 0.66796875 0.79140625 0.0625 0.046875
414 0.7609375 0.875 0.0359375 0.053125
4488 0.8234375 0.87890625 0.0984375 0.125
1008 0.86484375 0.88828125 0.0109375 0.0171875
436 0.89140625 0.8890625 0.0328125 0.05
1520 0.89609375 0.8328125 0.0078125 0.009375
629 0.83125 0.80703125 0.0140625 0.0109375
1302 0.853125 0.76015625 0.021875 0.0171875
4447 0.88671875 0.8140625 0.0203125 0.015625
1837 0.9 0.81484375 0.0078125 0.0078125
1843 0.90546875 0.81484375 0.00625 0.0078125
431 0.784375 0.65234375 0.025 0.0390625
2249 0.796875 0.63671875 0.00625 0.0046875
4487 0.84453125 0.659375 0.0921875 0.121875
1007 0.88828125 0.66953125 0.0109375 0.0171875
434 0.91328125 0.6703125 0.0328125 0.053125
4445 0.91171875 0.5984375 0.0203125 0.0140625
1519 0.9203125 0.6171875 0.0078125 0.0125
1835 0.92421875 0.5984375 0.0078125 0.009375
1842 0.9296875 0.59921875 0.00625 0.0078125
628 0.85546875 0.584375 0.0140625 0.0109375
1295 0.875 0.5375 0.01875 0.0140625
1309 0.74296875 0.63359375 0.0203125 0.0140625
1284 0.69375 0.665625 0.0484375 0.1375
1315 0.70625 0.559375 0.0375 0.0375
1496 0.70390625 0.59375 0.0375 0.0140625
1496 0.7046875 0.58203125 0.0390625 0.015625
2249 0.8203125 0.41328125 0.00625 0.0046875
412 0.80625 0.4296875 0.025 0.0390625
4480 0.8703125 0.4359375 0.0984375 0.1203125
627 0.87890625 0.36328125 0.0140625 0.0109375
1010 0.91328125 0.4453125 0.0109375 0.0171875
437 0.93828125 0.44609375 0.034375 0.05
1518 0.94375 0.3890625 0.0078125 0.0125
4444 0.93125 0.37109375 0.021875 0.015625
1838 0.9453125 0.371875 0.00625 0.0078125
1833 0.95078125 0.371875 0.00625 0.0078125
1310 0.30625 0.5640625 0.021875 0.015625
4 0.11328125 0.85078125 0.009375 0.0125
13 0.13984375 0.85 0.040625 0.0125
202 0.37890625 0.02734375 0.0125 0.009375
197 0.38671875 0.0171875 0.0109375 0.009375
295 0.38359375 0.00625 0.009375 0.009375
292 0.36796875 0.0015625 0.0078125 0.003125
282 0.353125 0.00390625 0.009375 0.0078125
271 0.3484375 0.0140625 0.0109375 0.0078125
257 0.35234375 0.02421875 0.009375 0.0078125
234 0.36640625 0.03046875 0.009375 0.0078125
124 0.5359375 0.20234375 0.0203125 0.015625
124 0.615625 0.209375 0.01875 0.0171875
204 0.50546875 0.3453125 0.00625 0.00625
60 0.56875 0.35703125 0.0203125 0.0171875
191 0.4875 0.3703125 0.0125 0.0265625
267 0.49609375 0.3703125 0.009375 0.021875
280 0.4984375 0.41484375 0.009375 0.009375
49 0.61953125 0.4375 0.071875 0.0453125
183 0.37890625 0.709375 0.1921875 0.1375
134 0.528125 0.90859375 0.0328125 0.015625
102 0.615625 0.75 0.0328125 0.01875
99 0.61953125 0.6984375 0.03125 0.0171875
38 0.6484375 0.334375 0.0265625 0.015625
60 0.746875 0.45 0.0171875 0.0171875
256 0.69140625 0.44375 0.0109375 0.015625
246 0.7109375 0.44765625 0.0078125 0.009375
60 0.76171875 0.875 0.0171875 0.0171875
23 0.784375 0.6546875 0.0171875 0.0171875
23 0.80703125 0.43046875 0.015625 0.0171875
28 0.9390625 0.4453125 0.01875 0.0203125
28 0.91484375 0.66875 0.0203125 0.01875
28 0.8921875 0.88828125 0.01875 0.01875
1345 0.71015625 0.4046875 0.0328125 0.0359375
631 0.5171875 0.31171875 0.0171875 0.0109375
630 0.55625 0.3140625 0.0171875 0.0125
707 0.1953125 0.928125 0.025 0.021875