4415 0.1453125 0.09453125 0.071875 0.0328125
4273 0.0484375 0.11875 0.01640625 0.0125
3430 0.05859375 0.13828125 0.02265625 0.0125
4204 0.0609375 0.1515625 0.0265625 0.01328125
4272 0.04921875 0.17421875 0.01640625 0.01328125
3746 0.059375 0.1984375 0.02265625 0.01328125
4271 0.09609375 0.21875 0.01640625 0.01328125
3595 0.1046875 0.1421875 0.021875 0.0125
3674 0.159375 0.1703125 0.01484375 0.009375
3439 0.159375 0.19609375 0.0140625 0.00859375
3939 0.21875 0.09453125 0.01171875 0.0078125
4016 0.2171875 0.10234375 0.01171875 0.00703125
4058 0.2171875 0.109375 0.01171875 0.00703125
3944 0.2171875 0.1171875 0.01171875 0.00703125
4060 0.2171875 0.12421875 0.01171875 0.00703125
4062 0.2171875 0.13125 0.0109375 0.00703125
3946 0.21796875 0.13984375 0.01171875 0.00703125
3948 0.21796875 0.146875 0.01171875 0.00703125
4064 0.21796875 0.15390625 0.01171875 0.00703125
4067 0.21875 0.1609375 0.01171875 0.00703125
3950 0.2171875 0.16875 0.01171875 0.00703125
4069 0.2171875 0.17578125 0.01171875 0.00703125
3952 0.2171875 0.18203125 0.01171875 0.00703125
4071 0.21796875 0.18984375 0.01171875 0.00703125
3955 0.2171875 0.196875 0.01171875 0.00703125
4073 0.21875 0.20390625 0.0109375 0.00703125
3957 0.21875 0.21171875 0.01171875 0.00703125
4075 0.21796875 0.21953125 0.01171875 0.00703125
4139 0.2453125 0.0734375 0.0046875 0.01484375
4118 0.2515625 0.07421875 0.00546875 0.015625
4146 0.25703125 0.07421875 0.0046875 0.015625
4120 0.26171875 0.075 0.0046875 0.015625
4119 0.26796875 0.075 0.00546875 0.01640625
4117 0.27265625 0.075 0.0046875 0.01640625
4116 0.278125 0.07265625 0.0046875 0.0125
4121 0.28359375 0.07578125 0.00546875 0.01640625
4116 0.2890625 0.0734375 0.0046875 0.01171875
4116 0.29375 0.0734375 0.00546875 0.01171875
4078 0.29921875 0.075 0.0046875 0.015625
4093 0.30546875 0.075 0.0046875 0.015625
4143 0.31015625 0.07578125 0.0046875 0.01640625
4344 0.32578125 0.08046875 0.01640625 0.01328125
3937 0.3328125 0.09453125 0.01171875 0.0078125
3935 0.33359375 0.10234375 0.0109375 0.00703125
3917 0.33359375 0.109375 0.01171875 0.00703125
3933 0.33359375 0.1171875 0.01171875 0.00703125
3916 0.334375 0.125 0.0109375 0.00703125
3914 0.33359375 0.1328125 0.01171875 0.00703125
3930 0.33359375 0.13984375 0.01171875 0.00703125
3928 0.33359375 0.146875 0.01171875 0.00703125
3912 0.33359375 0.153125 0.01171875 0.00703125
3909 0.3328125 0.1609375 0.0109375 0.00703125
3926 0.33359375 0.16875 0.01171875 0.0078125
3907 0.3328125 0.17578125 0.01171875 0.00703125
3924 0.3328125 0.1828125 0.0125 0.0078125
3905 0.33359375 0.190625 0.01171875 0.00703125
3922 0.33359375 0.19765625 0.01171875 0.00703125
3903 0.334375 0.20625 0.01171875 0.0078125
3919 0.334375 0.21328125 0.01171875 0.00703125
3901 0.33125 0.221875 0.01171875 0.0078125
4087 0.23359375 0.23671875 0.00546875 0.01640625
4082 0.2421875 0.24921875 0.0046875 0.015625
2750 0.2484375 0.25234375 0.0046875 0.00859375
4079 0.253125 0.25390625 0.00546875 0.01640625
4084 0.25859375 0.25546875 0.00546875 0.015625
4090 0.26484375 0.2203125 0.00546875 0.015625
4114 0.26953125 0.25 0.00546875 0.015625
4115 0.275 0.25703125 0.0046875 0.015625
4080 0.27890625 0.2640625 0.0046875 0.015625
4091 0.28515625 0.25 0.0046875 0.01640625
4086 0.29140625 0.259375 0.0046875 0.015625
4081 0.29609375 0.25390625 0.00546875 0.015625
4089 0.3015625 0.25234375 0.0046875 0.01171875
4092 0.31328125 0.253125 0.00546875 0.015625
4083 0.30703125 0.253125 0.00546875 0.0125
2516 0.36875 0.07890625 0.0640625 0.015625
3631 0.35234375 0.14140625 0.00546875 0.00703125
3896 0.36484375 0.146875 0.0109375 0.0078125
3629 0.378125 0.14140625 0.009375 0.00703125
3897 0.38984375 0.14609375 0.0109375 0.00703125
3315 0.3890625 0.15703125 0.01640625 0.01171875
3898 0.346875 0.17421875 0.01171875 0.00703125
3126 0.3625 0.1734375 0.0109375 0.00625
3899 0.39140625 0.17890625 0.0109375 0.00703125
4433 0.3859375 0.1921875 0.0109375 0.0125
3593 0.3546875 0.20546875 0.009375 0.0078125
2289 0.37890625 0.20625 0.0171875 0.00703125
3676 0.41796875 0.20078125 0.01328125 0.00859375
3439 0.41953125 0.228125 0.0140625 0.00859375
2594 0.509375 0.12578125 0.03125 0.0125
3760 0.53828125 0.146875 0.00625 0.0078125
3807 0.540625 0.165625 0.0109375 0.00703125
3808 0.540625 0.17265625 0.0109375 0.00703125
3270 0.50859375 0.17109375 0.009375 0.00859375
4274 0.49921875 0.18203125 0.015625 0.01171875
2595 0.509375 0.2046875 0.03203125 0.0125
3761 0.53984375 0.225 0.00625 0.00703125
3809 0.54140625 0.24140625 0.01171875 0.00625
3810 0.54140625 0.24765625 0.01171875 0.00703125
3271 0.5125 0.24296875 0.00859375 0.00703125
4275 0.50078125 0.259375 0.015625 0.01171875
3660 0.83359375 0.10078125 0.0140625 0.01015625
3439 0.8328125 0.1296875 0.01328125 0.009375
2398 0.88203125 0.096875 0.03671875 0.01328125
2352 0.815625 0.171875 0.03828125 0.025
4204 0.8109375 0.19296875 0.0265625 0.01171875
4266 0.8453125 0.18515625 0.015625 0.0125
2700 0.81953125 0.2265625 0.00625 0.0125
2542 0.84453125 0.2453125 0.0421875 0.01171875
2685 0.890625 0.240625 0.00546875 0.00703125
2682 0.90234375 0.24140625 0.00546875 0.00859375
2644 0.90078125 0.11015625 0.00625 0.003125
2700 0.890625 0.109375 0.00546875 0.0046875
4300 0.921875 0.121875 0.021875 0.01328125
4299 0.92109375 0.13515625 0.02265625 0.01328125
4404 0.93046875 0.1484375 0.0078125 0.01171875
4298 0.92421875 0.16328125 0.0234375 0.0140625
4302 0.92421875 0.178125 0.02734375 0.015625
3659 0.9359375 0.22421875 0.009375 0.015625
2680 0.95234375 0.14296875 0.00625 0.0078125
2671 0.97890625 0.14375 0.00546875 0.00859375
2700 0.953125 0.2421875 0.00390625 0.0078125
2644 0.97734375 0.24375 0.003125 0.0078125
3659 0.990625 0.24921875 0.0125 0.01328125
4436 0.99140625 0.2296875 0.00625 0.00859375
3482 0.03515625 0.26328125 0.02109375 0.0140625
3287 0.03125 0.28828125 0.01171875 0.01328125
3753 0.0671875 0.2671875 0.0109375 0.0125
3769 0.06640625 0.27890625 0.01171875 0.00703125
3781 0.06640625 0.2859375 0.01171875 0.00703125
3316 0.096875 0.2640625 0.021875 0.01328125
3288 0.09296875 0.2890625 0.01171875 0.01328125
3755 0.1296875 0.26796875 0.01171875 0.0125
3780 0.128125 0.27890625 0.01171875 0.00703125
3768 0.128125 0.2859375 0.0125 0.00703125
3782 0.13125 0.29609375 0.01171875 0.0078125
3656 0.04140625 0.30546875 0.01328125 0.00859375
2515 0.0828125 0.30546875 0.0640625 0.015625
3439 0.04140625 0.33046875 0.0140625 0.0078125
4343 0.0484375 0.3421875 0.01640625 0.01328125
3871 0.05859375 0.32734375 0.00546875 0.01640625
3869 0.0640625 0.3265625 0.00546875 0.015625
3844 0.0703125 0.32734375 0.0046875 0.01171875
3867 0.075 0.33203125 0.0046875 0.015625
3844 0.08046875 0.325 0.00546875 0.0125
3844 0.08515625 0.328125 0.00546875 0.01171875
3864 0.090625 0.33359375 0.0046875 0.015625
3855 0.096875 0.3265625 0.0046875 0.01171875
3844 0.10234375 0.3265625 0.00546875 0.0109375
4137 0.10703125 0.33046875 0.0046875 0.01171875
3844 0.1125 0.32578125 0.00546875 0.01171875
3833 0.11796875 0.32734375 0.0046875 0.01171875
3860 0.1234375 0.3296875 0.00546875 0.015625
3855 0.12890625 0.3265625 0.0046875 0.0125
3833 0.134375 0.32734375 0.0046875 0.01328125
3855 0.1453125 0.325 0.00546875 0.0125
3836 0.15078125 0.32890625 0.0046875 0.015625
3650 0.009375 0.3640625 0.015625 0.0125
4433 0.01015625 0.3765625 0.01171875 0.01171875
3822 0.0078125 0.3875 0.009375 0.00703125
4056 0.0421875 0.35546875 0.00859375 0.00703125
4135 0.0453125 0.3640625 0.01171875 0.00703125
4103 0.04375 0.3703125 0.00859375 0.00625
4111 0.0421875 0.378125 0.00859375 0.00703125
3834 0.0296875 0.36484375 0.01171875 0.00703125
3120 0.02421875 0.38046875 0.009375 0.00703125
2289 0.03515625 0.4125 0.0171875 0.00703125
3822 0.03125 0.41875 0.00859375 0.00703125
3822 0.00859375 0.41875 0.009375 0.0078125
3593 0.015625 0.41171875 0.00859375 0.00625
3631 0.01640625 0.44296875 0.00625 0.00703125
3629 0.03984375 0.44375 0.00859375 0.00703125
3315 0.0109375 0.4515625 0.01640625 0.01171875
3649 0.0109375 0.46328125 0.01640625 0.0109375
2754 0.0640625 0.38984375 0.0046875 0.00703125
2728 0.06328125 0.39765625 0.00234375 0.0078125
2745 0.0640625 0.4046875 0.003125 0.00703125
2745 0.0640625 0.4109375 0.003125 0.00703125
2759 0.0640625 0.41875 0.0046875 0.00703125
2745 0.0640625 0.4265625 0.003125 0.00703125
2745 0.06328125 0.434375 0.003125 0.00703125
4128 0.05234375 0.45390625 0.00859375 0.00703125
4110 0.046875 0.4609375 0.0109375 0.00703125
3873 0.0578125 0.47734375 0.00546875 0.015625
2695 0.0640625 0.4796875 0.0046875 0.01171875
3894 0.06953125 0.4796875 0.00546875 0.015625
3879 0.07578125 0.47890625 0.00546875 0.015625
4023 0.08125 0.47890625 0.00546875 0.01640625
4025 0.0859375 0.4796875 0.0046875 0.01640625
3881 0.09140625 0.4796875 0.00546875 0.01640625
3883 0.09609375 0.4796875 0.00390625 0.01640625
4028 0.1015625 0.4796875 0.00546875 0.01640625
3885 0.10625 0.4796875 0.0046875 0.015625
4029 0.1109375 0.4796875 0.0046875 0.015625
4030 0.11796875 0.48046875 0.00546875 0.015625
3887 0.1234375 0.4796875 0.0046875 0.015625
4031 0.128125 0.4796875 0.0046875 0.015625
2707 0.1328125 0.4796875 0.0046875 0.0125
4027 0.13984375 0.46953125 0.00546875 0.01171875
3892 0.1453125 0.44296875 0.00546875 0.015625
4033 0.15390625 0.4625 0.0046875 0.01484375
3675 0.1421875 0.49921875 0.0140625 0.00859375
3439 0.15546875 0.48984375 0.01328125 0.009375
4055 0.16328125 0.34453125 0.01171875 0.00703125
4043 0.17421875 0.35703125 0.01171875 0.00703125
4054 0.17421875 0.3640625 0.01171875 0.00625
4036 0.1734375 0.37109375 0.01171875 0.0078125
4042 0.1734375 0.378125 0.01171875 0.00703125
4052 0.1734375 0.38515625 0.0125 0.0078125
4035 0.17265625 0.39296875 0.01171875 0.00703125
4108 0.1734375 0.4 0.01171875 0.00703125
4109 0.1734375 0.40703125 0.01171875 0.00703125
3765 0.16875 0.41484375 0.003125 0.00703125
2779 0.17578125 0.415625 0.00546875 0.00703125
4050 0.17265625 0.4234375 0.01171875 0.00703125
4041 0.17265625 0.43046875 0.01171875 0.00703125
4048 0.171875 0.4375 0.01171875 0.00703125
4039 0.178125 0.44375 0.0109375 0.0078125
4044 0.17421875 0.45078125 0.0125 0.00703125
4413 0.22421875 0.2703125 0.06875 0.0125
4369 0.18125 0.29765625 0.01171875 0.0125
2791 0.19453125 0.29921875 0.003125 0.00703125
2833 0.19296875 0.30546875 0.003125 0.00703125
2843 0.19453125 0.31171875 0.003125 0.00703125
3267 0.1921875 0.3171875 0.003125 0.00703125
3326 0.19453125 0.3234375 0.00234375 0.00703125
3358 0.1921875 0.32890625 0.00234375 0.00703125
3438 0.19453125 0.33515625 0.00390625 0.00703125
3446 0.1921875 0.340625 0.003125 0.00703125
3488 0.19453125 0.346875 0.00234375 0.00703125
3554 0.19140625 0.3515625 0.003125 0.00703125
3559 0.19375 0.359375 0.00234375 0.00703125
3586 0.19140625 0.36484375 0.00390625 0.00703125
3627 0.19453125 0.371875 0.003125 0.00703125
3635 0.19140625 0.3765625 0.003125 0.0078125
3765 0.19453125 0.3828125 0.003125 0.00703125
4284 0.19140625 0.3890625 0.00234375 0.00703125
4340 0.19453125 0.3953125 0.003125 0.00703125
4384 0.19140625 0.40078125 0.003125 0.00703125
4402 0.19453125 0.40703125 0.00390625 0.00703125
4421 0.19140625 0.41171875 0.003125 0.00703125
2808 0.19453125 0.41875 0.00625 0.00703125
2809 0.190625 0.425 0.00546875 0.00703125
2810 0.19453125 0.43125 0.00546875 0.00625
2813 0.18984375 0.43671875 0.00546875 0.00703125
2817 0.19453125 0.44296875 0.00546875 0.00703125
2818 0.18984375 0.44921875 0.00546875 0.00703125
2819 0.19453125 0.4546875 0.00546875 0.00703125
2820 0.18984375 0.46015625 0.00546875 0.00703125
2821 0.19453125 0.4671875 0.00546875 0.00703125
3554 0.19140625 0.47265625 0.003125 0.00703125
2822 0.19453125 0.47890625 0.00546875 0.00703125
2823 0.190625 0.48515625 0.00546875 0.00703125
2824 0.19453125 0.490625 0.00546875 0.00625
2826 0.190625 0.496875 0.00546875 0.00703125
2644 0.2046875 0.28828125 0.00234375 0.00703125
2700 0.209375 0.2828125 0.003125 0.00703125
2728 0.21328125 0.28828125 0.003125 0.00703125
2745 0.21796875 0.2828125 0.003125 0.00703125
2756 0.221875 0.28828125 0.003125 0.00703125
2766 0.2265625 0.2828125 0.00234375 0.00703125
2769 0.23125 0.28828125 0.003125 0.0078125
2775 0.23515625 0.2828125 0.00234375 0.00703125
2784 0.2390625 0.28828125 0.00390625 0.00625
2655 0.2484375 0.28828125 0.00546875 0.00703125
2661 0.253125 0.28203125 0.00546875 0.0078125
2671 0.2578125 0.28828125 0.00546875 0.00625
2680 0.2625 0.28203125 0.00546875 0.00625
2682 0.26640625 0.28828125 0.00546875 0.00703125
2685 0.27109375 0.28203125 0.00546875 0.00703125
2690 0.275 0.28828125 0.00546875 0.00703125
2692 0.2796875 0.28203125 0.00546875 0.00625
2693 0.28359375 0.28828125 0.00546875 0.00703125
2701 0.28828125 0.28203125 0.00546875 0.00625
2706 0.2921875 0.28828125 0.00546875 0.00703125
2710 0.29765625 0.28203125 0.00546875 0.00703125
2714 0.30078125 0.2890625 0.00546875 0.00625
2715 0.30625 0.28203125 0.00546875 0.0078125
2718 0.31015625 0.2890625 0.00546875 0.0078125
2721 0.31484375 0.28203125 0.00546875 0.00703125
2722 0.31875 0.2890625 0.00546875 0.00703125
2723 0.32421875 0.28203125 0.00546875 0.00703125
2724 0.32734375 0.28828125 0.00625 0.00703125
2729 0.3328125 0.28203125 0.00625 0.00703125
2732 0.3359375 0.2890625 0.00546875 0.00703125
2733 0.33984375 0.28203125 0.00625 0.0078125
2734 0.34453125 0.28828125 0.00546875 0.00703125
2736 0.35 0.2828125 0.00625 0.00703125
3673 0.41796875 0.29921875 0.01328125 0.009375
3439 0.4296875 0.30703125 0.0125 0.00859375
4004 0.40703125 0.32578125 0.00546875 0.01640625
4190 0.4125 0.32890625 0.0046875 0.00859375
4002 0.4171875 0.33125 0.0046875 0.015625
4193 0.4234375 0.328125 0.0046875 0.01171875
3997 0.428125 0.32421875 0.00546875 0.01171875
4191 0.43359375 0.32890625 0.00546875 0.01171875
3997 0.4390625 0.32421875 0.00546875 0.0125
4000 0.44453125 0.3265625 0.00546875 0.015625
4179 0.45 0.3265625 0.0046875 0.00859375
3993 0.4546875 0.325 0.00546875 0.0125
4184 0.4609375 0.32734375 0.00546875 0.01171875
4182 0.46640625 0.32734375 0.0046875 0.01171875
3999 0.47109375 0.32578125 0.00546875 0.015625
3998 0.4765625 0.328125 0.0046875 0.015625
4180 0.48203125 0.328125 0.00546875 0.01171875
4190 0.4875 0.32734375 0.0046875 0.0078125
4177 0.49140625 0.3296875 0.0046875 0.01171875
4175 0.49921875 0.33046875 0.00546875 0.01171875
4011 0.39765625 0.34609375 0.01171875 0.00703125
4013 0.38828125 0.35859375 0.01171875 0.00859375
4006 0.40859375 0.3671875 0.009375 0.00859375
4015 0.38984375 0.37265625 0.0109375 0.00703125
4006 0.3828125 0.38046875 0.00859375 0.00703125
4001 0.38359375 0.38828125 0.00859375 0.00703125
4096 0.3890625 0.3953125 0.0109375 0.00703125
4095 0.384375 0.403125 0.01171875 0.0078125
4001 0.40859375 0.41015625 0.00859375 0.0078125
4010 0.3890625 0.4171875 0.00859375 0.00703125
4006 0.40859375 0.425 0.009375 0.00703125
4006 0.40859375 0.43203125 0.009375 0.00703125
4017 0.3828125 0.43984375 0.01171875 0.00703125
4009 0.38359375 0.446875 0.01171875 0.00703125
4019 0.396875 0.46015625 0.0109375 0.00703125
4077 0.40703125 0.4796875 0.0046875 0.01171875
4155 0.4125 0.4796875 0.00546875 0.0125
4147 0.41796875 0.48046875 0.0046875 0.01640625
4158 0.42265625 0.478125 0.0046875 0.0125
4149 0.428125 0.47890625 0.0046875 0.015625
4160 0.434375 0.478125 0.00546875 0.01171875
4094 0.4390625 0.478125 0.00546875 0.01171875
4162 0.44453125 0.47734375 0.0046875 0.0125
4111 0.44921875 0.47734375 0.00546875 0.01328125
4123 0.4546875 0.4734375 0.00546875 0.01328125
4164 0.46015625 0.47734375 0.00546875 0.0125
4166 0.46640625 0.47734375 0.00546875 0.0125
4137 0.471875 0.47890625 0.0046875 0.01328125
4151 0.4765625 0.478125 0.0046875 0.0125
4169 0.48203125 0.4765625 0.00546875 0.0125
4153 0.48671875 0.4734375 0.0046875 0.0125
4171 0.49296875 0.47890625 0.00546875 0.01328125
4173 0.49921875 0.4765625 0.00546875 0.0125
2514 0.53359375 0.33125 0.06328125 0.015625
4368 0.50703125 0.3453125 0.01171875 0.01171875
4129 0.51640625 0.35859375 0.0109375 0.00703125
4100 0.51640625 0.365625 0.01171875 0.00703125
4141 0.51171875 0.3734375 0.01171875 0.00703125
4101 0.51640625 0.38046875 0.0109375 0.00703125
4047 0.5125 0.38984375 0.00859375 0.00625
4097 0.51015625 0.39609375 0.0109375 0.00703125
4098 0.51484375 0.40390625 0.0109375 0.00703125
4094 0.5140625 0.4109375 0.009375 0.00703125
4056 0.5265625 0.41328125 0.00859375 0.00625
4102 0.5109375 0.4171875 0.0109375 0.0078125
2734 0.49140625 0.42578125 0.00546875 0.00703125
4099 0.5140625 0.43359375 0.0109375 0.00703125
4131 0.5125 0.43984375 0.01171875 0.00703125
4020 0.5140625 0.44921875 0.01171875 0.00703125
3631 0.525 0.38203125 0.00625 0.00703125
4066 0.5328125 0.3875 0.009375 0.00703125
3629 0.55078125 0.38203125 0.00859375 0.00703125
4047 0.56171875 0.38828125 0.00859375 0.00703125
3315 0.5625 0.4 0.015625 0.01328125
3685 0.5765625 0.4 0.0109375 0.01328125
3125 0.55078125 0.41171875 0.0109375 0.00625
4018 0.5578125 0.42109375 0.0078125 0.00625
4433 0.56015625 0.43125 0.01171875 0.0125
3686 0.57265625 0.43125 0.0109375 0.0125
3593 0.52578125 0.4421875 0.009375 0.00703125
2289 0.55234375 0.4421875 0.0171875 0.0078125
3651 0.40625 0.15703125 0.01640625 0.0125
3652 0.4015625 0.1921875 0.01640625 0.01171875
2757 0.59921875 0.3875 0.00546875 0.0078125
2718 0.6015625 0.3953125 0.00546875 0.0078125
3669 0.5953125 0.4140625 0.0125 0.009375
3439 0.59609375 0.43984375 0.01328125 0.009375
4385 0.621875 0.396875 0.01640625 0.01328125
3687 0.61875 0.415625 0.0109375 0.0125
4240 0.6203125 0.44296875 0.0109375 0.0125
2644 0.62734375 0.41328125 0.00234375 0.00703125
2700 0.62734375 0.42734375 0.003125 0.0078125
4299 0.63671875 0.3953125 0.0078125 0.0171875
4300 0.646875 0.396875 0.00703125 0.0171875
4298 0.65625 0.39609375 0.00703125 0.0171875
4302 0.67109375 0.396875 0.00703125 0.0171875
3628 0.68046875 0.4 0.00703125 0.0125
2270 0.69375 0.39453125 0.00625 0.02421875
4300 0.63125 0.446875 0.00625 0.01796875
4299 0.64296875 0.44765625 0.00625 0.01796875
4298 0.65390625 0.44609375 0.00625 0.0171875
4302 0.665625 0.446875 0.00625 0.01796875
3628 0.68046875 0.44453125 0.00625 0.01328125
3439 0.6921875 0.44765625 0.00703125 0.01796875
2732 0.7015625 0.41328125 0.00546875 0.00859375
2733 0.7015625 0.42890625 0.00546875 0.00859375
2644 0.73515625 0.3875 0.00234375 0.0078125
2721 0.73203125 0.39609375 0.00546875 0.00703125
3510 0.75703125 0.39375 0.01171875 0.01328125
4283 0.81796875 0.26328125 0.0453125 0.015625
3269 0.8171875 0.28203125 0.01015625 0.01328125
3811 0.83046875 0.28515625 0.00859375 0.0078125
4263 0.853125 0.29375 0.03125 0.0125
3280 0.8171875 0.33046875 0.0109375 0.01328125
3822 0.83203125 0.3234375 0.009375 0.00703125
3355 0.8515625 0.3171875 0.02734375 0.01328125
4270 0.965625 0.28125 0.015625 0.01171875
2728 0.9828125 0.28515625 0.003125 0.00703125
2745 0.9484375 0.284375 0.003125 0.00546875
4281 0.9375 0.30390625 0.01171875 0.04375
2370 0.92734375 0.309375 0.009375 0.0640625
3671 0.92421875 0.34765625 0.0140625 0.009375
2766 0.94921875 0.35390625 0.003125 0.00703125
2644 0.98203125 0.353125 0.00234375 0.00703125
3661 0.8375 0.346875 0.01328125 0.01015625
3439 0.83671875 0.3734375 0.0140625 0.00859375
3439 0.9234375 0.37421875 0.0140625 0.00859375
3680 0.9765625 0.38203125 0.01171875 0.0125
348 0.89453125 0.3984375 0.00625 0.0078125
347 0.903125 0.39921875 0.00703125 0.0078125
346 0.93359375 0.39921875 0.00703125 0.00859375
3655 0.75234375 0.4375 0.01640625 0.01328125
3688 0.71953125 0.45234375 0.01171875 0.01328125
2342 0.7609375 0.4515625 0.0625 0.0140625
4363 0.79453125 0.4734375 0.0125 0.01328125
2762 0.76328125 0.4921875 0.009375 0.015625
2270 0.740625 0.4984375 0.009375 0.02890625
3640 0.746875 0.5234375 0.0171875 0.01328125
4352 0.7890625 0.54296875 0.01171875 0.01328125
74 0.034375 0.5625 0.01015625 0.06015625
2756 0.05625 0.52734375 0.00625 0.00546875
4018 0.06796875 0.546875 0.009375 0.0078125
3561 0.05625 0.56484375 0.00625 0.00859375
3563 0.05546875 0.57578125 0.00546875 0.00859375
2889 0.06796875 0.596875 0.009375 0.00859375
4367 0.0921875 0.59921875 0.01171875 0.0125
4027 0.13046875 0.5484375 0.01328125 0.0109375
2845 0.1453125 0.5609375 0.009375 0.00859375
2878 0.14140625 0.571875 0.009375 0.0078125
2856 0.1453125 0.58125 0.009375 0.0078125
2867 0.14296875 0.590625 0.009375 0.0078125
2524 0.06953125 0.621875 0.03203125 0.01328125
3514 0.06015625 0.64375 0.01171875 0.01328125
2644 0.01953125 0.66953125 0.00234375 0.00859375
2700 0.04140625 0.671875 0.003125 0.0078125
2728 0.06171875 0.671875 0.003125 0.00859375
4276 0.078125 0.66875 0.01640625 0.01328125
3666 0.1890625 0.61953125 0.009375 0.00859375
3439 0.2 0.640625 0.00859375 0.00703125
2366 0.17265625 0.66171875 0.0421875 0.01640625
3501 0.2125 0.66328125 0.01171875 0.01328125
3489 0.14609375 0.67890625 0.0109375 0.01328125
3565 0.27265625 0.521875 0.0078125 0.01484375
2719 0.2375 0.60078125 0.03203125 0.01328125
3199 0.22578125 0.63359375 0.00546875 0.00859375
3057 0.23359375 0.61328125 0.00546875 0.009375
2955 0.24765625 0.61484375 0.00546875 0.00859375
2249 0.24296875 0.6515625 0.00546875 0.0078125
4424 0.259375 0.61015625 0.01171875 0.01328125
3153 0.284375 0.6125 0.0046875 0.00859375
3188 0.28046875 0.646875 0.00546875 0.00859375
3766 0.28046875 0.66640625 0.00625 0.0078125
2249 0.29375 0.65 0.00546875 0.00703125
2844 0.29921875 0.6140625 0.00546875 0.00859375
4422 0.31015625 0.609375 0.01015625 0.0125
2704 0.3375 0.61015625 0.03125 0.0125
3877 0.33359375 0.6515625 0.00625 0.00625
3668 0.3765625 0.621875 0.01328125 0.01015625
3439 0.3765625 0.6484375 0.0140625 0.00859375
3677 0.40703125 0.4953125 0.01328125 0.009375
3439 0.4078125 0.52265625 0.01328125 0.00859375
3657 0.490625 0.6234375 0.0140625 0.01015625
3439 0.4890625 0.64921875 0.0140625 0.00859375
3662 0.54609375 0.47109375 0.0140625 0.009375
3439 0.55859375 0.48515625 0.00703125 0.01953125
3805 0.57734375 0.47734375 0.01171875 0.0078125
4150 0.6109375 0.50078125 0.01171875 0.00703125
3806 0.64765625 0.4765625 0.0109375 0.0078125
2252 0.6875 0.46953125 0.02734375 0.0125
3430 0.6890625 0.48203125 0.02109375 0.01171875
3645 0.6984375 0.49921875 0.009375 0.0078125
3142 0.55390625 0.53203125 0.01171875 0.0078125
3293 0.62109375 0.52734375 0.00625 0.00859375
3036 0.62421875 0.53828125 0.009375 0.00703125
3759 0.6515625 0.5140625 0.00546875 0.00703125
2260 0.68984375 0.51953125 0.02578125 0.01328125
3644 0.7 0.53671875 0.009375 0.0078125
3800 0.65234375 0.5328125 0.009375 0.0078125
3994 0.60546875 0.5578125 0.01171875 0.00703125
3140 0.61796875 0.559375 0.01171875 0.00703125
3995 0.63515625 0.5734375 0.0109375 0.00859375
3134 0.68125 0.56640625 0.01171875 0.0078125
3141 0.69375 0.565625 0.01171875 0.00703125
3986 0.6046875 0.571875 0.00859375 0.00703125
3139 0.61015625 0.57890625 0.01171875 0.0078125
3992 0.62734375 0.5859375 0.01171875 0.00703125
3138 0.61015625 0.5921875 0.01171875 0.00703125
2729 0.62578125 0.59921875 0.00546875 0.00703125
3137 0.62109375 0.6140625 0.01171875 0.00703125
3996 0.69296875 0.5828125 0.01171875 0.0078125
3136 0.69296875 0.58984375 0.01171875 0.00703125
3133 0.69140625 0.60546875 0.00546875 0.015625
2249 0.66953125 0.59609375 0.0078125 0.0109375
4345 0.63046875 0.65234375 0.0171875 0.0125
3132 0.69921875 0.64609375 0.01171875 0.00703125
3131 0.6953125 0.65859375 0.01171875 0.0078125
2700 0.740625 0.53515625 0.00546875 0.00390625
2644 0.75390625 0.5359375 0.00625 0.00390625
3268 0.72890625 0.546875 0.009375 0.0109375
3269 0.72890625 0.56171875 0.009375 0.01015625
3280 0.72890625 0.57578125 0.01015625 0.01015625
4242 0.7171875 0.61015625 0.01015625 0.065625
3287 0.72890625 0.59140625 0.009375 0.01015625
3288 0.72890625 0.60703125 0.009375 0.0109375
3290 0.72890625 0.62265625 0.009375 0.009375
3291 0.7296875 0.6359375 0.009375 0.01015625
3292 0.7296875 0.653125 0.009375 0.009375
3628 0.72890625 0.66640625 0.009375 0.01015625
3266 0.76484375 0.54453125 0.0125 0.009375
3628 0.7625 0.559375 0.009375 0.009375
3628 0.76328125 0.5734375 0.009375 0.00859375
3628 0.7625 0.58984375 0.009375 0.009375
3628 0.7625 0.60390625 0.009375 0.009375
3628 0.7625 0.61796875 0.009375 0.009375
4202 0.76953125 0.6375 0.021875 0.01015625
3628 0.76328125 0.653125 0.009375 0.009375
2837 0.76796875 0.6671875 0.01796875 0.009375
2249 0.54375 0.5640625 0.009375 0.01171875
261 0.83828125 0.6828125 0.0078125 0.01796875
227 0.9796875 0.68359375 0.0078125 0.01484375
3663 0.8 0.6515625 0.01484375 0.0109375
3439 0.79765625 0.6796875 0.0140625 0.009375
2692 0.74140625 0.68125 0.00625 0.00859375
2690 0.75390625 0.68203125 0.00625 0.009375
2745 0.009375 0.74765625 0.00390625 0.0078125
3631 0.02109375 0.75078125 0.0125 0.0125
2644 0.01171875 0.76640625 0.00234375 0.00859375
2756 0.04140625 0.74765625 0.00390625 0.00859375
2745 0.0390625 0.76796875 0.00390625 0.00859375
3629 0.059375 0.75078125 0.0171875 0.01328125
3513 0.0640625 0.765625 0.01171875 0.01328125
2766 0.0734375 0.74765625 0.00390625 0.0078125
3294 0.1078125 0.70078125 0.01171875 0.0125
3794 0.12421875 0.7046875 0.0125 0.00859375
3638 0.16015625 0.7375 0.0140625 0.01015625
3439 0.1609375 0.765625 0.0140625 0.0109375
2365 0.228125 0.7375 0.04453125 0.01640625
3047 0.125 0.79453125 0.009375 0.0078125
2249 0.17890625 0.78359375 0.00859375 0.0109375
2270 0.228125 0.790625 0.02734375 0.0140625
4372 0.221875 0.82421875 0.01171875 0.01328125
2644 0.28671875 0.7015625 0.003125 0.00859375
2700 0.28671875 0.71640625 0.003125 0.00859375
3647 0.29921875 0.73359375 0.01640625 0.01328125
2380 0.36796875 0.7328125 0.10625 0.01484375
3672 0.39140625 0.7421875 0.009375 0.00859375
3439 0.390625 0.76875 0.009375 0.00859375
3107 0.353125 0.796875 0.0125 0.0078125
2732 0.46328125 0.68984375 0.00625 0.00703125
2644 0.4828125 0.70234375 0.003125 0.0078125
3678 0.4875 0.71796875 0.0140625 0.0109375
2733 0.4625 0.73046875 0.00625 0.00859375
2259 0.45234375 0.78984375 0.02734375 0.0140625
4370 0.44140625 0.825 0.0125 0.0125
3566 0.53828125 0.64375 0.01015625 0.0140625
3564 0.55078125 0.68046875 0.0125 0.0140625
3799 0.55546875 0.70703125 0.01171875 0.0078125
3047 0.559375 0.71953125 0.009375 0.00859375
3086 0.61796875 0.66953125 0.0125 0.00625
2249 0.5984375 0.72578125 0.009375 0.0125
3055 0.54375 0.7390625 0.0125 0.00859375
2726 0.58828125 0.76015625 0.01171875 0.00859375
3069 0.6125 0.75 0.00859375 0.0078125
3801 0.62421875 0.7203125 0.01171875 0.0078125
3639 0.63515625 0.728125 0.00859375 0.00859375
3439 0.6421875 0.7546875 0.00859375 0.0078125
2252 0.6828125 0.6796875 0.0265625 0.01328125
3763 0.684375 0.69375 0.01796875 0.01328125
3646 0.69140625 0.72578125 0.009375 0.00859375
3044 0.57734375 0.796875 0.0125 0.009375
2277 0.678125 0.78828125 0.02734375 0.0171875
4342 0.66875 0.825 0.0171875 0.015625
3641 0.671875 0.853125 0.009375 0.0078125
3664 0.7171875 0.840625 0.0140625 0.0109375
3439 0.7171875 0.865625 0.0140625 0.00859375
4414 0.73828125 0.81015625 0.01015625 0.05390625
3688 0.7546875 0.70390625 0.0125 0.01328125
2598 0.765625 0.7203125 0.00859375 0.01171875
3439 0.76796875 0.73359375 0.0140625 0.01015625
3628 0.765625 0.74765625 0.009375 0.0109375
3245 0.76953125 0.7640625 0.01796875 0.01015625
3316 0.76953125 0.78125 0.01796875 0.0109375
3306 0.76875 0.79609375 0.01484375 0.01015625
3746 0.76953125 0.8109375 0.01796875 0.009375
3482 0.7703125 0.82578125 0.01875 0.01015625
3628 0.76640625 0.840625 0.01015625 0.01015625
2612 0.771875 0.9125 0.07578125 0.07265625
2423 0.86015625 0.88046875 0.05625 0.01796875
2517 0.90234375 0.89765625 0.14140625 0.01484375
2700 0.01171875 0.846875 0.003125 0.0078125
2728 0.03828125 0.84765625 0.003125 0.00703125
2341 0.034375 0.86171875 0.0640625 0.01640625
3667 0.059375 0.87734375 0.01328125 0.009375
3439 0.05859375 0.9046875 0.0140625 0.00859375
3121 0.1234375 0.92890625 0.0125 0.00859375
3119 0.15234375 0.89296875 0.0125 0.00859375
2249 0.178125 0.91640625 0.009375 0.01328125
3643 0.21953125 0.85234375 0.009375 0.00859375
3292 0.20703125 0.940625 0.00625 0.00859375
3758 0.23828125 0.9140625 0.00625 0.00859375
3797 0.240625 0.9296875 0.01171875 0.0078125
3803 0.2421875 0.9359375 0.01171875 0.0078125
3665 0.278125 0.8625 0.0140625 0.01015625
3439 0.278125 0.88984375 0.01484375 0.00859375
3117 0.35625 0.9046875 0.01171875 0.0078125
3118 0.34296875 0.92890625 0.01171875 0.0078125
2249 0.3984375 0.915625 0.009375 0.0109375
3291 0.425 0.940625 0.00703125 0.00859375
3642 0.44765625 0.8515625 0.009375 0.00859375
3757 0.45546875 0.91953125 0.00625 0.00859375
3795 0.45703125 0.93125 0.01171875 0.0078125
2673 0.45859375 0.93828125 0.00859375 0.0078125
3658 0.503125 0.8640625 0.01484375 0.0109375
3439 0.503125 0.890625 0.0140625 0.009375
3122 0.58359375 0.90546875 0.01171875 0.00859375
3123 0.56875 0.93125 0.01171875 0.00859375
2249 0.6234375 0.9171875 0.00859375 0.0125
3290 0.6546875 0.94296875 0.00703125 0.00859375
3793 0.67421875 0.94140625 0.0125 0.0078125
3756 0.68359375 0.91328125 0.00625 0.00859375
3798 0.68515625 0.92890625 0.01171875 0.00703125
731 0.0296875 0.14375 0.0359375 0.04921875
730 0.0296875 0.19765625 0.03515625 0.04765625
2243 0.103125 0.17890625 0.046875 0.0640625
1311 0.15859375 0.184375 0.0140625 0.01796875
2655 0.3078125 0.11484375 0.0046875 0.00859375
1422 0.2734375 0.15703125 0.06640625 0.10234375
161 0.2765625 0.15703125 0.02109375 0.08203125
1979 0.2328125 0.09609375 0.0078125 0.0046875
1981 0.2328125 0.10390625 0.0078125 0.0046875
2092 0.2328125 0.11015625 0.00703125 0.0046875
1984 0.2328125 0.11796875 0.0078125 0.0046875
2094 0.2328125 0.125 0.0078125 0.0046875
2096 0.2328125 0.1328125 0.0078125 0.0046875
1986 0.2328125 0.13984375 0.0078125 0.0046875
1988 0.2328125 0.146875 0.0078125 0.0046875
2098 0.2328125 0.1546875 0.0078125 0.0046875
2101 0.23203125 0.16171875 0.0078125 0.0046875
2234 0.2328125 0.16875 0.0078125 0.0046875
2103 0.2328125 0.17578125 0.00859375 0.00546875
1992 0.23203125 0.1828125 0.0078125 0.0046875
2105 0.23203125 0.190625 0.0078125 0.0046875
1995 0.23203125 0.19765625 0.0078125 0.0046875
2107 0.2328125 0.20546875 0.0078125 0.0046875
1997 0.23203125 0.2125 0.0078125 0.0046875
2109 0.2328125 0.21953125 0.00703125 0.0046875
2121 0.23828125 0.23671875 0.00390625 0.01171875
2116 0.24375 0.2359375 0.003125 0.01171875
2234 0.24921875 0.23671875 0.00390625 0.0109375
2113 0.25390625 0.23671875 0.003125 0.01171875
2118 0.259375 0.23671875 0.003125 0.0109375
2124 0.26484375 0.2359375 0.00390625 0.0109375
2148 0.2703125 0.23671875 0.00390625 0.01171875
2149 0.27578125 0.23671875 0.00390625 0.0109375
2114 0.28046875 0.23671875 0.00390625 0.01171875
2125 0.2859375 0.23671875 0.00390625 0.01171875
2120 0.29140625 0.23671875 0.003125 0.01171875
2115 0.296875 0.23671875 0.003125 0.01171875
2234 0.30234375 0.23671875 0.003125 0.01171875
2234 0.3078125 0.23671875 0.00390625 0.01171875
2126 0.3125 0.23671875 0.00390625 0.01171875
2184 0.24609375 0.09296875 0.00390625 0.0109375
2152 0.2515625 0.09296875 0.00390625 0.01171875
2178 0.25703125 0.09296875 0.00390625 0.0109375
2154 0.2625 0.09296875 0.00390625 0.0109375
2153 0.26796875 0.0921875 0.00390625 0.0109375
2151 0.2734375 0.09296875 0.00390625 0.0109375
2234 0.278125 0.09296875 0.00390625 0.0109375
2155 0.28359375 0.09296875 0.003125 0.0125
2234 0.2890625 0.09296875 0.00390625 0.0125
2234 0.29453125 0.09296875 0.00390625 0.01171875
2112 0.3 0.09296875 0.00390625 0.0125
2127 0.30546875 0.09296875 0.003125 0.01171875
2175 0.31015625 0.0921875 0.00390625 0.01171875
1977 0.31953125 0.09609375 0.0078125 0.0046875
1975 0.31953125 0.103125 0.0078125 0.0046875
1959 0.31953125 0.1109375 0.00859375 0.0046875
1973 0.31953125 0.11796875 0.0078125 0.00546875
1958 0.31953125 0.125 0.0078125 0.00546875
1956 0.31953125 0.1328125 0.00859375 0.00546875
1970 0.31953125 0.13984375 0.0078125 0.00546875
1968 0.31953125 0.146875 0.0078125 0.00546875
1955 0.31953125 0.1546875 0.0078125 0.00546875
1952 0.31953125 0.16171875 0.0078125 0.00546875
1966 0.31953125 0.16875 0.0078125 0.0046875
1950 0.31953125 0.1765625 0.0078125 0.0046875
1964 0.31953125 0.18359375 0.0078125 0.0046875
1949 0.31953125 0.190625 0.0078125 0.00546875
1963 0.31953125 0.1984375 0.00859375 0.00546875
1947 0.31953125 0.20546875 0.0078125 0.00546875
1961 0.31953125 0.2125 0.00859375 0.0046875
1945 0.31953125 0.2203125 0.0078125 0.00546875
1288 0.36328125 0.16015625 0.034375 0.01953125
1940 0.35234375 0.14765625 0.00859375 0.0046875
1941 0.37734375 0.14765625 0.00859375 0.0046875
1942 0.35234375 0.17890625 0.0078125 0.0046875
1013 0.365625 0.1796875 0.0125 0.00625
1943 0.37890625 0.1796875 0.00703125 0.00625
1289 0.3625 0.19296875 0.034375 0.0171875
1313 0.41953125 0.21640625 0.01328125 0.0203125
732 0.4796875 0.1609375 0.03515625 0.04921875
733 0.4796875 0.23984375 0.03515625 0.04921875
4449 0.528125 0.15234375 0.015625 0.02109375
1505 0.51171875 0.15859375 0.01171875 0.00859375
1847 0.528125 0.165625 0.0078125 0.0046875
1848 0.528125 0.1703125 0.0078125 0.0046875
1241 0.67890625 0.2421875 0.23359375 0.28359375
1849 0.52734375 0.24140625 0.00859375 0.0046875
1850 0.52734375 0.24609375 0.00859375 0.0046875
1506 0.5125 0.234375 0.01171875 0.00703125
4450 0.528125 0.228125 0.0140625 0.0203125
139 0.61484375 0.1546875 0.0234375 0.03125
1297 0.83125 0.115625 0.01328125 0.01796875
2644 0.796875 0.209375 0.00234375 0.00859375
1496 0.8078125 0.21640625 0.01875 0.03671875
725 0.846875 0.21484375 0.03515625 0.04765625
1274 0.89609375 0.17421875 0.02421875 0.1234375
1296 0.96484375 0.19296875 0.0453125 0.09140625
1799 0.9671875 0.31875 0.04609375 0.0625
1308 0.92265625 0.36015625 0.015625 0.01953125
1504 0.81640625 0.29375 0.01171875 0.00703125
1514 0.81640625 0.31640625 0.0125 0.00625
1851 0.83046875 0.29375 0.00859375 0.00546875
1865 0.83046875 0.3171875 0.0078125 0.00546875
1298 0.83359375 0.36171875 0.0125 0.0171875
1516 0.0375 0.2765625 0.0109375 0.00625
4440 0.05390625 0.26796875 0.01484375 0.01875
1809 0.0546875 0.28046875 0.0078125 0.0046875
1821 0.0546875 0.28515625 0.00859375 0.0046875
1293 0.04140625 0.31953125 0.01328125 0.01796875
1517 0.1 0.27734375 0.0125 0.0078125
4443 0.115625 0.2671875 0.01484375 0.01953125
1820 0.11640625 0.28046875 0.0078125 0.0046875
1808 0.11640625 0.28515625 0.0078125 0.0046875
1659 0.11640625 0.29609375 0.009375 0.00625
1448 0.275 0.39921875 0.15625 0.21328125
1877 0.03984375 0.38828125 0.0078125 0.00546875
1164 0.02890625 0.3875 0.0125 0.00546875
2234 0.0171875 0.3875 0.0078125 0.0046875
1287 0.0265625 0.40078125 0.03515625 0.0171875
1865 0.01796875 0.41796875 0.0078125 0.00390625
2234 0.040625 0.41796875 0.0078125 0.0046875
1286 0.03828125 0.4296875 0.01171875 0.01640625
1488 0.01875 0.42890625 0.02734375 0.01953125
1421 0.103125 0.40390625 0.07578125 0.09140625
161 0.10234375 0.3984375 0.05859375 0.02890625
2234 0.05546875 0.3578125 0.0078125 0.0046875
2168 0.05546875 0.36484375 0.00859375 0.0046875
2234 0.05546875 0.371875 0.00703125 0.00390625
2234 0.05546875 0.37890625 0.0078125 0.0046875
2234 0.05546875 0.38671875 0.0078125 0.0046875
2234 0.05546875 0.39375 0.0078125 0.0046875
2234 0.05546875 0.40078125 0.0078125 0.0046875
2234 0.05546875 0.40859375 0.0078125 0.0046875
2234 0.0546875 0.415625 0.0078125 0.0046875
2234 0.05546875 0.42265625 0.0078125 0.0046875
2234 0.05546875 0.43046875 0.0078125 0.00546875
2161 0.05546875 0.4375 0.0078125 0.0046875
2144 0.05546875 0.4453125 0.0078125 0.00546875
1917 0.059375 0.46015625 0.003125 0.0109375
1919 0.0640625 0.459375 0.003125 0.0109375
1938 0.06953125 0.459375 0.003125 0.0109375
1923 0.075 0.459375 0.003125 0.0109375
2057 0.08046875 0.46015625 0.003125 0.0109375
2059 0.0859375 0.46015625 0.003125 0.01171875
1925 0.09140625 0.46015625 0.00390625 0.0109375
1927 0.096875 0.46015625 0.003125 0.0109375
2062 0.1015625 0.46015625 0.003125 0.0109375
1929 0.10703125 0.46015625 0.003125 0.01171875
2063 0.1125 0.46015625 0.003125 0.0109375
2064 0.11796875 0.46015625 0.00390625 0.01171875
1931 0.1234375 0.459375 0.003125 0.0109375
2065 0.12890625 0.46015625 0.00390625 0.0109375
1934 0.13359375 0.46015625 0.003125 0.0109375
2061 0.1390625 0.459375 0.003125 0.0109375
1936 0.14453125 0.459375 0.003125 0.01171875
2067 0.15 0.46015625 0.003125 0.01171875
1915 0.059375 0.3453125 0.003125 0.0109375
1913 0.06484375 0.34453125 0.00390625 0.01015625
2234 0.0703125 0.3453125 0.003125 0.0109375
1911 0.075 0.3453125 0.003125 0.0109375
2234 0.08046875 0.3453125 0.003125 0.0109375
2234 0.0859375 0.3453125 0.00390625 0.0109375
1900 0.09140625 0.3453125 0.003125 0.0109375
2234 0.096875 0.3453125 0.00390625 0.0109375
2234 0.10234375 0.3453125 0.00390625 0.0109375
2234 0.1078125 0.3453125 0.00390625 0.0109375
2234 0.1125 0.3453125 0.00390625 0.0109375
2234 0.11796875 0.3453125 0.003125 0.0109375
1904 0.1234375 0.3453125 0.00390625 0.0109375
2234 0.12890625 0.3453125 0.00390625 0.01171875
2234 0.134375 0.3453125 0.00390625 0.0125
2644 0.1390625 0.3296875 0.00546875 0.00390625
2234 0.1390625 0.34609375 0.003125 0.01171875
2234 0.14453125 0.34609375 0.00390625 0.0109375
1879 0.15 0.34609375 0.003125 0.01171875
2089 0.15859375 0.35078125 0.00859375 0.0046875
2077 0.159375 0.3578125 0.00859375 0.0046875
2088 0.15859375 0.36484375 0.0078125 0.0046875
2070 0.15859375 0.37265625 0.0078125 0.00390625
2076 0.159375 0.3796875 0.0078125 0.0046875
2086 0.15859375 0.38671875 0.0078125 0.0046875
2069 0.15859375 0.39375 0.0078125 0.0046875
2142 0.15859375 0.4015625 0.0078125 0.0046875
2143 0.15859375 0.40859375 0.00859375 0.0046875
2234 0.15859375 0.415625 0.0078125 0.0046875
2084 0.15859375 0.4234375 0.0078125 0.0046875
2075 0.15859375 0.43046875 0.0078125 0.0046875
2082 0.15859375 0.43828125 0.0078125 0.0046875
2073 0.15859375 0.4453125 0.0078125 0.0046875
2078 0.15859375 0.45234375 0.00859375 0.0046875
1312 0.1421875 0.4875 0.0140625 0.01875
2046 0.39765625 0.35234375 0.00859375 0.0046875
2048 0.3984375 0.359375 0.00859375 0.0046875
2234 0.39765625 0.3671875 0.0078125 0.0046875
2050 0.39765625 0.37421875 0.00859375 0.0046875
2234 0.39765625 0.38125 0.00859375 0.0046875
2234 0.39765625 0.38828125 0.00859375 0.0046875
2130 0.3984375 0.39609375 0.0078125 0.0046875
2129 0.39765625 0.403125 0.0078125 0.00546875
2234 0.39765625 0.41015625 0.0078125 0.0046875
2234 0.39765625 0.41796875 0.0078125 0.0046875
2234 0.39765625 0.425 0.0078125 0.0046875
2234 0.39765625 0.4328125 0.0078125 0.0046875
2051 0.39765625 0.43984375 0.00859375 0.0046875
2044 0.39765625 0.446875 0.00859375 0.0046875
2053 0.39765625 0.4546875 0.00859375 0.0046875
2111 0.40703125 0.46015625 0.003125 0.01015625
2187 0.4125 0.46015625 0.003125 0.01015625
2179 0.41796875 0.46015625 0.00390625 0.0109375
2190 0.4234375 0.46015625 0.003125 0.01171875
2181 0.428125 0.46015625 0.00390625 0.01171875
2192 0.43359375 0.46015625 0.00390625 0.0109375
2128 0.4390625 0.46015625 0.003125 0.0109375
2194 0.44453125 0.4609375 0.003125 0.01171875
2145 0.45 0.46015625 0.003125 0.0109375
2157 0.45546875 0.4609375 0.00390625 0.01171875
2196 0.46015625 0.46015625 0.003125 0.0109375
2198 0.465625 0.46015625 0.003125 0.0109375
2170 0.47109375 0.46015625 0.00390625 0.0109375
2182 0.4765625 0.46015625 0.003125 0.0109375
2201 0.48203125 0.46015625 0.003125 0.0109375
2185 0.4875 0.46015625 0.00390625 0.01171875
2203 0.4921875 0.46015625 0.003125 0.0109375
2205 0.4984375 0.46015625 0.00390625 0.01171875
2039 0.40703125 0.34453125 0.003125 0.01171875
2234 0.4125 0.34453125 0.00390625 0.0109375
2037 0.41796875 0.34453125 0.00390625 0.01171875
2225 0.4234375 0.34453125 0.003125 0.01171875
2234 0.42890625 0.34453125 0.003125 0.01171875
2223 0.434375 0.34453125 0.003125 0.0109375
2234 0.4390625 0.34453125 0.003125 0.0109375
2035 0.44453125 0.34453125 0.003125 0.0109375
2234 0.45 0.34453125 0.00390625 0.01015625
2234 0.45546875 0.34453125 0.003125 0.009375
2216 0.4609375 0.34453125 0.00390625 0.01015625
2214 0.46640625 0.34453125 0.003125 0.0109375
2038 0.47109375 0.34453125 0.00390625 0.0109375
2034 0.4765625 0.34453125 0.003125 0.0109375
2212 0.48203125 0.34453125 0.003125 0.0109375
2234 0.4875 0.34453125 0.003125 0.0109375
2209 0.49296875 0.3453125 0.003125 0.0109375
2207 0.4984375 0.3453125 0.003125 0.0109375
2162 0.5015625 0.36015625 0.0078125 0.0046875
2134 0.50234375 0.3671875 0.0078125 0.0046875
2173 0.5015625 0.37421875 0.0078125 0.0046875
2135 0.5015625 0.38203125 0.0078125 0.0046875
2234 0.50234375 0.3890625 0.0078125 0.0046875
2131 0.5015625 0.39609375 0.00703125 0.0046875
2132 0.5015625 0.40390625 0.00703125 0.0046875
2234 0.5015625 0.4109375 0.00703125 0.0046875
2136 0.5015625 0.41875 0.0078125 0.0046875
2234 0.5015625 0.42578125 0.00703125 0.0046875
2133 0.5015625 0.4328125 0.0078125 0.0046875
2164 0.5015625 0.43984375 0.0078125 0.0046875
2054 0.5015625 0.446875 0.0078125 0.0046875
1447 0.45078125 0.4015625 0.075 0.09140625
161 0.45078125 0.40859375 0.05859375 0.02890625
1724 0.54921875 0.38828125 0.00859375 0.0046875
2100 0.52421875 0.38828125 0.00703125 0.0046875
1321 0.5484375 0.40078125 0.0109375 0.015625
1493 0.53203125 0.39921875 0.02265625 0.01953125
1725 0.52265625 0.41796875 0.0078125 0.00546875
1012 0.5390625 0.41640625 0.01171875 0.00625
2052 0.55078125 0.4171875 0.0078125 0.0046875
1322 0.525 0.4296875 0.0109375 0.0171875
1494 0.54140625 0.42890625 0.02421875 0.0203125
1306 0.5953125 0.42890625 0.0125 0.01796875
1495 0.6375 0.421875 0.01484375 0.0328125
1495 0.6515625 0.421875 0.0109375 0.03359375
1495 0.6625 0.421875 0.0109375 0.03359375
1495 0.6734375 0.421875 0.0109375 0.03359375
1323 0.68828125 0.42265625 0.01953125 0.03203125
1324 0.7515625 0.475 0.03515625 0.0171875
1441 0.8 0.5 0.034375 0.040625
1430 0.8 0.5796875 0.034375 0.04140625
1277 0.746875 0.6078125 0.02421875 0.13984375
1300 0.796875 0.665625 0.01328125 0.01953125
1324 0.75390625 0.78125 0.0125 0.13984375
1301 0.7171875 0.85234375 0.01484375 0.01796875
1245 0.0265625 0.5625 0.05234375 0.1875
2052 0.06875 0.5546875 0.0078125 0.0046875
1460 0.06640625 0.56484375 0.0140625 0.009375
1462 0.06640625 0.57578125 0.01484375 0.01015625
785 0.06640625 0.590625 0.0125 0.00703125
1446 0.09921875 0.571875 0.0359375 0.04140625
2061 0.1296875 0.55703125 0.0078125 0.0046875
741 0.1296875 0.5640625 0.0125 0.00703125
774 0.1296875 0.57265625 0.0125 0.00625
752 0.1296875 0.5828125 0.0125 0.00703125
763 0.1296875 0.59140625 0.0125 0.00703125
1303 0.1890625 0.6359375 0.0140625 0.01796875
1465 0.26328125 0.5234375 0.00703125 0.0203125
1074 0.23046875 0.63359375 0.003125 0.0109375
416 0.23828125 0.63359375 0.01015625 0.03125
852 0.246875 0.6328125 0.00546875 0.01796875
1179 0.2640625 0.64140625 0.0234375 0.046875
1177 0.315625 0.63984375 0.0234375 0.046875
1063 0.28125 0.63046875 0.003125 0.0109375
1806 0.28046875 0.659375 0.0078125 0.0046875
444 0.2890625 0.63203125 0.01015625 0.03125
740 0.29921875 0.63203125 0.00390625 0.01796875
1921 0.334375 0.6578125 0.00859375 0.0046875
1305 0.3765625 0.6359375 0.0140625 0.01640625
1314 0.40625 0.509375 0.0140625 0.01875
1294 0.4890625 0.634375 0.01328125 0.0203125
1299 0.54921875 0.484375 0.01328125 0.0203125
1845 0.584375 0.48984375 0.02734375 0.015625
1798 0.62109375 0.4796875 0.04453125 0.03359375
1846 0.6546875 0.48984375 0.025 0.015625
440 0.56796875 0.55078125 0.0484375 0.028125
1521 0.6421875 0.52578125 0.01171875 0.00859375
4448 0.66171875 0.51875 0.0140625 0.01875
1840 0.66171875 0.53203125 0.0078125 0.0046875
411 0.64765625 0.553125 0.04765625 0.02890625
1027 0.6921875 0.5578125 0.01484375 0.01015625
1020 0.6796875 0.57578125 0.01484375 0.009375
1022 0.6796875 0.59140625 0.0125 0.00703125
1026 0.61796875 0.56640625 0.0078125 0.0046875
1025 0.621875 0.57890625 0.0109375 0.00625
1024 0.62109375 0.59296875 0.01171875 0.00625
1023 0.62109375 0.60625 0.0125 0.00625
1019 0.69765625 0.60390625 0.00703125 0.0203125
1018 0.6984375 0.6328125 0.00703125 0.0203125
438 0.67890625 0.6296875 0.0203125 0.06484375
1423 0.64609375 0.6171875 0.034375 0.06015625
1717 0.67890625 0.58515625 0.00859375 0.00703125
2032 0.60625 0.565625 0.0125 0.00703125
2234 0.61796875 0.571875 0.00859375 0.0046875
2030 0.61796875 0.5859375 0.00703125 0.00546875
2234 0.61796875 0.6 0.0078125 0.00546875
1467 0.571875 0.6125 0.06171875 0.078125
1463 0.57421875 0.68359375 0.03203125 0.02578125
1839 0.575 0.70625 0.02734375 0.015625
1164 0.5765625 0.71953125 0.0125 0.0078125
415 0.57421875 0.73984375 0.04765625 0.02890625
949 0.57578125 0.76015625 0.0125 0.0078125
978 0.61796875 0.6765625 0.0125 0.00703125
963 0.61484375 0.7578125 0.0125 0.00703125
1276 0.6390625 0.73984375 0.0125 0.01953125
632 0.690625 0.7140625 0.01015625 0.01328125
1370 0.9078125 0.6265625 0.1609375 0.4875
2247 0.0421875 0.7109375 0.084375 0.06875
1244 0.03203125 0.809375 0.0640625 0.08671875
1304 0.0578125 0.89140625 0.01328125 0.0203125
1275 0.1609375 0.7546875 0.01328125 0.0203125
1522 0.1078125 0.7125 0.0109375 0.00859375
1834 0.12109375 0.71171875 0.0078125 0.00546875
1220 0.171875 0.69765625 0.040625 0.05546875
1232 0.228125 0.69765625 0.04140625 0.0578125
414 0.1546875 0.7984375 0.04921875 0.03046875
4488 0.15703125 0.8609375 0.1171875 0.0859375
1008 0.1515625 0.903125 0.01484375 0.009375
436 0.15390625 0.9296875 0.04765625 0.02890625
1520 0.21015625 0.92890625 0.01015625 0.00703125
629 0.2296875 0.86171875 0.00859375 0.01328125
1302 0.278125 0.878125 0.01640625 0.0203125
4447 0.228125 0.9171875 0.0140625 0.01953125
1837 0.22890625 0.93046875 0.0078125 0.00546875
1843 0.22890625 0.9359375 0.0078125 0.0046875
431 0.378125 0.7984375 0.03671875 0.02265625
2249 0.3953125 0.809375 0.0046875 0.00703125
4487 0.37734375 0.859375 0.1140625 0.08125
1007 0.371875 0.90390625 0.01484375 0.01015625
434 0.37421875 0.92890625 0.04921875 0.02890625
4445 0.4453125 0.91953125 0.01328125 0.01953125
1519 0.42734375 0.93046875 0.01171875 0.00703125
1835 0.44609375 0.93203125 0.00859375 0.00546875
1842 0.44609375 0.9375 0.0078125 0.0046875
628 0.453125 0.8625 0.009375 0.01328125
1295 0.5015625 0.8765625 0.01328125 0.0171875
1309 0.3921875 0.75546875 0.01328125 0.01796875
1284 0.35546875 0.71015625 0.13359375 0.03359375
1315 0.4625 0.7109375 0.03359375 0.03359375
1496 0.428125 0.7125 0.0109375 0.0359375
1496 0.43984375 0.7125 0.01171875 0.03828125
2249 0.61953125 0.809375 0.0046875 0.00625
412 0.6015625 0.796875 0.0375 0.02265625
4480 0.60234375 0.86171875 0.1125 0.08671875
627 0.67578125 0.8625 0.009375 0.01328125
1010 0.59765625 0.90546875 0.01484375 0.01015625
437 0.59921875 0.93046875 0.04765625 0.0296875
1518 0.65703125 0.9296875 0.01171875 0.00703125
4444 0.6734375 0.915625 0.0140625 0.0203125
1838 0.67421875 0.9296875 0.0078125 0.0046875
1833 0.67421875 0.93515625 0.0078125 0.0046875
1310 0.41640625 0.3140625 0.0140625 0.0203125
4 0.1109375 0.15234375 0.0125 0.0078125
13 0.1140625 0.178125 0.0078125 0.03984375
202 0.9578125 0.33046875 0.0078125 0.01171875
197 0.96796875 0.33671875 0.0078125 0.0109375
295 0.97890625 0.3328125 0.0078125 0.01015625
292 0.98359375 0.3171875 0.00703125 0.0078125
282 0.97890625 0.30234375 0.0078125 0.01015625
271 0.9671875 0.2984375 0.00625 0.0109375
257 0.9578125 0.303125 0.00703125 0.01015625
234 0.953125 0.31796875 0.00703125 0.00859375
124 0.8 0.5046875 0.0140625 0.01953125
124 0.80078125 0.584375 0.01484375 0.0171875
204 0.6546875 0.4890625 0.00703125 0.00625
60 0.64921875 0.553125 0.01640625 0.01875
191 0.62734375 0.47421875 0.02578125 0.009375
267 0.62890625 0.4828125 0.02109375 0.0078125
280 0.584375 0.48984375 0.00859375 0.0078125
49 0.575 0.6125 0.0390625 0.06796875
183 0.27890625 0.4015625 0.11953125 0.18125
134 0.096875 0.5703125 0.01171875 0.03125
102 0.26328125 0.64140625 0.015625 0.03046875
99 0.31484375 0.63984375 0.0140625 0.0296875
38 0.68046875 0.63046875 0.0125 0.02421875
60 0.57578125 0.740625 0.01484375 0.01640625
256 0.57578125 0.684375 0.0140625 0.01015625
246 0.57421875 0.7046875 0.009375 0.00625
60 0.1546875 0.79921875 0.01640625 0.01640625
23 0.37578125 0.79921875 0.01640625 0.01484375
23 0.6015625 0.79765625 0.01640625 0.0140625
28 0.6 0.93125 0.01875 0.0171875
28 0.37578125 0.93046875 0.0171875 0.01796875
28 0.1546875 0.93046875 0.0171875 0.0171875
1345 0.61640625 0.69921875 0.0328125 0.0296875
631 0.6890625 0.49765625 0.01015625 0.01484375
630 0.690625 0.53671875 0.0109375 0.01484375
707 0.0421875 0.24140625 0.01953125 0.0234375
707 0.03125 0.8828125 0.0171875 0.021875
707 0.03046875 0.88203125 0.0171875 0.021875