725 0.009973243507178242 0.228300343182259 0.019946487014356484 0.056600686364518
4266 0.0017380036534479718 0.25500636439408636 0.0034760073068959437 0.013137728788172699
4419 0.07289420901117927 0.21640599212409226 0.0081397824674041 0.01938772878817261
3307 0.027811759742527926 0.3339922337891425 0.009756829545304758 0.022640274545807238
3308 0.031858331577194934 0.3710936210620461 0.009811376623205437 0.025765274545807237
3036 0.043245844969875546 0.3462051913654879 0.004960235389503398 0.016007637272903618
3021 0.059129943589903776 0.33263689894183324 0.012690914772652384 0.011957866061076317
2700 0.05384992857237007 0.1420916472748433 0.006468188311602718 0.013010183030538159
2644 0.09694140949764661 0.13856790560979299 0.0049056883116027185 0.012882637272903619
2644 0.1720914139618735 0.13609635197625067 0.0049056883116027185 0.012882637272903619
2700 0.12821868303659695 0.1395563207624837 0.006495461850553053 0.014572683030538158
3659 0.10120616964391634 0.1631692928826966 0.012909103084255103 0.024457866061076316
3685 0.17553401379971773 0.16297771637033703 0.012909103084255058 0.024457866061076316
3639 0.20354991964391633 0.17152354000775866 0.013072744317957153 0.03383286606107627
3439 0.22690559902706534 0.1781242263722767 0.013072744317957153 0.03383286606107627
3514 0.24203176704612855 0.11833463819098751 0.012909103084255058 0.024457866061076316
3635 0.2609414541399153 0.06589516440378466 0.012745461850553053 0.015082866061076273
3993 0.2912738364451636 0.07619480667765811 0.01754205600635448 0.02171550333397989
4170 0.23976015503341977 0.15883209243335297 0.009729556006354478 0.021077774545807237
4174 0.2460237918028949 0.15856102546389111 0.009756829545304768 0.022640274545807238
4177 0.25149254180289493 0.15900743561561198 0.00972955600635439 0.02107777454580719
4180 0.2577698153418453 0.15795511864615014 0.009729556006354478 0.021077774545807237
4184 0.26325220211132044 0.15762027879787102 0.009729556006354478 0.021077774545807237
4187 0.2695022021113204 0.15813046182840912 0.009756829545304768 0.022640274545807238
4194 0.2749845888807956 0.15779562198013003 0.009729556006354478 0.021077774545807237
4197 0.28124822565027074 0.15752455501066817 0.00972955600635439 0.021077774545807237
3773 0.2875527727281715 0.15490973804120628 0.009838650162155816 0.02732777454580724
3779 0.29303515949764664 0.1545748981929272 0.009838650162155816 0.02732777454580724
3192 0.303522646104966 0.1812489684963689 0.009756829545304768 0.022640274545807238
3135 0.32275961566615685 0.11005949470916607 0.013072744317957153 0.033832866061076314
3191 0.39169084780924934 0.1501102809239029 0.009756829545304768 0.022640274545807238
2249 0.378242002435632 0.11380611910519209 0.008057961850553052 0.014700228788172698
3768 0.3827209967535891 0.08131248349927843 0.009865923701106106 0.028890274545807216
3780 0.39774202475676634 0.07236791819680652 0.017432961850553052 0.01546550333397989
3771 0.3993630259745823 0.11396548683325831 0.009838650162155727 0.027327774545807194
3783 0.4072573465914333 0.10991571562143099 0.009865923701106106 0.028890274545807237
3790 0.4159698733767946 0.05899094440960366 0.017432961850553142 0.01546550333397989
3797 0.42338690706201465 0.08228492319777633 0.017432961850553142 0.01546550333397989
3802 0.44653408076312073 0.05600933668347711 0.017378414772652385 0.012340503333979892
3220 0.4356550819809367 0.09658653925885262 0.009729556006354478 0.021077774545807216
4342 0.4352868892051071 0.11768028925885261 0.009756829545304768 0.022640274545807238
3207 0.42084255965980244 0.1384073774401418 0.020612508928453722 0.018845594849248925
3203 0.43734426704612855 0.13427785789530441 0.014307961850553141 0.015210411818710856
2249 0.4465010787345259 0.14754313244111167 0.007976141233702095 0.010012728788172697
3229 0.45170282183466703 0.07364324683519799 0.008139782467404188 0.019387728788172697
3236 0.46107782183466706 0.07440852138100519 0.009729556006354301 0.021077774545807216
3231 0.4635209833609085 0.11372611289627428 0.008139782467404188 0.019387728788172697
3234 0.46898973336090855 0.11417252304799512 0.008139782467404188 0.019387728788172697
2249 0.46318974675358915 0.087881090017457 0.007976141233702095 0.010012728788172675
3813 0.47266020413991533 0.0831776145632642 0.017405688311602673 0.013903003333979891
3812 0.4732505393672629 0.09417888744208147 0.017405688311602673 0.013903003333979891
3240 0.47316476461049656 0.054271364563264216 0.014253414772652384 0.012085411818710812
2846 0.4880494249189221 0.05313929926079229 0.017378414772652385 0.012340503333979892
3815 0.48347497321463884 0.09110168486670596 0.009838650162155816 0.027327774545807194
3818 0.48972497321463876 0.0916118678972441 0.009865923701106106 0.028890274545807216
3825 0.5063494115262415 0.08045109835240671 0.017432961850553142 0.01546550333397989
3826 0.5049778262988939 0.06938605259477218 0.017432961850553142 0.01546550333397989
3656 0.4782556392051072 0.12118779759380235 0.009729556006354301 0.021077774545807237
3669 0.6186994070620147 0.09822814290209328 0.013072744317957153 0.03383286606107627
2270 0.6561584967535892 0.10363299108532212 0.03322160308425506 0.026115960910325243
2887 0.6344686830365969 0.18088114623607315 0.011428423701106282 0.02901782030344178
2277 0.6601914318187809 0.14151562835822573 0.03319432954530477 0.02455346091032524
2774 0.7280471335230643 0.10871884593651074 0.011210235389503432 0.016517820303441733
2774 0.789902251217816 0.1059444033630749 0.009620461850553142 0.014827774545807238
2776 0.7758942982957167 0.10167149154436408 0.00964773538950343 0.016390274545807236
2638 0.8392846424515181 0.10058709472856275 0.006468188311602674 0.013010183030538159
3765 0.8911902414785834 0.26442619624577146 0.004823867694751627 0.00819513727290353
3517 0.9065288693196049 0.28210790382211687 0.00803068831160303 0.013137728788172608
4145 0.89248000608908 0.280178742003406 0.011101141233702094 0.010267820303441689
4137 0.8806930722417041 0.283128398821147 0.011101141233702094 0.010267820303441689
4153 0.8674390957806544 0.28048175988125346 0.009511367694751627 0.008577774545807238
3238 0.8580368222417041 0.2812789853354462 0.007948867694751626 0.00845022878817261
4329 0.8261516225660156 0.22547552442512098 0.011128414772652206 0.011830320303441689
3239 0.7942703770302425 0.21426708639361305 0.007948867694751626 0.00845022878817261
4156 0.8046078591733352 0.24953490669705475 0.006522735389503253 0.01613518303053816
4194 0.8411123750016476 0.3096272548802836 0.011128414772652206 0.011830320303441689
3231 0.816839077923747 0.31077529563694833 0.007948867694751626 0.008450228788172698
4152 0.8036532853100731 0.3042224066970548 0.011128414772652206 0.011830320303441777
3230 0.7933606676153214 0.3112058592724303 0.011101141233702094 0.010267820303441689
4154 0.802308973621676 0.2915948609394202 0.011101141233702094 0.010267820303441777
3229 0.7937152236216759 0.29089335927243026 0.006359094155801515 0.006760183030538158
3235 0.7795805856343847 0.2490566745749022 0.007948867694751626 0.00845022878817261
3457 0.7793214870143566 0.2639004245749022 0.006522735389503431 0.01613518303053816
3570 0.7757464736216759 0.2894265830596331 0.007948867694751626 0.00845022878817261
3414 0.7543857167218171 0.21335841957393234 0.0128545560063543 0.021332866061076317
3241 0.7570879768680868 0.23783226108920147 0.004905688311602674 0.012882637272903619
3237 0.7584186517870088 0.251241056846836 0.004905688311602674 0.012882637272903619
4155 0.7517322751638034 0.27573087381629785 0.011101141233702094 0.010267820303441777
4151 0.7593674971606262 0.28652485260447047 0.011101141233702094 0.010267820303441689
2534 0.7589328948871501 0.1769585339680187 0.009838650162155816 0.027327774545807194
2559 0.7824113051955754 0.17652797033253673 0.04429547077900668 0.03482128121376702
2690 0.5818016047091081 0.2399533862341335 0.009620461850553142 0.014827774545807238
2685 0.5505106944006827 0.2397462210814428 0.00964773538950343 0.016390274545807236
3516 0.5289590227281714 0.17461555759574202 0.0128545560063543 0.02133286606107627
3841 0.5341999017870089 0.23293824062628019 0.011428423701106106 0.029017820303441688
3658 0.5134976639618735 0.16396510001939665 0.013072744317957153 0.03383286606107627
3831 0.5195061562512358 0.22313280592875212 0.017432961850553142 0.015465503333979846
2853 0.5252379590111793 0.25333048895929017 0.017405688311602673 0.013903003333979846
3242 0.5024647065755473 0.16854102971595492 0.014307961850553141 0.015210411818710856
3566 0.5052215137997177 0.18988987123122397 0.012909103084255236 0.024457866061076316
3828 0.507814679790186 0.22061371274649305 0.009838650162155816 0.02732777454580724
4343 0.49952489285855517 0.2473197339583204 0.013045470779006862 0.03227036606107632
3237 0.482660721186044 0.18257170774552323 0.009729556006354301 0.02107777454580719
3235 0.47705560349129217 0.18993779759380233 0.009729556006354301 0.02107777454580719
2273 0.4734260430207109 0.2185889560785333 0.027353432629559825 0.047480777879787085
3565 0.4694612918028949 0.17680006880562965 0.00967500892845372 0.017952774545807237
3225 0.46311583441656873 0.18175863577509152 0.011346603084255058 0.024330320303441733
3217 0.45387720211132043 0.1731808612292843 0.011319329545304768 0.022767820303441776
4426 0.4577737694817605 0.21887599850218792 0.012881829545304768 0.022895366061076318
3206 0.4446873883943283 0.2514493824411116 0.011346603084255235 0.024330320303441687
3785 0.43218738839432824 0.2504290163800354 0.017378414772652385 0.012340503333979846
3786 0.43158341639750547 0.24020899350121808 0.017405688311602673 0.013903003333979846
3202 0.42058741517968945 0.19784615031895908 0.009756829545304768 0.022640274545807238
3784 0.4124845888807956 0.16901964865196914 0.009811376623205349 0.025765274545807237
3196 0.40681128733866806 0.18029198850024825 0.011346603084255058 0.024330320303441778
3186 0.3895828770302425 0.18123273516626837 0.009756829545304768 0.022640274545807238
3184 0.3809754902607674 0.18131248349927845 0.009729556006354478 0.021077774545807237
3182 0.373135716721817 0.18223725471110575 0.011319329545304768 0.022767820303441776
3154 0.3652959431828667 0.18316202592293307 0.011319329545304768 0.02276782030344173
3127 0.34926184009861155 0.20532406834658773 0.009756829545304768 0.022640274545807238
2784 0.360216931008002 0.25003066152884673 0.009538641233702095 0.010140274545807237
4369 0.335530576705931 0.2300211794066942 0.012881829545304768 0.022895366061076318
4056 0.305225467939633 0.21815903713282073 0.013045470779006862 0.03227036606107632
3089 0.330202148540598 0.26635729213379056 0.014307961850553053 0.015210411818710768
3627 0.27548342086173233 0.21886066773776455 0.012745461850553053 0.015082866061076316
3501 0.2540896619332786 0.2343263000096983 0.01129205600635439 0.021205320303441688
4010 0.30660100730689593 0.27381910576927254 0.013018197240056395 0.030707866061076318
4123 0.23281863393010135 0.24276068228163208 0.014307961850553141 0.015210411818710768
4137 0.23419021915744903 0.2538257280392666 0.014307961850553053 0.015210411818710768
4128 0.23541179992056974 0.27348452379690114 0.014280688311602674 0.013647911818710768
4153 0.23678338514791736 0.2845495695545357 0.014280688311602674 0.013647911818710768
4152 0.237373720375265 0.295550842433353 0.014253414772652384 0.012085411818710767
4151 0.23795041883313744 0.30733336531217026 0.014307961850553053 0.015210411818710768
3833 0.1933918952941871 0.305260811219586 0.01110114123370205 0.010267820303441777
2933 0.13521693100800208 0.23166407242947368 0.009538641233702006 0.010140274545807237
4303 0.13402657792374698 0.25503779955065636 0.011128414772652384 0.011830320303441689
3563 0.17015894683631466 0.291628874855068 0.007948867694751716 0.00845022878817261
3210 0.1613606452941871 0.30264612318807804 0.00641364123370205 0.009885183030538158
2856 0.11753850730689594 0.2583860690954937 0.006522735389503387 0.01613518303053816
2867 0.11641633807001668 0.2778535462166765 0.006522735389503431 0.01613518303053816
2844 0.1671060848236058 0.33206255621861613 0.004796594155801337 0.00663263727290353
3800 0.15766290097622995 0.3352035316728089 0.006522735389503431 0.01613518303053816
3413 0.16746459496987556 0.35634507909743346 0.006522735389503431 0.01613518303053816
2889 0.16121459496987556 0.3558348960668953 0.006495461850553053 0.014572683030538158
3423 0.14305493019722318 0.36530561985409815 0.011128414772652384 0.011830320303441777
3057 0.187514042209932 0.3282519010678651 0.004878414772652384 0.011320137272903619
2955 0.18961233035937894 0.3425057197043169 0.00485114123370205 0.00975763727290362
3766 0.1547560892878327 0.3224484401575399 0.00641364123370205 0.009885183030538158
3424 0.10142653774570513 0.32983063439796567 0.011128414772652384 0.011830320303441689
2967 0.07633108035937894 0.3332586522758131 0.0049056883116027185 0.012882637272903619
3472 0.06841344034349289 0.3834659463664577 0.008139782467404077 0.01938772878817261
2644 0.08345205925606058 0.418335153942803 0.0031795470779006686 0.003380091515269079
4179 0.1184913068204286 0.3382648877319456 0.006468188311602718 0.013010183030538159
2911 0.1269077788172514 0.3491226393989355 0.007948867694751716 0.008450228788172698
4312 0.12801058279501093 0.4204077080353873 0.011128414772652384 0.011830320303441865
3422 0.14446742573299629 0.3740269156117327 0.01110114123370205 0.010267820303441689
2845 0.14152365787608884 0.40821059697528084 0.004932961850553053 0.014445137272903707
2878 0.1646435580382446 0.38349751046098157 0.004932961850553053 0.01444513727290353
2536 0.18850775203189016 0.40578696970431694 0.008303423701106104 0.02876272878817261
2387 0.17362309172346468 0.40691903500678883 0.030232970779006774 0.03367336939505616
2327 0.26070212621946365 0.303714028797871 0.0251011858759707 0.097225686364518
3513 0.26889072727512386 0.37244805334367825 0.014471603084255057 0.024585411818710767
3635 0.28707371144681126 0.3168198066776581 0.014307961850553053 0.015210411818710768
4006 0.31254131574888233 0.336893061678628 0.013072744317957153 0.033832866061076314
3100 0.33349474391421535 0.3018324065278769 0.014335235389503431 0.016772911818710767
3111 0.333130505278301 0.3675211794066942 0.013072744317957153 0.033832866061076314
2249 0.33995324959625817 0.3352188624372323 0.00964773538950343 0.016390274545807236
2644 0.36766519237208783 0.3163571631958367 0.007948867694751626 0.00845022878817261
4370 0.3659390511383857 0.3256046174382021 0.00964773538950343 0.016390274545807236
2791 0.3744373437520595 0.3317748691051921 0.007948867694751626 0.008450228788172698
2277 0.04572418831489801 0.47315032863839146 0.01975912094116259 0.059343049091614475
3637 0.05944181493810345 0.449234467578285 0.012881829545304768 0.022895366061076318
3438 0.07468498539279869 0.4723849251546303 0.014362508928453744 0.01833541181871077
2844 0.05621562906213271 0.5444194218206505 0.012909103084255103 0.024457866061076316
4394 0.05989400812097012 0.6026145590935541 0.016225017856907487 0.0356504575763454
2249 0.06429118182207624 0.5748084234876404 0.00641364123370205 0.009885183030538158
3877 0.08139290706530992 0.5363039039428031 0.008085235389503388 0.016262728788172608
3766 0.08401334659472863 0.5654652454580722 0.008057961850553052 0.01470022878817261
3057 0.08509065138326706 0.5037464954580722 0.009675008928453743 0.017952774545807237
3985 0.08937873092857182 0.4821903598521585 0.011237508928453743 0.018080320303441866
3269 0.10006681493810346 0.45255065727678295 0.012909103084255103 0.024457866061076316
4122 0.11938383076641604 0.5112400021260319 0.008085235389503431 0.016262728788172608
4046 0.12426619967898374 0.5452801622777528 0.008085235389503431 0.016262728788172608
3153 0.1260741615295368 0.5313452080353873 0.008085235389503388 0.016262728788172608
4157 0.13245084659472864 0.5694191639447428 0.00964773538950343 0.016390274545807236
4341 0.09947470536102658 0.5761157030344174 0.011292056006354434 0.021205320303441865
4168 0.14772524472828952 0.6356021443999053 0.014471603084255102 0.024585411818710767
2834 0.16988266274735278 0.5763865121279717 0.01608865016215577 0.027837957576345218
2282 0.17881733198423203 0.5575567637949614 0.01975912094116259 0.059343049091614475
2295 0.19820826014956502 0.522368562886576 0.021567082791715642 0.07353309484924893
3640 0.21421904383478507 0.5463640433417385 0.014662517856907442 0.03552291181871077
3438 0.22682813799058646 0.5411344094028149 0.014362508928453721 0.01833541181871077
3686 0.1965014841749827 0.4408634713713068 0.012909103084255103 0.024457866061076316
4417 0.18070138596199156 0.6289056053102305 0.014635244317957152 0.03396041181871077
4416 0.21513093303989222 0.6285866119781904 0.014662517856907442 0.03552291181871077
2258 0.2487576850684871 0.5397950500096983 0.02132162094116259 0.05947059484924892
3438 0.2610355426169691 0.5087203931919573 0.014362508928453721 0.01833541181871077
3641 0.25781113109072756 0.46933902879787104 0.014662517856907442 0.03552291181871077
4169 0.22197877110661363 0.4155604534934595 0.009756829545304768 0.02264027454580706
4172 0.22824240787608882 0.41528938652399755 0.009756829545304768 0.022640274545807238
4175 0.23449240787608883 0.4157995695545357 0.009729556006354478 0.021077774545807237
4178 0.23997479464556398 0.41546472970625653 0.009729556006354478 0.02107777454580706
4183 0.24623843141503915 0.4151936627367947 0.00972955600635439 0.021077774545807237
4185 0.25170718141503917 0.4156400728885156 0.009756829545304768 0.02264027454580706
4188 0.25718956818451433 0.4153052330402365 0.009756829545304768 0.022640274545807238
4193 0.2626719549539895 0.41497039319195733 0.009756829545304768 0.022640274545807238
4196 0.2689219549539895 0.41548057622249546 0.009756829545304768 0.022640274545807238
4198 0.2744043417234646 0.4151457363742164 0.009756829545304768 0.02264027454580706
4200 0.27988672849293983 0.4148108965259373 0.00972955600635439 0.021077774545807237
3769 0.2854236623403157 0.4113510566776581 0.009811376623205437 0.025765274545807237
3770 0.29090604910979084 0.41101621682937894 0.009865923701106106 0.028890274545807237
3772 0.2963747991097908 0.41146262698109987 0.009865923701106106 0.028890274545807237
3777 0.301857185879266 0.4111277871328207 0.009865923701106106 0.028890274545807237
3782 0.308107185879266 0.4116379701633589 0.009865923701106106 0.028890274545807237
3011 0.2780145369349262 0.47724712364711996 0.013072744317957153 0.033832866061076314
3755 0.2997901254086847 0.4399064913751863 0.008085235389503431 0.016262728788172608
3976 0.29762760755177725 0.47415394561755164 0.014307961850553053 0.015210411818710768
3027 0.299630438314898 0.4938765142540035 0.009756829545304768 0.02264027454580706
3036 0.3074702118538483 0.4929517430421761 0.009756829545304768 0.02264027454580706
3965 0.29989349107484153 0.5236277871328208 0.009729556006354478 0.021077774545807237
2249 0.2805161996789837 0.5580347380412063 0.0064136412337020944 0.009885183030538158
3954 0.30398097321793405 0.5583854244057244 0.009756829545304768 0.022640274545807238
4368 0.3194968790621327 0.5659108819820696 0.011292056006354478 0.021205320303441865
3292 0.32288275203189015 0.416755904860887 0.012881829545304768 0.022895366061076318
4001 0.33071679708119595 0.5058024294066942 0.009756829545304768 0.022640274545807238
4038 0.3451202163180752 0.48741909122540494 0.009729556006354478 0.021077774545807237
3069 0.3529327163180752 0.48805682001357764 0.009756829545304768 0.022640274545807238
4032 0.3458372366106147 0.5359841369830395 0.009756829545304768 0.022640274545807238
4018 0.3422213129095086 0.5638540454677704 0.009729556006354478 0.021077774545807237
2271 0.3647099675358912 0.530483436074654 0.01973184740221221 0.05778054909161447
3646 0.3852327475676633 0.43045148516626835 0.013072744317957153 0.033832866061076314
3145 0.38276231250247145 0.3926963936509993 0.009756829545304768 0.022640274545807238
3183 0.40260720820040036 0.376321965621431 0.009729556006354478 0.021077774545807237
3153 0.3919600344992943 0.40361791819680654 0.008057961850553052 0.01470022878817261
3756 0.401052616480231 0.465384465621431 0.008085235389503431 0.016262728788172608
3189 0.4106594415613089 0.45286849016723824 0.009756829545304768 0.022640274545807238
3439 0.408025365262415 0.42448839865196913 0.013072744317957153 0.033832866061076314
3187 0.4116958360414218 0.3934934901672382 0.009756829545304768 0.022640274545807238
3194 0.42340094927194666 0.3952313333494972 0.009729556006354478 0.021077774545807237
3189 0.43033674188562043 0.40127403925885263 0.009756829545304768 0.022640274545807238
3201 0.4381628786550957 0.4011305180470253 0.009729556006354301 0.021077774545807237
3204 0.4459071948077198 0.405674496835198 0.009756829545304768 0.022640274545807238
3270 0.4445259269508123 0.4399857239563807 0.013072744317957153 0.033832866061076314
3586 0.4277123482162864 0.3275176748647663 0.007976141233702095 0.010012728788172609
3788 0.43586576745316563 0.308624153652939 0.017432961850553142 0.015465503333979846
3787 0.43645610268051327 0.31962542653175624 0.017405688311602673 0.013903003333979846
3209 0.4505322394499885 0.3199920883504671 0.009729556006354301 0.021077774545807237
2728 0.4664651566582728 0.39327009168444693 0.006359094155801337 0.006760183030538158
3564 0.46386230803824463 0.4079225230479951 0.012881829545304768 0.022895366061076318
3807 0.4866412889635211 0.4027406865336959 0.01474433847375849 0.04021041181871077
3241 0.4997861712687694 0.4116373254735894 0.013072744317957153 0.033832866061076314
3652 0.48509815422264085 0.3118605950184269 0.013072744317957153 0.033832866061076314
2249 0.49445951745316563 0.313407119564234 0.00967500892845372 0.017952774545807237
3228 0.5033941866900449 0.29457737123122396 0.011482970779006863 0.032142820303441774
3757 0.5175230961876915 0.42638535168638664 0.012909103084255236 0.024457866061076316
2849 0.5181561160731938 0.3004765559287521 0.017432961850553142 0.015465503333979846
3839 0.5386458940763712 0.291978400778001 0.014798885551659069 0.04333541181871077
3272 0.5349151477298191 0.4160696050203665 0.013072744317957153 0.033832866061076314
2700 0.5621146217552367 0.3369241100213364 0.006468188311602674 0.013010183030538159
2644 0.5903214423720877 0.33453243365875796 0.004905688311602674 0.012882637272903619
2571 0.6312152236216759 0.2776286004784386 0.07835464529089187 0.19830969636645773
3240 0.7708174659110381 0.3477014686655468 0.006359094155801337 0.006760183030538158
3234 0.8088396172910098 0.3656700897275929 0.006522735389503253 0.01613518303053816
3458 0.809948149758414 0.34698386260641023 0.009729556006354301 0.021077774545807237
3233 0.8307555275994354 0.3651119803344764 0.006522735389503253 0.01613518303053816
4320 0.8615515600668395 0.3488491226083498 0.011128414772652206 0.011830320303441689
3316 0.8399981140445991 0.4182847777591009 0.019704573863261743 0.05621804909161447
3883 0.8299003652624151 0.45892575321329365 0.009865923701106283 0.028890274545807237
3281 0.8072810714309252 0.41013756684877567 0.01307274431795733 0.033832866061076314
3279 0.815360578330784 0.4851215913945829 0.013072744317956974 0.033832866061076314
3674 0.7728651611224997 0.4096753101808159 0.013072744317957153 0.033832866061076314
4269 0.8639793104738764 0.5235142827600707 0.014798885551659424 0.04333541181871077
3482 0.8470781826328551 0.5057050294260909 0.01814207386326174 0.056090503333979844
3882 0.837748047081196 0.5471910277591009 0.009865923701106283 0.028890274545807237
3746 0.9360315884770538 0.5192251376112593 0.01660684740221221 0.0575254575763454
2277 0.8123486266265008 0.5232115227581311 0.025381829545304768 0.023915732122152634
2270 0.8171355381527423 0.5627204329098519 0.02376478246740419 0.020663186364518006
3873 0.7763565795486 0.5234029703325367 0.009865923701106106 0.028890274545807237
4414 0.7595605917234647 0.45474869411973956 0.02351141233702041 0.09553564060688355
3628 0.7289924301972232 0.4131352789670489 0.014362508928453721 0.01833541181871077
3482 0.7263077609603439 0.4324752103305971 0.0237920560063543 0.022225686364518004
3746 0.7267480917234647 0.4520702332094143 0.02688978246740419 0.020918277879787082
3306 0.7318759224865854 0.4720478933611352 0.020612508928453722 0.018845594849248925
3316 0.7307810267886564 0.48995287048231795 0.02688978246740419 0.020918277879787082
3628 0.7374849943212525 0.5092768263916734 0.014362508928453721 0.01833541181871077
3245 0.7340190750843731 0.5285529848764042 0.02535455600635448 0.022353232122152632
3439 0.739146905847494 0.5485306450281252 0.020612508928453722 0.018845594849248925
2598 0.7435071233800898 0.5676632823010287 0.012800008928453722 0.018207866061076317
3868 0.7115849675358912 0.5587985942695208 0.016388659090609537 0.04502545757634539
4346 0.6830702297107558 0.4891877248744646 0.014662517856907442 0.03552291181871077
2270 0.6778157138824432 0.43164629184392644 0.018142073863261922 0.056090503333979844
3275 0.6685088977298191 0.42697476729811934 0.011482970779006863 0.032142820303441864
3861 0.6701026254086847 0.47013483593457106 0.009865923701106106 0.028890274545807237
3859 0.6646202386392096 0.47046967578285026 0.009865923701106106 0.02889027454580706
3862 0.6717099898570256 0.5125136545710228 0.009838650162155816 0.02732777454580724
3860 0.6750434955390684 0.5456450189651092 0.009838650162155816 0.02732777454580724
3758 0.6231009403434928 0.42874469032671775 0.012909103084255236 0.024457866061076316
3858 0.6225145592560606 0.4623384403267178 0.017432961850553142 0.015465503333979846
2886 0.6362088664802309 0.4845801021454285 0.017432961850553142 0.015465503333980024
3857 0.6287685133959758 0.5074436462360732 0.009865923701106283 0.028890274545807237
3856 0.6328969058474939 0.5398575335089768 0.009865923701106106 0.028890274545807237
2729 0.6491804249222174 0.5482280139641393 0.0064136412337020944 0.009885183030538158
2873 0.6044639886392096 0.4655591641139206 0.014798885551659069 0.04333541181871077
3663 0.5910054606360323 0.47463127517402703 0.013072744317957153 0.033832866061076314
2270 0.5675094594182164 0.43124806593069176 0.01970457386326192 0.05621804909161447
2864 0.5738452341749827 0.4716657718400471 0.009838650162155816 0.02732777454580724
3843 0.5668003474055074 0.4718730659306917 0.009838650162155816 0.02732777454580724
2270 0.5793179383148981 0.5167072048705853 0.01970457386326192 0.05621804909161447
2249 0.6108037175358912 0.5505718929020933 0.007976141233702095 0.010012728788172609
3849 0.5832963263021892 0.5577148421434889 0.025300008928453722 0.019228232122152633
4344 0.5669543060096498 0.5078743388095089 0.013072744317956974 0.033832866061076314
3842 0.5672037220001181 0.5384068616883263 0.009865923701106283 0.028890274545807237
3832 0.5501213620160041 0.4861588354755291 0.009865923701106106 0.028890274545807237
3438 0.5897741972433517 0.5003487522952097 0.012745461850553141 0.015082866061076316
3840 0.5682752982990119 0.5666594074459608 0.009865923701106106 0.028890274545807237
2850 0.5305082913991531 0.4892520135050974 0.009865923701106106 0.028890274545807237
3824 0.5152105738665572 0.469226555928752 0.017432961850553142 0.015465503333980024
2848 0.5234770413991532 0.488678057595742 0.009811376623205349 0.025765274545807237
3820 0.5222594147759476 0.5136142847169247 0.009838650162155816 0.02732777454580724
3819 0.5248662175358911 0.5435568762321938 0.009865923701106106 0.028890274545807237
3233 0.49152761201600415 0.481375869564234 0.013072744317957153 0.033832866061076314
2249 0.5035542792242885 0.5543350085041275 0.0064136412337020944 0.009885183030538158
3651 0.4799179561718055 0.47416927638197504 0.013072744317957153 0.033832866061076314
3438 0.481743508931749 0.5040480950184267 0.012800008928453722 0.018207866061076317
3795 0.47527927476006154 0.5606329348667061 0.025327282467404188 0.020790732122152634
2270 0.4689571367727705 0.5194339789573506 0.019704573863261743 0.05621804909161447
3200 0.4572344326328551 0.4738823628962742 0.009729556006354301 0.021077774545807237
3775 0.4502031826328551 0.47330840698691884 0.009838650162155816 0.02732777454580724
3776 0.44973953247069937 0.49987090698691883 0.009865923701106106 0.028890274545807237
3781 0.45789690584749393 0.5255724086539088 0.009865923701106106 0.028890274545807237
3774 0.458982118915863 0.5530437044115433 0.009865923701106106 0.028890274545807237
3193 0.43444181493810347 0.47984544941057355 0.009729556006354301 0.02107777454580706
3190 0.42450770738962146 0.5111114248647664 0.008139782467404011 0.01938772878817261
4371 0.43150200122111126 0.5586241536529389 0.012881829545304768 0.022895366061076318
4192 0.4013838530875503 0.4912294885002483 0.014307961850553141 0.015210411818710768
4189 0.41184406615591945 0.51946605880369 0.009756829545304768 0.022640274545807238
4191 0.41443723214638784 0.5501899003189591 0.009756829545304768 0.022640274545807238
3157 0.3850321501654511 0.4867652580450857 0.013045470779006862 0.03227036606107632
3644 0.3717236266265007 0.48724361910519215 0.013072744317957153 0.033832866061076314
3438 0.37833213677277044 0.5120363250145475 0.012745461850553053 0.015082866061076316
2249 0.39626393060426024 0.560441874106162 0.007976141233702005 0.010012728788172609
2570 0.14992294440397796 0.6889822359151744 0.03587504464226869 0.08874350666795969
4395 0.2791076582831259 0.593908465162389 0.014662517856907442 0.03552291181871077
4389 0.2823127045502477 0.72404237531411 0.02170345048646736 0.08134559484924893
2631 0.2913019208650276 0.7020876269810998 0.019922762174864595 0.06871804909161447
3021 0.29736496023229053 0.7581303328904553 0.013072744317957153 0.033832866061076314
4083 0.3542849362863031 0.5898744115288468 0.013072744317957153 0.033832866061076314
4066 0.35571502273146677 0.6424094801652985 0.009729556006354478 0.021077774545807237
4077 0.36943660349458746 0.6630886419840094 0.014307961850553053 0.015210411818710768
3079 0.36999966518298477 0.6756524148628266 0.014307961850553053 0.015210411818710768
4089 0.3740656022767715 0.6220012563780957 0.0081397824674041 0.01938772878817261
4396 0.39425141721157964 0.5860955783485273 0.013072744317957153 0.033832866061076314
4278 0.39110705195245987 0.6765930325908929 0.023320497564368027 0.08459814060688338
2633 0.40566442979348133 0.6942109672884209 0.02153980925276535 0.07197059484924892
2644 0.3069269208650276 0.7033630845574452 0.007948867694751626 0.00845022878817261
2644 0.421262156254531 0.6970489248647663 0.009511367694751627 0.008577774545807238
3791 0.472380371351495 0.6370678891090714 0.009811376623205349 0.025765274545807237
3211 0.483621834419864 0.6653682322913305 0.009729556006354301 0.02107777454580706
4397 0.4984167658316078 0.5797336212312241 0.013072744317956974 0.033832866061076314
3796 0.4834951493546722 0.6278044594125132 0.011401150162155815 0.027455320303441687
3799 0.492157083202048 0.6245997110795031 0.009865923701106106 0.028890274545807237
4390 0.4987968210271834 0.6924249398676758 0.01973184740221221 0.05778054909161447
2632 0.5097206842577082 0.6940990101711175 0.019977309252765352 0.07184304909161447
2644 0.5246189813356089 0.6921856948686456 0.007948867694751626 0.00845022878817261
3845 0.5821547918061902 0.6679348650223063 0.009865923701106106 0.02889027454580706
2868 0.5953269476503887 0.6752690039621998 0.017432961850553142 0.015465503333980024
3848 0.5939962727314667 0.6618602082045651 0.017432961850553142 0.015465503333980024
3850 0.5899906112052252 0.6224150709316616 0.009865923701106106 0.028890274545807237
4398 0.6111485909126857 0.5756356657809105 0.013072744317957153 0.033832866061076314
4388 0.6087718388840908 0.6669781429020933 0.021730724025417557 0.08290809484924892
2632 0.6217667167251124 0.6844685318419869 0.02153980925276535 0.07197059484924892
2644 0.6374053534945874 0.6849627394183322 0.011101141233702094 0.010267820303441866
3867 0.6951048051988709 0.6513369095719928 0.009865923701106283 0.028890274545807237
3869 0.706137762585197 0.6467609798754343 0.017432961850553142 0.015465503333980024
2888 0.7074820742735943 0.659388525633069 0.017432961850553142 0.015465503333980024
3870 0.7150724318220762 0.6279312315424244 0.009865923701106283 0.028890274545807237
3672 0.7508559732179341 0.5948635110892015 0.013045470779006862 0.03227036606107632
2644 0.7627792747600617 0.5841013542714604 0.006359094155801337 0.006760183030538158
3635 0.8031588129095086 0.6014800439699585 0.011128414772652206 0.011830320303441865
3678 0.831406543834785 0.59674461760738 0.01307274431795733 0.033832866061076314
3439 0.8549531379905865 0.592407803971898 0.014662517856907442 0.03552291181871077
3595 0.9504508242735943 0.6792218909452392 0.01973184740221221 0.05778054909161447
3983 0.9163718790621328 0.6146333613984621 0.009865923701106283 0.028890274545807237
3981 0.9046940393705583 0.6113330182162031 0.009865923701106283 0.028890274545807237
3980 0.8912900584452818 0.6172801292763096 0.009865923701106283 0.028890274545807237
2434 0.8791661595009419 0.6843560589728679 0.023675053570722325 0.10491064060688338
2435 0.8705451359619916 0.6852170573058779 0.023702327109672794 0.10647314060688355
4268 0.9377502268713819 0.7345152977629802 0.014771612012708601 0.04177291181871077
2375 0.8598803713514951 0.6686992370024362 0.020195497564368024 0.08434304909161447
3881 0.8511638904262184 0.6750289853354462 0.009865923701106283 0.028890274545807237
3876 0.834344583202048 0.6525322320014664 0.017432961850553142 0.015465503333979846
2895 0.839090584419864 0.6943848921531872 0.017432961850553142 0.015465503333979846
3875 0.8230388904262185 0.6727331616980246 0.009865923701106283 0.028890274545807237
3874 0.8155439902640627 0.6987217057886692 0.014798885551659069 0.04333541181871077
3278 0.8045655799556372 0.7001726354852275 0.013072744317956974 0.033832866061076314
2290 0.7984616302799487 0.6464736795758721 0.021485262174864593 0.06884559484924893
2902 0.8552007796313255 0.7575066454871671 0.00983865016215546 0.02732777454580706
3879 0.8481149825534249 0.7600576895778117 0.009865923701106283 0.028890274545807237
3635 0.8673325868554962 0.7796207615482433 0.011128414772652206 0.011830320303441865
4347 0.8267621339333967 0.7731795718497455 0.01307274431795733 0.033832866061076314
2891 0.7552104622608855 0.7039674441197395 0.014798885551659069 0.04333541181871077
3439 0.7433144342577083 0.7131671009374806 0.013072744317957153 0.033832866061076314
3666 0.7190956842577083 0.7111901416941453 0.013072744317957153 0.033832866061076314
2249 0.7916877045502477 0.7656222923029684 0.009593188311602673 0.013265274545807237
2249 0.790688266238645 0.7780585194241512 0.008030688311602674 0.013137728788172608
3481 0.708353053170276 0.7439548442695207 0.019922762174864772 0.06871804909161447
3668 0.6983234882354677 0.7806895697237136 0.013072744317957153 0.033832866061076314
2890 0.7381536014659925 0.7847232365433943 0.014798885551659069 0.04333541181871077
2249 0.6813502224071553 0.7221915435109164 0.01123750892845372 0.018080320303441866
2884 0.6278433928618504 0.7397299877513422 0.014798885551659069 0.04333541181871077
3481 0.5979513413197228 0.7490253683562861 0.021457988635914305 0.06728309484924892
3660 0.5763939411575671 0.7738660006282199 0.013072744317957153 0.033832866061076314
2249 0.5686183973260773 0.7262894989612299 0.01123750892845372 0.018080320303441866
3239 0.5158655442418222 0.7454542160804729 0.013072744317957153 0.033832866061076314
3650 0.483016088073312 0.7897145280489649 0.013018197240056395 0.030707866061076318
3481 0.4914558794691698 0.7544147568371377 0.021457988635914305 0.06728309484924892
2249 0.4652479354755242 0.7319339789573506 0.011210235389503253 0.016517820303441687
3185 0.4110007662386449 0.7470649003189591 0.013072744317956974 0.033832866061076314
3439 0.4134439277648864 0.7863824918342281 0.011482970779006863 0.032142820303441864
3643 0.3899518806869858 0.7875943054697101 0.013072744317957153 0.033832866061076314
3481 0.3732416676186167 0.7588475521357302 0.021457988635914305 0.06728309484924892
3642 0.36396607914485823 0.7972085504687403 0.013072744317957153 0.033832866061076314
2249 0.34933656331654567 0.7389018428923949 0.01123750892845372 0.018080320303441866
3990 0.26665074838173747 0.7697056906165818 0.009865923701106106 0.02889027454580706
3989 0.25257461161226236 0.769339028797871 0.009865923701106106 0.028890274545807237
3988 0.24082858807331195 0.7699449356156121 0.009865923701106106 0.028890274545807237
3987 0.22752006453436166 0.7704232966757185 0.009865923701106106 0.028890274545807237
3991 0.2142115409954113 0.7709016577358249 0.009865923701106106 0.02889027454580706
3284 0.25621208036267423 0.8298779160707745 0.009756829545304768 0.022640274545807415
3283 0.24135469359319908 0.8294474813732464 0.009756829545304768 0.022640274545807415
3282 0.22493480682372388 0.8288895009180839 0.011319329545304768 0.022767820303441866
3683 0.17668426745646096 0.769403059552596 0.014662517856907442 0.03552291181871077
3481 0.1571393806869858 0.7685899875821643 0.021485262174864593 0.06884559484924893
3670 0.1471779995995535 0.8014184630363571 0.012909103084255103 0.024457866061076316
2249 0.12857404992386506 0.7466991410659254 0.01123750892845372 0.018080320303441866
2644 0.08536952070287185 0.7118778598521585 0.009511367694751716 0.008577774545807059
2955 0.08939277313850383 0.7951367700038793 0.012909103084255103 0.024457866061076316
3112 0.12526208929112798 0.8019765724294736 0.017432961850553052 0.015465503333980024
3680 0.11099899188891574 0.8571424334895801 0.012881829545304768 0.022895366061076318
3439 0.1344910389668164 0.855930619854098 0.013045470779006774 0.03227036606107632
4252 0.19916146510355454 0.9159750416747485 0.01786933847375849 0.040465503333980024
4253 0.2249972621814552 0.9149545466757185 0.017896612012708868 0.042028003333980025
4254 0.2492569224898807 0.9145877559190538 0.016306838473758488 0.040337957576345215
4255 0.2758603327983062 0.9144122837988409 0.01633411201270878 0.04190045757634522
4252 0.2884694269541076 0.9091826498599171 0.013018197240056484 0.030707866061076318
3844 0.296800124194164 0.8801328786480898 0.011346603084255058 0.024330320303441864
3866 0.3058847978952702 0.8527093803150798 0.009756829545304768 0.022640274545807415
4377 0.33031205357731297 0.8875626124372322 0.039471603084255055 0.0266261439408634
3291 0.33873820820369566 0.853044091225405 0.012909103084255058 0.024457866061076316
4270 0.3596995446488592 0.9071734818322884 0.013072744317957153 0.033832866061076314
3997 0.3557211566615681 0.8661658445593847 0.009756829545304768 0.022640274545807415
3047 0.36793478450258954 0.883592460620461 0.00972955600635439 0.021077774545807414
4047 0.3773370580415399 0.8827952351662685 0.009756829545304768 0.022640274545807415
3293 0.40530809943739776 0.8490897859248727 0.012909103084255058 0.024457866061076316
4378 0.4023370580415399 0.884835967288421 0.039471603084255055 0.0266261439408634
4271 0.43018932265203647 0.9027567909258426 0.011482970779006863 0.03214282030344151
4173 0.4253751375868447 0.8648103807741216 0.009729556006354301 0.02107777454580706
3178 0.4357632126679225 0.8523581781987464 0.009756829545304768 0.022640274545807415
4186 0.4477995625057668 0.8799410442598224 0.008139782467404188 0.01938772878817261
3294 0.4766064009795253 0.8431743678972442 0.012909103084255058 0.024457866061076316
4379 0.4712779728141923 0.8795104806243405 0.04103410308425524 0.02675368969849785
4272 0.5006518271162633 0.8999026000193966 0.013072744317957153 0.033832866061076314
3792 0.4966052552815963 0.8628012127464931 0.009865923701106106 0.028890274545807414
3212 0.5069251465152984 0.8542552601711175 0.008139782467404188 0.01938772878817261
3798 0.5157370848269011 0.8424567618381076 0.009865923701106106 0.028890274545807414
4380 0.5440296802005185 0.8799726083543463 0.04103410308425524 0.02675368969849785
3271 0.5477956083658515 0.8435089498696154 0.013072744317957153 0.033832866061076314
4273 0.5726495580415399 0.8987384548705852 0.013072744317957153 0.033832866061076314
3823 0.5670677597458231 0.8599470218400473 0.009865923701106283 0.028890274545807414
2854 0.5767291319048018 0.8443060463858544 0.009865923701106106 0.02889027454580706
3838 0.5861723157521777 0.8411650709316614 0.009865923701106106 0.028890274545807414
4381 0.6144785478952702 0.8778996674479005 0.039471603084255236 0.0266261439408634
3273 0.618230839291128 0.8422172589631696 0.013072744317957153 0.033832866061076314
4274 0.6423444492752419 0.8950392410853223 0.011482970779006863 0.03214282030344151
3852 0.6391336745184756 0.8548766266912358 0.009838650162155816 0.02732777454580706
2876 0.6501939054437521 0.8487381969946775 0.009865923701106106 0.028890274545807414
3854 0.6596779995995534 0.8432534715404849 0.009865923701106106 0.028890274545807414
4382 0.6849274155900218 0.8758267265414545 0.03944432954530477 0.0250636439408634
3274 0.6909961834469294 0.8418981366931755 0.013072744317957153 0.033832866061076314
3517 0.710046192375383 0.8262411857847898 0.0112920560063543 0.02120532030344151
3491 0.7879939143722059 0.8427747236665166 0.013018197240056395 0.030707866061076318
2892 0.7998041676186167 0.7936675439699583 0.009865923701106283 0.028890274545807237
2894 0.8076712146965175 0.7911802727581311 0.009865923701106283 0.02889027454580706
3880 0.8219558571480355 0.8244232074556592 0.014771612012708601 0.04177291181871112
2893 0.8147512832847734 0.878600524425121 0.017432961850553142 0.015465503333980024
2296 0.8737717272784191 0.9037597632152334 0.039471603084255236 0.0266261439408634
2436 0.8827512609636392 0.9271812877610405 0.048873876623205345 0.02895391848667046
4267 0.8928956485438932 0.7942252665492132 0.014798885551659069 0.04333541181871077
4204 0.9658558616122622 0.8275636671580363 0.019922762174864772 0.06871804909161447
2762 0.9456058169699937 0.911970618066422 0.014580697240056395 0.030835411818711123
2249 0.9303080994373977 0.8919451604900767 0.006468188311602674 0.013010183030538159
2249 0.9363847755741357 0.947206616399432 0.0112920560063543 0.021205320303441865
4276 0.927491016645682 0.963692614732442 0.01307274431795733 0.033832866061076314
2291 0.8507239651035544 0.9691616226083498 0.016334112012708603 0.04190045757634522
3290 0.2738108632371154 0.9870047609200234 0.012909103084255058 0.024457866061076316
3288 0.24874267938973954 0.9887112978836665 0.012881829545304768 0.022577404232666964
3287 0.2228932455423637 0.9896121703831815 0.012881829545304768 0.020775659233637
3280 0.1962898352339382 0.989309281443288 0.012909103084255103 0.021381437113424086
1175 0.05009190868686771 0.26774535151720874 0.06969666558343128 0.149234467578285
2237 0.014801065341845252 0.32249675333397987 0.029602130683690504 0.09811850666795978
2238 0.01710785917333505 0.399314344849249 0.0342157183466701 0.06425368969849794
929 0.05266175527830106 0.3446267159112951 0.014362508928453721 0.01833541181871077
918 0.0675327788172514 0.3442759006088232 0.014335235389503386 0.016772911818710767
864 0.08110040097622997 0.32895378954871674 0.0081397824674041 0.01938772878817261
498 0.08477087175523676 0.2979588810639858 0.01943183847375849 0.04059304909161447
1164 0.08810437743727963 0.3310902454580721 0.006468188311602718 0.013010183030538159
365 0.10390270130054151 0.27761443015560017 0.030723894480112923 0.06179836939505616
752 0.12187145130054153 0.27908120636839734 0.012963650162155815 0.027582866061076315
830 0.1366294265437752 0.2403853681871082 0.011182961850553053 0.014955320303441688
1164 0.13168678206366227 0.2994415037930218 0.011128414772652384 0.011830320303441689
807 0.1349384671288541 0.3372603681871082 0.011155688311602718 0.013392820303441688
741 0.13398171347540613 0.21278652667183912 0.012963650162155815 0.027582866061076315
498 0.15393965746905172 0.23475712152108805 0.030723894480112923 0.06179836939505616
1164 0.17552828531007317 0.25294901212797155 0.0081397824674041 0.019387728788172697
1085 0.1535481452941871 0.30200839439990534 0.0081397824674041 0.01938772878817261
785 0.15578675527830105 0.3530447359151744 0.0081397824674041 0.019387728788172697
774 0.1591611712687694 0.3838323503092608 0.0081397824674041 0.019387728788172697
741 0.13371115787608884 0.4075728681871082 0.0081397824674041 0.01938772878817261
1164 0.13176287419086874 0.3847252995506564 0.0081397824674041 0.01938772878817261
740 0.16773733035937893 0.34072007909743346 0.011182961850553053 0.014955320303441688
951 0.179701542209932 0.3276141722796925 0.012745461850553053 0.015082866061076316
852 0.18103221712885412 0.341022968037327 0.011155688311602718 0.013392820303441688
1067 0.3081828725660157 0.18319410576927253 0.004905688311602674 0.012882637272903619
1014 0.35710161363756193 0.2043992971347604 0.008194329545304769 0.022512728788172696
1037 0.3672305900986116 0.20679084455938485 0.004932961850553053 0.014445137272903618
1057 0.3751249107154626 0.20274107334755756 0.008194329545304769 0.022512728788172696
1059 0.3836777504070371 0.20578632501454747 0.004905688311602674 0.012882637272903619
1061 0.3915311607154626 0.2040803038027202 0.008194329545304769 0.022512728788172696
981 0.3396316956184987 0.2639975666795978 0.006359094155801337 0.006760183030538158
992 0.344486790992116 0.29960022683131865 0.006359094155801337 0.006760183030538158
1071 0.41025388717651234 0.2071733528943346 0.004905688311602674 0.012882637272903619
1077 0.4225220620954344 0.22147496895541088 0.009811376623205349 0.025765274545807237
1078 0.4372215361208521 0.14130910789530443 0.006359094155801337 0.006760183030538158
473 0.43304255073134873 0.15661524350121808 0.0253545560063543 0.022353232122152587
1092 0.45420448457872453 0.15443086122928432 0.004932961850553141 0.014445137272903618
1164 0.4559345799523419 0.18977842986573612 0.004932961850553141 0.014445137272903618
1100 0.4596868713481996 0.1540960213810052 0.004932961850553141 0.014445137272903618
1110 0.47455789488715006 0.1537452060785333 0.004960235389503254 0.016007637272903618
1112 0.4792590316566252 0.1533465933514369 0.004905688311602674 0.012882637272903619
1117 0.4917044845787245 0.15749195941251318 0.014253414772652384 0.012085411818710812
1106 0.4648107479714051 0.1294786586539088 0.004905688311602674 0.012882637272903619
1109 0.4710607479714051 0.12998884168444694 0.004932961850553141 0.014445137272903618
749 0.519124326705931 0.24500780592875207 0.009511367694751627 0.008577774545807238
783 0.6386203948871501 0.1671375106301595 0.006495461850553141 0.014572683030538158
1116 0.7640919533291364 0.23996871699855685 0.011182961850553142 0.014955320303441776
1110 0.7781680900986115 0.24033537881726766 0.011182961850553142 0.014955320303441688
1112 0.7662038782480586 0.2534412856350087 0.012745461850553141 0.015082866061076316
1114 0.7955874151796895 0.22845713215124755 0.008139782467404011 0.019387728788172697
1104 0.7915760251638033 0.2789832906359785 0.008139782467404188 0.01938772878817261
491 0.8444458806836905 0.34275861927436996 0.03228639448011279 0.061925915152690705
1106 0.8182379366900449 0.3202778413945828 0.012690914772652207 0.011957866061076317
1108 0.8251913202131093 0.3701343201827555 0.012963650162155815 0.027582866061076315
1109 0.815802683443634 0.3701502956369483 0.012963650162155815 0.027582866061076315
1115 0.7703771351479174 0.32810644578672954 0.008139782467404188 0.019387728788172697
745 0.5167981676153215 0.28863026017111754 0.007948867694751626 0.008450228788172698
487 0.5077992686709816 0.35596128138294486 0.032750044642268605 0.08848841515269061
1084 0.4500237248394918 0.3043033154716498 0.014253414772652384 0.012085411818710767
1079 0.4426555097425279 0.36785563244111164 0.006631829545304768 0.02238518303053816
1076 0.4340617597425279 0.3671541307741217 0.004905688311602674 0.012882637272903619
1064 0.4262492597425279 0.36651640198594904 0.004905688311602674 0.012882637272903619
1069 0.4199719862035776 0.3675687189554109 0.004905688311602674 0.012882637272903619
1062 0.4090208494341024 0.36745714865196916 0.004905688311602674 0.012882637272903619
1058 0.39572596266462723 0.3671542597120756 0.004905688311602674 0.01288263727290353
1164 0.38929868466145 0.37680032668153746 0.009811376623205437 0.025765274545807237
1028 0.38007368912567696 0.36744130213573023 0.004905688311602674 0.01288263727290353
433 0.35326572727512384 0.37933552425594314 0.04198867694751698 0.08144118969849785
951 0.09057303815274223 0.503411655609793 0.004932961850553053 0.014445137272903707
358 0.06953778937055821 0.543159810760544 0.02617276217486464 0.06922823212215264
1036 0.12397587338008983 0.5170913893989355 0.0049056883116027185 0.01288263727290353
923 0.312130438314898 0.49489688031507983 0.004932961850553053 0.014445137272903707
929 0.3168315750843732 0.4944982675879833 0.004932961850553053 0.014445137272903707
403 0.2857764439969409 0.5256048753141099 0.024610262174864596 0.06910068636451819
963 0.3396241927791249 0.4885351810736841 0.004932961850553141 0.014445137272903707
446 0.40227815138326706 0.5296382842578827 0.026145488635914305 0.06766573212215263
1064 0.4184310312528834 0.4558499689554109 0.004905688311602674 0.012882637272903707
1065 0.42417647078230214 0.48526640198594906 0.004905688311602674 0.012882637272903707
1068 0.4296588575517772 0.48493156213766986 0.004905688311602674 0.012882637272903707
1075 0.4454474987854793 0.47683201971401523 0.004960235389503432 0.016007637272903708
744 0.5344418149381035 0.4880083778991837 0.004905688311602674 0.012882637272903707
746 0.5391565884770537 0.4868285151720874 0.004932961850553141 0.014445137272903707
760 0.5627986400191813 0.47702295153660546 0.004932961850553141 0.014445137272903707
782 0.6464742106360324 0.479159149570053 0.004905688311602674 0.012882637272903707
784 0.7009553847441756 0.6299083197237136 0.007948867694751626 0.00845022878817261
1164 0.6724446010589554 0.6048924732074747 0.01468979139585791 0.037085411818710765
1164 0.6794525316599205 0.6516239519956473 0.009756829545304768 0.02264027454580706
1164 0.6309701672115796 0.6054187606301594 0.01468979139585791 0.037085411818710765
1164 0.6506866034945875 0.6860468783582258 0.014253414772652384 0.012085411818710767
1164 0.516621295052601 0.6125141703228384 0.013100017856907443 0.035395366061076315
1164 0.5596855024389272 0.6105529286577881 0.0147170649348082 0.038647911818710766
1164 0.5659121830398922 0.6572206345671436 0.008194329545304769 0.02251272878817261
1164 0.5379275048745592 0.6917073338085391 0.014253414772652384 0.012085411818710767
1164 0.2981479845820198 0.6236277871328207 0.014689791395857821 0.037085411818710765
1164 0.340430941968346 0.6216027725889532 0.014689791395857733 0.037085411818710765
1164 0.3474525093387861 0.6675530013771258 0.009729556006354478 0.02107777454580706
1164 0.320235444403978 0.7028847234973388 0.014253414772652384 0.012085411818710767
1164 0.07661785795881434 0.6305800624275341 0.014689791395857821 0.037085411818710765
1164 0.11966842857566537 0.6294000707624837 0.014689791395857821 0.037085411818710765
1164 0.12589510917663033 0.6760677766718391 0.008194329545304769 0.02251272878817261
1164 0.09789679424182218 0.7113357259132347 0.014280688311602719 0.013647911818710768
1164 0.4132644699715232 0.617377400318959 0.014717064934808021 0.038647911818710766
1164 0.4563286773578493 0.6154161586539088 0.01468979139585791 0.037085411818710765
1164 0.46255535795881436 0.6620838645632642 0.009756829545304768 0.02264027454580706
1164 0.43455704302400616 0.6973518138046598 0.014253414772652384 0.012085411818710767
764 0.5872786684293956 0.6433175022952098 0.007948867694751626 0.00845022878817261
1086 0.4877871830398922 0.6508433466854168 0.006359094155801515 0.006760183030538158
972 0.36814683888409083 0.6473360962263748 0.007921594155801338 0.006887728788172609
391 0.10635813068698581 0.7644447504590419 0.055423885551659155 0.0466516015172088
1002 0.12312289083325552 0.7900665037930219 0.007948867694751716 0.00845022878817261
404 0.3263393940796664 0.7565836794066941 0.055451159090609534 0.04821410151720862
459 0.44145587946916987 0.7503332925928324 0.05542388555165907 0.04665160151720862
493 0.5455939545502477 0.7455338354755291 0.055451159090609534 0.0482141015172088
371 0.6583530531702759 0.7398733800252156 0.05542388555165907 0.04665160151720862
373 0.7668825734628154 0.7972390830596331 0.052571620941162675 0.06202151000193954
374 0.776812726871382 0.721378084726623 0.03886367694751698 0.08118609818322894
788 0.797787700086021 0.7747262253335065 0.004905688311602674 0.012882637272903707
790 0.8139484882354677 0.7901279557886692 0.008194329545304769 0.02251272878817261
791 0.8377599095009419 0.6809760963955528 0.007921594155801515 0.006887728788172609
798 0.8516627224071552 0.7360940310930808 0.004932961850553141 0.014445137272903707
789 0.8149012877490005 0.8700067744251211 0.006359094155801159 0.006760183030538158
772 0.6569933303626743 0.862593402904033 0.004932961850553141 0.014445137272903707
750 0.5834330994373976 0.8636300022952097 0.004932961850553141 0.014445137272903707
1087 0.5122166185121212 0.8648579203228384 0.004932961850553141 0.014445137272903707
1053 0.44260354789527023 0.8638696341081016 0.004905688311602674 0.012882637272903707
940 0.3666859302005185 0.8654961648628265 0.004905688311602674 0.012882637272903707
2211 0.11069244358990378 0.33684590894377286 0.011373876623205437 0.025892820303441776
2080 0.1312600880700167 0.2790652309142046 0.012963650162155772 0.027582866061076315
4046 0.13231407345952012 0.2635040037930218 0.007976141233702005 0.010012728788172609
2234 0.14142997483949188 0.27911302833882906 0.011346603084255103 0.024330320303441778
2234 0.1508322483784422 0.2783158028846363 0.012963650162155772 0.027582866061076315
2234 0.13359415544045683 0.32463282242947367 0.011155688311602718 0.013392820303441688
2234 0.1330447305215347 0.31128779955065633 0.011155688311602718 0.013392820303441688
1876 0.19386918222581806 0.277917061219586 0.012963650162155727 0.027582866061076315
2234 0.1844805454563429 0.2779330366737788 0.011373876623205437 0.02589282030344169
2045 0.30621917776159113 0.2956941057692725 0.004960235389503432 0.016007637272903618
2041 0.3082356452941871 0.31463542440572434 0.004905688311602674 0.012882637272903619
2157 0.352158969157449 0.26345543274067407 0.007948867694751626 0.00845022878817261
2170 0.3528038514626973 0.2713317056194913 0.007948867694751716 0.008450228788172698
2161 0.3548612293037187 0.2879292742559431 0.006359094155801337 0.006760183030538158
2185 0.3563009983784422 0.2950880700135777 0.006359094155801337 0.006760183030538158
2183 0.3569458806836905 0.30296434289239493 0.007948867694751626 0.008450228788172698
2182 0.3583720129889388 0.31090438865002945 0.006359094155801337 0.006760183030538158
2202 0.3629425105533068 0.22834698016529856 0.004905688311602674 0.012882637272903619
2206 0.367643647322782 0.22794836743820213 0.004932961850553053 0.01444513727290353
2209 0.37154989732278204 0.22826723183228848 0.004905688311602674 0.012882637272903619
2212 0.3754834208617323 0.22702359622637483 0.004905688311602674 0.012882637272903619
2216 0.3801709208617323 0.22740623349927844 0.004905688311602674 0.01288263727290353
2219 0.3840908076312075 0.22694384789336475 0.004960235389503432 0.01600763727290353
2226 0.3879970576312075 0.2272627122874511 0.004960235389503432 0.016007637272903618
2229 0.3934794444006827 0.22692787243917198 0.004932961850553141 0.014445137272903618
1813 0.41224308117015784 0.22767717153078643 0.004960235389503432 0.016007637272903618
1819 0.41614933117015784 0.22799603592487278 0.004905688311602674 0.01288263727290353
1824 0.41855731087761844 0.17968608168250727 0.004905688311602674 0.012882637272903619
1826 0.42891238393010145 0.2587676748647663 0.007948867694751626 0.00845022878817261
1825 0.4295845397743 0.26508144774358355 0.006331820616851047 0.005197683030538159
1828 0.43301350284266904 0.2927440621376699 0.006359094155801337 0.006760183030538158
1827 0.43445327191739247 0.2999028578953044 0.007948867694751626 0.008450228788172698
1081 0.4436743133132504 0.2646668595622944 0.006359094155801515 0.006760183030538158
1871 0.5105987605533068 0.24040005426176214 0.004905688311602674 0.012882637272903619
1874 0.5169305811701579 0.23622273729230026 0.007948867694751626 0.00845022878817261
1885 0.5262646708617323 0.2393317618381075 0.004905688311602674 0.012882637272903619
2188 0.7983169488649094 0.25136847366651666 0.012963650162155815 0.027582866061076315
2186 0.8010192090111792 0.27584231518178565 0.012963650162155815 0.027582866061076315
2187 0.7520226014626973 0.3039196466951151 0.012963650162155815 0.027582866061076315
2182 0.7614248750016477 0.30312242124092237 0.012963650162155815 0.027582866061076315
2183 0.8071777057647683 0.32641627109114113 0.01296365016215546 0.027582866061076315
2185 0.8661493311701578 0.26472921412361894 0.012963650162155815 0.027582866061076315
2170 0.8801027370143565 0.2721271259423298 0.015897735389503252 0.016900457576345396
1927 0.8237185491097909 0.4545093201827555 0.004905688311602674 0.012882637272903707
1926 0.832292933850671 0.54596336760738 0.004905688311602674 0.012882637272903707
1917 0.7696117017075786 0.5064227644231813 0.006359094155801337 0.006760183030538158
1905 0.660509437097082 0.4818695613887639 0.004905688311602674 0.012882637272903707
1903 0.6549452297107559 0.486891901237043 0.004905688311602674 0.012882637272903707
1902 0.6341378518697344 0.46876378350897674 0.006359094155801515 0.006760183030538158
1906 0.6645014618538483 0.5220959486616674 0.009784103084255058 0.024202774545807236
1904 0.6656139484611677 0.548004744419302 0.004905688311602674 0.01288263727290353
1900 0.6406821323085437 0.5420577622971494 0.009811376623205349 0.025765274545807237
1901 0.6365810133959758 0.5080813750242459 0.009811376623205349 0.025765274545807237
366 0.6160503250843732 0.5189232801749968 0.02455571509696384 0.06597568636451819
1887 0.5557537532497061 0.47723024562725 0.004905688311602674 0.012882637272903707
1875 0.5446526120160041 0.4857124253238082 0.004905688311602674 0.012882637272903707
1886 0.5595548632338201 0.5283941329001536 0.009811376623205349 0.025765274545807237
1884 0.5575559866106147 0.5532665871425191 0.004905688311602674 0.012882637272903707
1862 0.5292497544675221 0.5165319906262802 0.009811376623205349 0.02576527454580706
1861 0.5326241704579905 0.5473196050203665 0.009811376623205349 0.025765274545807237
1867 0.5316986444834082 0.46587828638391465 0.007948867694751626 0.00845022878817261
490 0.5087872500032953 0.5234676457770312 0.024582988635914304 0.067538186364518
1821 0.4500707690780187 0.5257159298657361 0.009811376623205349 0.02576527454580706
1816 0.44266737216227386 0.5016407010775634 0.004905688311602674 0.012882637272903707
1815 0.43918386201600407 0.47710308668347706 0.004932961850553141 0.014445137272903707
2224 0.4153645324706994 0.49706490031895906 0.006359094155801337 0.006760183030538158
1814 0.44724973214638786 0.5528683612292843 0.004905688311602674 0.012882637272903707
2223 0.42144120860743756 0.5523263562283145 0.009811376623205349 0.02576527454580706
2221 0.41812133969486975 0.5184137418342282 0.009811376623205349 0.025765274545807237
2072 0.3341554427791249 0.4880887709219632 0.004905688311602674 0.012882637272903707
2036 0.32632930600964966 0.4882322921337906 0.004905688311602674 0.012882637272903707
2066 0.337270760149565 0.5337201353160496 0.009784103084255058 0.024202774545807236
2052 0.3352582467568844 0.559373839558415 0.004905688311602674 0.01288263727290353
1994 0.31184802029583475 0.555898153193897 0.009811376623205437 0.025765274545807237
2005 0.3069111043053664 0.5249829930421761 0.009811376623205437 0.02576527454580706
2016 0.31329351786020276 0.47308565319389706 0.007948867694751716 0.00845022878817261
2189 0.12696845982525345 0.5697540037930219 0.004932961850553053 0.014445137272903707
2080 0.11719403937055821 0.5470499563683974 0.009811376623205437 0.025765274545807237
2156 0.1153548498411395 0.5179523877319456 0.004932961850553053 0.014445137272903707
2024 0.09447928815274223 0.5037305200038793 0.0049602353895033865 0.016007637272903708
1921 0.08775200122111128 0.5305640869733412 0.009811376623205437 0.025765274545807237
1806 0.0910991436726293 0.5629142013674275 0.009811376623205437 0.02576527454580706
2111 0.36829684334831775 0.6387423462263748 0.006359094155801337 0.006760183030538158
2123 0.3760411595009419 0.6432863250145475 0.006631829545304768 0.02238518303053816
1831 0.4792343433483177 0.6477980950184268 0.004905688311602674 0.012882637272903707
1836 0.4863474139651688 0.6436845509277822 0.009511367694751627 0.008577774545807238
1839 0.4964491168872681 0.6476385983524067 0.004905688311602674 0.01288263727290353
1889 0.5803156022767715 0.6388372963858544 0.004905688311602674 0.01288263727290353
1892 0.5866337861241473 0.6354412294163925 0.006359094155801337 0.006760183030538158
1894 0.5936241258157218 0.638358935325748 0.004905688311602674 0.012882637272903707
1911 0.6932110685915515 0.6253643409355408 0.004960235389503432 0.016007637272903708
1913 0.7003105024389272 0.6220320468448963 0.006359094155801337 0.006760183030538158
1914 0.7073008421305017 0.6249497527542518 0.004905688311602674 0.012882637272903707
1919 0.8284667301177929 0.6755233218497455 0.004905688311602674 0.012882637272903707
1920 0.8363474139651688 0.6722548006379181 0.006359094155801515 0.006760183030538158
1925 0.844886616887268 0.6760813023049081 0.004932961850553141 0.014445137272903707
2020 0.899048011367381 0.6210428580644823 0.004905688311602674 0.012882637272903707
2021 0.9100127849063313 0.620373178367924 0.004905688311603029 0.012882637272903707
2023 0.9217588084452817 0.6197672715501831 0.004905688311602674 0.012882637272903707
1923 0.8453990856376802 0.7363650980625426 0.004960235389503254 0.016007637272903708
1918 0.81961783563768 0.7342605930615729 0.009811376623205349 0.025765274545807237
1924 0.8558087057680638 0.8123216912448015 0.07167617694751698 0.0838645590935542
1898 0.6616808303626742 0.8629760401769365 0.004905688311602674 0.012882637272903707
1896 0.6444796935931991 0.8623542868429567 0.004905688311602674 0.012882637272903707
1882 0.588929122976348 0.8625139124469307 0.004960235389503432 0.016007637272903708
1866 0.5724683258984473 0.8642996819917681 0.004960235389503432 0.016007637272903708
1838 0.5176990052815963 0.8645230804745593 0.004932961850553141 0.014445137272903707
1832 0.5028143449731708 0.8656551457770313 0.004905688311602674 0.012882637272903707
2218 0.4465370714342205 0.8626259985021878 0.004905688311602674 0.012882637272903707
2205 0.43084388758684466 0.8652567909258426 0.004905688311602674 0.012882637272903707
2081 0.3760882037394688 0.8646989394086338 0.004905688311602674 0.012882637272903707
2033 0.3604086566615681 0.8665484818322884 0.004905688311602674 0.012882637272903707
1910 0.30869615219734126 0.8709332218303487 0.004932961850553053 0.014445137272903707
1888 0.303050124194164 0.8806430616786279 0.004905688311602674 0.012882637272903707
2028 0.2729143851512127 0.7694346236471199 0.009811376623205437 0.025765274545807237
2027 0.25882461161226233 0.7698492118284092 0.009811376623205437 0.025765274545807237
2026 0.24706495130383682 0.7712363686461501 0.009811376623205437 0.02576527454580706
2029 0.2204615409954113 0.771411840766363 0.009811376623205437 0.02576527454580706
1345 0.05386001664238678 0.4104430345477469 0.028561376623205438 0.027295823637421713
1406 0.09582537419086876 0.38179174712506203 0.06095686525911972 0.09547173879011232
4467 0.1048709119332786 0.22214568015560018 0.055723894480112925 0.0638391015172088
323 0.10091406899529323 0.26954683864033113 0.01422614123370205 0.010522911818710767
65 0.10150440422264084 0.28054811151914844 0.0143897824674041 0.019897911818710767
148 0.10283507914156295 0.293956907276783 0.014253414772652384 0.012085411818710767
27 0.0847981452941871 0.2963963810639858 0.008085235389503388 0.016262728788172608
215 0.11147369358990378 0.3369096818225902 0.00485114123370205 0.00975763727290362
243 0.13124645130054152 0.2798464809142046 0.006413641233702005 0.009885183030538158
264 0.1406759983784422 0.2774867554600118 0.00641364123370205 0.009885183030538158
243 0.15084588514791736 0.2775345528846363 0.00485114123370205 0.00975763727290353
65 0.1515140868522007 0.23925330288463628 0.0143897824674041 0.019897911818710767
323 0.15171863839432825 0.22753455288463628 0.014253414772652384 0.012085411818710767
148 0.15206351177112282 0.25259832576345354 0.014253414772652384 0.012085411818710767
242 0.19388281899529322 0.27713581121958597 0.00485114123370205 0.00975763727290362
1462 0.16882827191739253 0.27822007909743346 0.023846603084255104 0.025350686364518003
281 0.16727940868686772 0.27731128333979893 0.014253414772652384 0.012085411818710767
1180 0.43932377841021425 0.2001579494105735 0.033903441558013725 0.06517846091032524
100 0.4393374151796895 0.1993766994105735 0.02102161201270878 0.04228309484924893
487 0.4733618133132504 0.2670902289573506 0.052517073863261744 0.05889651000193972
2249 0.44880214407637115 0.2846445197140152 0.009620461850553142 0.014827774545807238
71 0.4757055633132504 0.26728154759380235 0.025600017856907444 0.036415732122152544
55 0.4322749375008238 0.1557702206224008 0.008030688311602674 0.013137728788172653
241 0.7983305856343847 0.25058722366651665 0.004851141233702094 0.00975763727290362
241 0.8010192090111792 0.2758423151817857 0.004851141233702094 0.00975763727290362
284 0.8661493311701578 0.26472921412361894 0.006468188311602674 0.013010183030538159
198 0.8800891002448813 0.27290837594232975 0.007976141233702095 0.010012728788172697
314 0.8460083806836906 0.3428861650320045 0.014253414772652207 0.012085411818710857
314 0.7912117865278891 0.34467206351479573 0.014253414772652384 0.012085411818710767
241 0.8063828189952933 0.3271337482123239 0.004851141233702094 0.00975763727290362
1469 0.7770635117711228 0.30361662881726764 0.023846603084255236 0.025350686364518003
281 0.7794072617711227 0.30380794745371953 0.014253414772652384 0.012085411818710767
242 0.7512413514626972 0.30385587381629786 0.004905688311602674 0.012882637272903619
263 0.7614248750016477 0.3031224212409223 0.004823867694751627 0.008195137272903618
1797 0.5376367731352085 0.349790900778001 0.035793224025417555 0.08405600666795979
192 0.5445316554404569 0.3581773566873564 0.011701159090609536 0.04464282030344169
268 0.5389810848236058 0.3624184465356356 0.011592064934808199 0.03839282030344169
119 0.5071134760573079 0.3504287585041276 0.01786933847375849 0.040465503333979844
1847 0.48818619805413066 0.3590544594125132 0.019595479707460582 0.04996804909161447
246 0.4881998348236058 0.35827320941251317 0.006522735389503431 0.01613518303053816
1463 0.4677918774372797 0.3620838645632642 0.027571620941162677 0.05998077787978708
256 0.46780551420675476 0.3613026145632642 0.011373876623205348 0.025892820303441776
71 0.352416293427748 0.3831780013771259 0.022638659090609536 0.04553564060688346
198 0.13359415544045686 0.32463282242947367 0.0032068206168510472 0.004942591515269079
198 0.1330447305215347 0.31128779955065633 0.003234094155801337 0.006505091515269079
11 0.0006431079555190621 0.3205675915152691 0.0012862159110381241 0.07238518303053816
322 0.011173684661450035 0.34593425333397987 0.00813978246740408 0.019387728788172697
337 0.005891895294187105 0.2899553203034418 0.00803068831160272 0.013137728788172608
12 0.0040876848633209385 0.4000477974246245 0.008175369726641877 0.03514027454580724
144 0.018072521106613646 0.3989157321221526 0.011537517856907481 0.03526782030344178
233 0.007475940343492896 0.3784916618187108 0.007948867694751699 0.008450228788172698
17 0.06727585998740923 0.5382809921240922 0.016034103084255104 0.02471295757634522
275 0.08776563799058645 0.5297828369733412 0.0049056883116027185 0.01288263727290353
17 0.28581735430536637 0.52326112531411 0.014444329545304769 0.023022911818710766
252 0.3069111043053664 0.5249829930421761 0.004851141233702094 0.009757637272903708
217 0.31186165706530994 0.5551169031938971 0.004851141233702094 0.009757637272903708
17 0.40155144846116775 0.5264495113790655 0.01603410308425506 0.024712957576345396
17 0.508074183850671 0.519497622898214 0.016034103084255236 0.024712957576345396
216 0.5334190572274657 0.5466021278991837 0.004851141233702094 0.009757637272903708
17 0.616899758931749 0.5150808030538141 0.016006829545304767 0.023150457576345394
235 0.639941792616969 0.5396502394183322 0.004905688311602674 0.012882637272903707
275 0.6652963486233234 0.5213784715404847 0.004905688311602674 0.012882637272903707
2241 0.9176383242735943 0.676543430034914 0.060847771103318495 0.08922173879011233
13 0.9225888770335378 0.7066773401866349 0.029960235389503254 0.018048369395056163
338 0.91732072443575 0.6499171571560967 0.020503414772652207 0.012595594849248926
1455 0.6515008555231823 0.5945768554794084 0.036946620941162675 0.06074605242559432
147 0.6515008555231823 0.5945768554794084 0.027353432629560005 0.047480777879787085
1455 0.5371519833642038 0.6016722651720874 0.03853639448011279 0.06243609818322895
1455 0.43380879505260106 0.605754245168208 0.038536394480112965 0.06243609818322895
1455 0.31788378612414736 0.6135033591032524 0.038509120941162586 0.06087359818322877
1455 0.09714854627041707 0.6197381572767829 0.03853639448011292 0.06243609818322895
147 0.09792979627041706 0.6198019301556001 0.02735343262955987 0.047480777879787085
147 0.31948719643257284 0.6112871548608869 0.027353432629559825 0.047480777879787085
147 0.4346036818220762 0.6050367680470253 0.027353432629560005 0.047480777879787085
147 0.5387553936726294 0.5994560609297219 0.027353432629560005 0.047480777879787085
120 0.10634449391751062 0.765226000459042 0.027053423701106104 0.030293277879787084
276 0.2204615409954113 0.771411840766363 0.004851141233702094 0.009757637272903708
198 0.24706495130383682 0.7712363686461501 0.006413641233702005 0.009885183030538158
198 0.25959222484278716 0.7706942347072264 0.004823867694751715 0.008195137272903708
198 0.27291438515121264 0.7694346236471199 0.004851141233702094 0.009757637272903708
119 0.32787462054071603 0.7582737251643288 0.027053423701106104 0.030293277879787084
119 0.44377235593021946 0.7520871112292843 0.027053423701106104 0.030293277879787084
119 0.5479513413197228 0.744943904111981 0.025490923701106106 0.030165732122152632
119 0.661478053170276 0.7401284715404847 0.025463650162155814 0.028603232122152634
71 0.7784161371798076 0.7191618804842577 0.022584112012708955 0.042410640606883376
70 0.7660876866933402 0.7979565601808158 0.025518197240056394 0.03172823212215263
518 0.10479699959625818 0.31602322591323473 0.020667056006354434 0.021970594849248924
517 0.1416969817393507 0.3534593240964636 0.02066705600635439 0.021970594849248924
516 0.14508503449929427 0.3834656884905499 0.02066705600635439 0.021970594849248924
507 0.1791969817393507 0.35652042227969244 0.02066705600635439 0.021970594849248924
4467 0.18736976623534968 0.2468743553102306 0.01921365016215577 0.028093049091614475
1455 0.17457371144681125 0.30763651212797155 0.020830697240056484 0.031345594849248926
1780 0.1440913246773361 0.30593061985409814 0.012936376623205436 0.026020366061076317
1667 0.14832881128465547 0.3320945071270017 0.012936376623205436 0.026020366061076317
1780 0.12369700406048505 0.30896002500484915 0.0081397824674041 0.019387728788172697
1780 0.1256998348236058 0.328682593641301 0.0081397824674041 0.019387728788172697
691 0.1187446769508123 0.4133924334895801 0.00964773538950343 0.016390274545807236
1164 0.12400492126876943 0.3809625707624837 0.006468188311602718 0.013010183030538159
1164 0.1260350255708405 0.3991226393989355 0.006468188311602718 0.013010183030538159
1244 0.29112028328147826 0.3539211939505617 0.043305715096963925 0.06750623545613248
1232 0.28031124269639934 0.2560258278894854 0.0433329886359143 0.06906873545613249
1448 0.32260388271228535 0.20862454046680065 0.021403441558013547 0.06415809484924892
2201 0.37265665544045684 0.34414732334755754 0.006468188311602674 0.013010183030538159
2204 0.37733051867098166 0.34531121062046116 0.004960235389503432 0.016007637272903618
2207 0.38125040544045685 0.3448488250145475 0.004905688311602674 0.01288263727290353
2210 0.3851839289794071 0.3436051894086338 0.004905688311602674 0.012882637272903619
2215 0.389076542209932 0.3447053038027202 0.004905688311602674 0.012882637272903619
2217 0.39301006574888236 0.3434616681968065 0.004960235389503432 0.016007637272903618
2220 0.39691631574888236 0.3437805325908928 0.004905688311602674 0.01288263727290353
2225 0.40082256574888236 0.34409939698497916 0.004905688311602674 0.012882637272903619
2228 0.4039748392878327 0.3427919885002483 0.004905688311602674 0.012882637272903619
2230 0.4078810892878327 0.34311085289433463 0.004905688311602674 0.012882637272903619
2232 0.4118009760573079 0.3426484672884209 0.004905688311602674 0.01288263727290353
1809 0.4164884760573079 0.3430311045613245 0.004932961850553141 0.014445137272903618
1810 0.42040836282678296 0.34256871895541086 0.004932961850553141 0.014445137272903618
1812 0.42353336282678306 0.34282381047067995 0.004905688311602674 0.012882637272903619
1817 0.4274532495962582 0.3423614248647663 0.004905688311602674 0.01288263727290353
1822 0.43137313636573343 0.3418990392588526 0.004932961850553141 0.01444513727290353
1449 0.3964038469984704 0.28349673683325827 0.0702500446422687 0.09154951333591957
1289 0.46867826745316565 0.3113026145632642 0.026998876623205346 0.027168277879787085
1467 0.4973681034912921 0.1915958924430513 0.009811376623205349 0.025765274545807192
1421 0.5140140868522007 0.2688439186558485 0.020830697240056394 0.031345594849248926
1306 0.5708680588490236 0.28365558880950903 0.044260288960225935 0.12219373545613248
1489 0.4891249553577313 0.1259868678972441 0.017951159090609535 0.04515300333397989
1295 0.5102050685882562 0.12848998562531033 0.019513659090609536 0.045280549091614386
1306 0.6374397244324548 0.14513496487252495 0.0144170560063543 0.021460411818710855
1490 0.634038034903036 0.11590985047843863 0.019486385551659068 0.04371804909161443
1248 0.9200010340922571 0.2722545427620104 0.08822847727182861 0.1382650166698994
1735 0.8911902414785834 0.26442619624577146 0.012963650162155815 0.027582866061076315
1113 0.858173189936456 0.2734664853354462 0.006359094155801159 0.006760183030538158
4438 0.8294305811701579 0.2617318888192074 0.04336026217486477 0.07063123545613248
508 0.7666948019491647 0.22531628563500866 0.020639782467404187 0.020408094849248926
1387 0.7705640957806544 0.27257392290791227 0.019268197240056396 0.031218049091614474
4464 0.7585220174531656 0.3349623526044705 0.019213650162155815 0.028093049091614475
4296 0.7618924793037187 0.32115494411973955 0.008030688311602674 0.013137728788172608
488 0.791211786527889 0.34467206351479573 0.030696620941162676 0.060235869395056166
1389 0.8233384939142153 0.34181800154630376 0.02231137662320535 0.026785640606883553
727 0.9015474943212525 0.5226691309432996 0.07529210064862327 0.11224465060882309
1515 0.8196583405056487 0.4181891829098519 0.019595479707460582 0.04996804909161447
1513 0.8290276120160041 0.5089257532132937 0.019595479707460582 0.04996804909161447
1315 0.841630977682161 0.5936674150320045 0.016034103084255236 0.02471295757634522
1309 0.7965327118538483 0.5328735651817856 0.017896612012708778 0.042028003333980025
1491 0.8004974630716644 0.5746624524546894 0.02104888555165907 0.04384559484924892
1309 0.7503395503276068 0.48998469245274967 0.03745690990138843 0.1793685066679597
1681 0.6955917747600616 0.5786168866931755 0.027353432629559825 0.047480777879787085
1510 0.6524611578760888 0.4499180597217739 0.019622753246410874 0.051530549091614475
1424 0.6527827118538484 0.5211393554794085 0.021130706168510115 0.04853309484924893
4447 0.6345060446455639 0.4476700335089768 0.017651150162155814 0.027965503333979846
1300 0.5978770235422456 0.5291752539621998 0.01792388555165907 0.04359050333398003
1676 0.5836139261400334 0.5843411150223062 0.02573638555165907 0.044228232122152634
1507 0.5485139975676633 0.44378001683907725 0.019622753246410874 0.051530549091614475
1422 0.5462327029253946 0.52965374396026 0.022720479707460585 0.05022314060688356
4445 0.5288872901813371 0.4476544448686456 0.016088650162155816 0.027837957576345218
1288 0.4875025852306429 0.532683278048965 0.019486385551659068 0.043718049091614475
1450 0.4351997455390684 0.526066745168208 0.021157979707460584 0.05009559484924893
1505 0.42643444602553576 0.4455501977435835 0.019595479707460582 0.04996804909161447
4444 0.41100431493810347 0.47793226304605546 0.016115923701106104 0.029400457576345396
1283 0.39693786079818816 0.43218932834852736 0.01603410308425506 0.024712957576345396
1281 0.3825559866106147 0.538981462287451 0.017923885551659247 0.04359050333398003
1447 0.3239758733800898 0.5334172463761561 0.022720479707460585 0.05022314060688356
4443 0.3097145503276068 0.4540167887998107 0.017651150162155814 0.027965503333980023
1520 0.32694296063603234 0.4530760421337906 0.019595479707460582 0.04996804909161447
1278 0.26523211891586296 0.5372280304648609 0.019540932629559825 0.04684304909161448
1277 0.21938383076641604 0.5194029306146422 0.028615923701106105 0.030420823637421712
1274 0.0627753206201463 0.48236583197237143 0.019513659090609536 0.045280549091614476
1419 0.10394006290950857 0.5444033174285038 0.02115797970746054 0.05009559484924893
1504 0.10493554708119597 0.4873720674285038 0.01959547970746054 0.04996804909161447
1750 0.143637762585197 0.6008445071270018 0.027353432629559825 0.047480777879787085
1455 0.09927806209872965 0.6770244987920521 0.05103639448011292 0.06345646424430526
710 0.18720080195245994 0.659948311219586 0.022393197240056485 0.031473140606883554
709 0.2208490990303606 0.6595655450087285 0.022393197240056485 0.031473140606883374
1455 0.3208081887219351 0.6700722234973387 0.05103639448011297 0.06345646424430526
1727 0.36995084659472866 0.5888061191051921 0.027326159090609536 0.045918277879787084
1455 0.43514342411143847 0.6637580638046598 0.05106366801906326 0.06501896424430509
1665 0.4787218745979058 0.5875142992607923 0.027353432629559825 0.047480777879787085
1455 0.5393087727314667 0.6573961066873564 0.05103639448011279 0.0634564642443051
1455 0.652849121351495 0.6517994241158602 0.05103639448011297 0.06345646424430526
1345 0.8620644342577084 0.7228605785177052 0.016061376623205347 0.026275457576345217
1496 0.866960439939751 0.7561194886694261 0.021048885551659423 0.04384559484924892
1425 0.8336666988682048 0.7361897548802837 0.022720479707460585 0.050223140606883376
247 0.81961783563768 0.7342605930615728 0.004905688311602674 0.012882637272903707
1303 0.7329536327155807 0.7240568035128561 0.01786933847375849 0.040465503333979844
1305 0.6958394164008007 0.7437157282084446 0.01945911201270878 0.04215554909161447
1297 0.5854649780891981 0.7472237522952098 0.01792388555165907 0.04359050333398003
1287 0.47894224269969465 0.7541756407760614 0.017923885551659247 0.04359050333398003
1280 0.40087574391751063 0.7892683757731519 0.016088650162155816 0.027837957576345395
1279 0.36145473377124093 0.7617972089534712 0.017896612012708778 0.042028003333979845
1355 0.25742970698587964 0.804941688949592 0.016088650162155816 0.027837957576345218
1354 0.24020129667745413 0.8058824356156119 0.016088650162155816 0.027837957576345218
1353 0.22219163636902867 0.8067594094028149 0.017651150162155814 0.027965503333980023
1320 0.18755358360908508 0.7742021298560378 0.017896612012708868 0.042028003333980025
1307 0.1438172203785603 0.7698495986422709 0.017896612012708868 0.042028003333980025
1317 0.12352626542786607 0.8566002995506565 0.01608865016215577 0.027837957576345218
1519 0.31761718466474537 0.8528847234973387 0.019595479707460582 0.04996804909161447
1521 0.38650355235949696 0.8506842368332583 0.019595479707460582 0.04996804909161447
1522 0.45543083036267423 0.8461400001691779 0.019622753246410874 0.051530549091614475
1506 0.5265927642100501 0.8480370821415493 0.019595479707460582 0.04996804909161447
1508 0.5962467451353266 0.8466816183562861 0.019595479707460582 0.04996804909161447
1509 0.6706018628300783 0.8449275418439264 0.019595479707460582 0.04996804909161412
1248 0.7335188741941641 0.9125386492559432 0.062456909901388434 0.17492270148811356
1222 0.7734989918889157 0.9098679826657834 0.06248418344033872 0.18026403466843313
1183 0.8221586343404337 0.9403924533485274 0.061611430193927674 0.11921509330294526
2247 0.8912125974088028 0.9655358456224008 0.07817163879807013 0.06892830875519848
234 0.8740796444867035 0.9757623089728679 0.014580697240056395 0.030835411818710766
202 0.9116478283340793 0.9749171571560968 0.009811376623205349 0.025765274545807414
1377 0.8697660657521776 0.8643146259423297 0.06364548863591431 0.07072683030538159
726 0.9336200600701346 0.8366677291265283 0.07693642126547431 0.1170596963664579
1793 0.810128012992234 0.8297166142734002 0.021103432629560003 0.046970594849248926
732 0.6799984078793841 0.9341016121473682 0.07378414772652384 0.11524210485118865
731 0.6103171534151572 0.9370195759326314 0.07372960064862308 0.11211710485118864
730 0.5383194224898806 0.9381837210814428 0.07375687418757337 0.11367960485118864
729 0.4662944180256538 0.9409103662302541 0.07372960064862308 0.11211710485118864
728 0.39738077679195183 0.9439486616737789 0.07219437418757338 0.1121026766524423
725 0.32613702232772496 0.9457026092481844 0.07372960064862308 0.1085947815036313
1518 0.2819506457045195 0.9688924897081963 0.019595479707460582 0.04996804909161447
1517 0.25689609862661883 0.9699767575860436 0.019595479707460582 0.04996804909161447
1516 0.23104666477924293 0.9717785025850738 0.019595479707460582 0.04996804909161412
1514 0.20522450447081741 0.9720177475841041 0.019595479707460582 0.04996804909161412
1276 0.21520048579654052 0.17638638319001768 0.017651150162155814 0.02796550333397989
1245 0.26420677597458236 0.10293277879787102 0.041715941558013545 0.06581618969849794
439 0.3544635831987527 0.13142418274067408 0.05251707386326192 0.05889651000193967
71 0.3506255170461286 0.12719906834658773 0.027135244317957153 0.03498077787978708
1066 0.38901586120192994 0.12407393940863383 0.009811376623205437 0.025765274545807237
1808 0.3896704261367381 0.08657393940863384 0.004932961850553141 0.014445137272903596
1811 0.39593406290621325 0.08630287243917198 0.004932961850553053 0.014445137272903596
1420 0.45313290827983066 0.1261783154716498 0.016061376623205347 0.026275457576345352
1853 0.4697943027599435 0.06807877304799513 0.006359094155801337 0.006760183030538136
1852 0.47046645860414216 0.07439254592681241 0.007948867694751626 0.008450228788172675
1660 0.4061175864451636 0.08556941986379646 0.004932961850553141 0.014445137272903596
1658 0.40108521306836903 0.060123009712075584 0.004932961850553141 0.014445137272903618
1663 0.41346248214309256 0.06817462577315186 0.009511367694751627 0.008577774545807215
1666 0.4329391850651918 0.07289394774358356 0.011128414772652384 0.011830320303441732
1164 0.43933918952941875 0.0648103807741217 0.004878414772652384 0.011320137272903597
1465 0.4675130081176748 0.15395250016917786 0.009811376623205349 0.025765274545807237
1842 0.4464386233767946 0.06147808668347711 0.006359094155801337 0.006760183030538136
1104 0.45577271306836903 0.06458711122928432 0.004905688311602674 0.012882637272903596
1111 0.46521589691574494 0.06144613577509154 0.006359094155801515 0.006760183030538136
1115 0.4754130572241705 0.059931433199716014 0.006359094155801515 0.006760183030538158
742 0.4848016939936456 0.059915457745523225 0.006359094155801337 0.006760183030538158
1855 0.4783471424515181 0.07112402471498508 0.004905688311602674 0.012882637272903596
1859 0.48228066599046837 0.06988038910907142 0.004905688311602674 0.012882637272903619
1869 0.49168293952941866 0.06908316365487863 0.007948867694751626 0.008450228788172675
1868 0.4923414586041422 0.0761781865336959 0.006331820616851047 0.005197683030538159
1715 0.23455131453436168 0.7709972525850739 0.009838650162155816 0.02732777454580724
482 0.45052610551988703 0.09623572395638072 0.02694432954530477 0.024043277879787085
699 0.8629095085247119 0.3606954183659844 0.011182961850553142 0.014955320303441688
682 0.12541919115427178 0.2551175478836664 0.00964773538950343 0.016390274545807236