2729 0.07413090471124748 0.12827818328803803 0.023295388367602542 0.02184214901126431
3106 0.16381575360629622 0.2656746404612895 0.022530563861970433 0.010904649011264311
3104 0.1628541871464358 0.27437765110495127 0.02409306386197043 0.011013909654926036
3102 0.16356438133023704 0.28453390110495125 0.022530563861970433 0.010904649011264311
3105 0.06467341326122225 0.2961594519774714 0.022530563861970408 0.010904649011264311
3103 0.0715243468013618 0.30431615940282447 0.022530563861970408 0.010904649011264311
3101 0.0727972696978396 0.3112927790809936 0.02565556386197041 0.011123170298587759
2964 0.22927577070624577 0.5955371030824226 0.02409306386197043 0.011013909654926124
2954 0.23534545424638537 0.6037484408296067 0.024093063861970344 0.011013909654926124
2947 0.20925820164849526 0.6236292520936869 0.022530563861970433 0.010904649011264311
3411 0.24387812815126933 0.9054037759789004 0.031326409654926037 0.02551345222957302
3338 0.3097270032773201 0.9376974699106002 0.08074725544788164 0.042963032183086725
140 0.2944862354210659 0.38293356025567415 0.04190327673520518 0.04335651609154336
3493 0.5505227039942838 0.5079125088789509 0.027436585149293792 0.014357430942249394
2908 0.731089279004119 0.6538702290416527 0.036920845792955605 0.016575494804219916
2927 0.7000088877865249 0.5798917796620713 0.036920845792955605 0.016575494804219916
2916 0.7396341164992014 0.5739806332486971 0.017482430942249393 0.027655106436617415
2909 0.7831927283837004 0.6243194868353228 0.01213936708027905 0.017952324505632156
2910 0.7961461964527151 0.618703271364198 0.01213936708027923 0.017952324505632156
2928 0.7240037626604741 0.5413155987198218 0.01213936708027923 0.017952324505632156
2930 0.7486759807294889 0.534879928421234 0.008577324505632155 0.011483803218308709
2249 0.7326246458322966 0.5972378167888366 0.013046303218308708 0.008686585149293791
2249 0.7830891855569518 0.5442495745825068 0.01159306386197052 0.010139824505632156
2249 0.7030521242928716 0.5223688567655935 0.011483803218308709 0.008577324505632155
2940 0.6959826694654085 0.5110871493402405 0.02253056386197052 0.010904649011264311
2952 0.6802648343161146 0.49962512545502696 0.024202324505632155 0.012576409654926124
2963 0.676593531097806 0.49203114674235043 0.02253056386197052 0.010904649011264311
2644 0.7184914539942838 0.4961669896853144 0.0034527819309852605 0.004906021287323448
2756 0.7139460656266812 0.4760730109726379 0.005124542574646895 0.006577781930985261
2769 0.7125092517647108 0.4667526412944687 0.005124542574646895 0.006577781930985083
2784 0.7103458182245713 0.45826815193813053 0.0034527819309850827 0.004906021287323625
2955 0.6871268395118948 0.46303206159305643 0.013046303218308708 0.008686585149293791
3032 0.6204474379027405 0.4637693889486803 0.0353583457929556 0.0164662341605581
2655 0.7066198846844317 0.44989292322545393 0.008358803218308708 0.008358803218308708
2671 0.7044018208224614 0.4406271838691157 0.006687042574646895 0.006687042574646895
2682 0.7021837569604908 0.4313614445127774 0.006687042574646895 0.006687042574646895
3961 0.6841275256499243 0.45382095255854915 0.02409306386197052 0.011013909654926124
3023 0.6704638633971083 0.44928091802967385 0.02253056386197052 0.010904649011264311
3027 0.6670275069604908 0.4338198089951664 0.017843063861970522 0.010576867080279228
2249 0.6652846905006304 0.44257744996065906 0.011483803218308709 0.008577324505632155
2690 0.6990205521330279 0.41980658547827004 0.008358803218308708 0.008358803218308708
3962 0.6768724005238735 0.41742998448953433 0.01213936708027905 0.017952324505632156
2249 0.6573029456964106 0.4070223622134751 0.011483803218308709 0.008577324505632155
2693 0.6975291079492266 0.40970496580010085 0.008358803218308708 0.008358803218308708
2706 0.6961469244090871 0.40116584612193174 0.008358803218308708 0.008358803218308708
2714 0.6939288605471167 0.3919001067655935 0.008358803218308708 0.008358803218308708
2718 0.691820057328808 0.3841968674092552 0.006687042574646895 0.006687042574646895
2721 0.6914922753978228 0.3795093674092552 0.008358803218308708 0.008358803218308708
3970 0.6678580334435945 0.400788787707843 0.01370186708027905 0.018061585149293968
3975 0.6682732966851462 0.38427327706418124 0.01213936708027905 0.017952324505632156
3964 0.683701554730918 0.4028211812712256 0.01370186708027905 0.01806158514929379
3974 0.6795385786161315 0.3881959525585491 0.01213936708027923 0.017952324505632156
3977 0.6768288418576832 0.37189896320221083 0.01213936708027923 0.017952324505632156
3817 0.6661262886393746 0.3647966573860121 0.01213936708027905 0.017952324505632156
3066 0.6204531557196536 0.38526197669586415 0.036920845792955605 0.016575494804219916
2249 0.6313524508921906 0.37272377186840117 0.013155563861970343 0.01024908514929388
3081 0.6722452486626176 0.34003160416770345 0.01213936708027923 0.017952324505632156
3082 0.6884876076971251 0.3365406174092552 0.01213936708027905 0.017952324505632156
2661 0.6899790518809263 0.34664223708742437 0.011483803218308709 0.008577324505632155
2843 0.676080442846419 0.34996933288038 0.008358803218308708 0.008358803218308708
3085 0.638411198042199 0.316490197362769 0.036920845792955605 0.016575494804219916
3098 0.7297738893760087 0.26456742842123404 0.01213936708027923 0.017952324505632156
3097 0.7351005277436113 0.2846067768120797 0.01213936708027905 0.017952324505632156
3092 0.7405910570767065 0.3069898752029253 0.01213936708027905 0.017952324505632156
3084 0.7280035757661398 0.329066970995881 0.013701867080279229 0.01806158514929388
3978 0.7149790518809264 0.3448940667888366 0.01213936708027905 0.017952324505632156
3078 0.7652468496513534 0.3115463352261685 0.01213936708027905 0.017952324505632156
3076 0.7775283283640299 0.3075472500768746 0.013701867080279229 0.01806158514929388
3074 0.7922081873985374 0.30416552396208807 0.01370186708027905 0.01806158514929388
3075 0.8183007938351547 0.3180423536635003 0.012139367080278874 0.017952324505632156
3091 0.8004359506400892 0.2871037101001177 0.012139367080278874 0.017952324505632156
3067 0.7214529270069772 0.38133966517968226 0.014499542574646895 0.0072333457929556035
3061 0.7246707621562709 0.39367577421418964 0.012937042574646895 0.00712408514929388
3053 0.7271073473055649 0.4060665135705278 0.012937042574646895 0.0071240851492937905
3016 0.7161369963168293 0.4288155987198218 0.012937042574646895 0.0071240851492937905
3017 0.7291997250295057 0.4247618832486971 0.012937042574646895 0.0071240851492937905
3019 0.7180272782478144 0.43339383807616 0.012937042574646895 0.0071240851492937905
3011 0.7280196372823218 0.4303398938923587 0.009812042574646896 0.006905563861970521
3045 0.743458966983734 0.40413802681207966 0.008577324505632155 0.011483803218308709
2966 0.7466493049830195 0.4722160374557414 0.008577324505632155 0.011483803218308709
2960 0.7815159778794973 0.47684355329518324 0.008577324505632155 0.011483803218308709
2843 0.7704310124083726 0.4642724974789846 0.0034527819309850827 0.004906021287323448
3971 0.7405521242928715 0.5197466013177119 0.012937042574646895 0.0071240851492937905
3909 0.7572315259020259 0.5225056145592637 0.012937042574646895 0.0071240851492937905
3914 0.7676773530055481 0.5147095400536316 0.012937042574646895 0.0071240851492937905
3915 0.7740530391435777 0.5048428671571538 0.012937042574646895 0.0071240851492937905
3904 0.7826139381548419 0.5262261942606759 0.014499542574646895 0.0072333457929556035
3910 0.7934586030055482 0.5129067394332129 0.012937042574646895 0.0071240851492937905
3916 0.7938574407527319 0.507383359111382 0.012937042574646895 0.0071240851492937905
3925 0.804412528499916 0.5011497846057498 0.012937042574646895 0.0071240851492937905
3906 0.8069583742928715 0.5151030239620882 0.012937042574646895 0.0071240851492937905
3913 0.8156778104309013 0.5050724601001176 0.012937042574647251 0.0071240851492937905
3922 0.8229986375344233 0.497494906881809 0.012827781930985082 0.005561585149293791
2945 0.8154921401323133 0.47996319945645605 0.008577324505632334 0.011483803218308709
2975 0.8252659778794975 0.47378425527265466 0.008577324505632334 0.011483803218308709
2996 0.8238291640175269 0.4644638855944855 0.008577324505632334 0.011483803218308709
3012 0.8215018395118946 0.45363564623814734 0.008577324505632334 0.011483803218308709
3055 0.7960487354210659 0.3478608936402573 0.008577324505632155 0.011483803218308709
3043 0.8022823099266979 0.3584159813874412 0.008577324505632334 0.011483803218308709
3025 0.8006487541104994 0.36873612235293374 0.008577324505631978 0.011483803218308709
3036 0.7948740015126093 0.38719654524941155 0.00846806386197052 0.009921303218308707
3027 0.7647712382710574 0.40578800812264626 0.011483803218308709 0.008577324505632155
3047 0.7841003924781018 0.3903051197550437 0.008358803218308708 0.008358803218308708
2791 0.7614491323386432 0.5379120932719401 0.00501528193098526 0.00501528193098526
2833 0.7684257520168124 0.5366391703754624 0.006687042574646895 0.006687042574646895
2843 0.7752931110513197 0.5338037474789845 0.0034527819309850827 0.004906021287323448
3267 0.7815431110513197 0.5333667049043376 0.005124542574646895 0.006577781930985083
3326 0.788465100407658 0.5313125320078598 0.005015281930985082 0.005015281930985082
3358 0.794715100407658 0.5308754894332128 0.005015281930985082 0.005015281930985082
3438 0.7985120897639963 0.5290398378240585 0.00501528193098526 0.00501528193098526
3446 0.8054887094421656 0.5277669149275808 0.0034527819309850827 0.004906021287323448
3488 0.8108481987985037 0.5258220026747646 0.005124542574646895 0.006577781930985261
3554 0.8154810684766728 0.5247129707437794 0.005015281930985082 0.005015281930985082
3559 0.8224576881548419 0.5234400478473017 0.005015281930985082 0.005015281930985082
3586 0.8278718078330112 0.5222763855944855 0.005015281930985082 0.005015281930985082
3912 0.8315759620400556 0.5078861036635004 0.012937042574647251 0.0071240851492937905
3917 0.839514148178085 0.4979101701233608 0.012937042574646895 0.0071240851492937905
3920 0.8476708556034381 0.4910592365832212 0.012937042574646895 0.0071240851492937905
3627 0.8340125471893494 0.5202768430198386 0.005015281930985082 0.00501528193098526
3635 0.8394266668675184 0.5191131807670225 0.005124542574646895 0.006577781930985261
3765 0.8448407865456875 0.5179495185142065 0.0034527819309850827 0.004906021287323448
4284 0.8510361562238569 0.5167312259395596 0.005015281930985082 0.005015281930985082
4340 0.8564502759020257 0.5155675636867434 0.005015281930985082 0.005015281930985082
4384 0.861864395580195 0.5144039014339274 0.005124542574646895 0.006577781930985083
2926 0.8385197307294888 0.5285974414106842 0.008577324505632334 0.011483803218308709
2920 0.8105421962006136 0.5439000133184264 0.012139367080278874 0.017952324505632156
2914 0.8083676910048336 0.5801652952494115 0.012139367080278874 0.017952324505632156
2918 0.8316195207062457 0.5534171249508237 0.012139367080278874 0.017952324505632156
2917 0.8663387281315987 0.5447087604684347 0.012139367080278874 0.017952324505632156
2913 0.8686496271428631 0.5665291301466039 0.012139367080278874 0.017952324505632156
2843 0.8862141855569519 0.5370383721008322 0.009812042574646896 0.006905563861970521
2784 0.888541510062584 0.5478666114571705 0.009812042574646896 0.006905563861970521
2923 0.9020030765224444 0.5382895156642149 0.012139367080278874 0.017952324505632156
2924 0.9160820020168124 0.5263140395494283 0.012139367080278874 0.017952324505632156
2925 0.9261289913731506 0.5240413453656272 0.013811127723940686 0.019624085149293792
2919 0.9572697307294888 0.5202936324923924 0.022530563861970165 0.010904649011264311
4402 0.8680051349365332 0.5124043588592805 0.006687042574647251 0.006687042574646895
4421 0.8749817546147025 0.5111314359628026 0.005124542574646895 0.006577781930985261
2809 0.8805051349365332 0.5115302737099865 0.00824954257464725 0.006796303218308708
2808 0.8865366136492098 0.5079682311353396 0.006687042574646895 0.006687042574646895
2810 0.8928412439710407 0.5083124385606927 0.006687042574646895 0.006687042574646895
2813 0.8973102226837172 0.5048596566297074 0.006577781930985083 0.005124542574646895
2817 0.9036694833273788 0.5059851140550606 0.006687042574647251 0.006687042574646895
2818 0.9097009620400556 0.5024230714804137 0.006687042574647251 0.006687042574646895
2932 0.8969824407527319 0.5001721566297075 0.012937042574646895 0.0071240851492937905
3905 0.880576190752732 0.5013193933881557 0.012937042574646895 0.0071240851492937905
3908 0.8693655391435776 0.49817796789378777 0.012937042574647251 0.0071240851492937905
3919 0.8632412252816073 0.48918538014660395 0.012937042574646895 0.0071240851492937905
3918 0.8812646056034381 0.488710132744494 0.012937042574646895 0.0071240851492937905
3907 0.8947643768907616 0.4909064172733692 0.012937042574646895 0.007124085149293968
3923 0.8932729327069604 0.4808047975952 0.012937042574646895 0.0071240851492937905
2934 0.9098977039942838 0.48278256083675186 0.008577324505632334 0.011483803218308709
3924 0.9243590417414677 0.4762758347219654 0.008577324505632334 0.011483803218308709
2961 0.8635090230520344 0.45933398918111135 0.008577324505632334 0.011483803218308709
2953 0.8799152730520342 0.4581867524226631 0.014499542574646895 0.0072333457929556035
2988 0.8950432463168292 0.41630525502055316 0.012937042574646895 0.0071240851492937905
3010 0.8993647595583809 0.39951659276773704 0.014608803218308708 0.008795845792955604
3020 0.875490216983734 0.3949055024226631 0.014608803218308708 0.008795845792955604
3022 0.8894434563400722 0.3923596566297075 0.012937042574647251 0.00712408514929388
3021 0.9032874350527488 0.3882513108367519 0.009812042574646896 0.006905563861970343
3028 0.8656235440872562 0.3885298162846335 0.008577324505631978 0.011483803218308709
3026 0.8939288605471166 0.37791474437689143 0.012937042574647251 0.00712408514929388
3049 0.8877499163633154 0.3681409066297075 0.012937042574646895 0.00712408514929388
3046 0.9001406557196537 0.3657043214804136 0.014608803218308708 0.008795845792955604
3062 0.8496600544788164 0.31741964079026563 0.014499542574646895 0.0072333457929556035
3077 0.8639575012605079 0.3085691646754792 0.008577324505632334 0.011483803218308709
2249 0.8453331873985374 0.30045066207758914 0.011483803218308709 0.008577324505632155
3088 0.8220924293527656 0.28244906108885337 0.012139367080278874 0.017952324505632156
3073 0.8965514799731842 0.3031496911585827 0.008577324505632334 0.011483803218308709
3086 0.8869743841802287 0.28968812469872224 0.008577324505632334 0.011483803218308709
3080 0.9056533283640299 0.29858787729661235 0.008577324505632334 0.011483803218308709
3070 0.9156128364098016 0.3175181937564727 0.012139367080278874 0.017952324505632156
2701 0.8738023948238904 0.29217934016984703 0.006687042574646895 0.006687042574646895
3090 0.8976005277436112 0.27324366987125925 0.012139367080278874 0.017952324505632156
3095 0.880828290985163 0.2579300263078766 0.01213936708027923 0.017952324505632156
3094 0.8516653148703766 0.24505296789378783 0.0353583457929556 0.01646623416055819
3093 0.9563692403647444 0.2267403744466207 0.036920845792955605 0.016575494804219916
3087 0.9226169532379792 0.2605033692508406 0.012139367080278874 0.017952324505632156
2249 0.9627556341802286 0.2843889834811281 0.011483803218308709 0.008577324505632155
3083 0.9195683628929052 0.28426865118182587 0.01213936708027923 0.017952324505632156
3072 0.927129490616846 0.30258160860717886 0.022530563861970165 0.010904649011264311
3068 0.9581991741569855 0.309044776055775 0.022530563861970165 0.010904649011264311
3971 0.9384876076971251 0.31905891442337764 0.012937042574646895 0.00712408514929388
3973 0.935018400271772 0.3255820660325319 0.012937042574646895 0.00712408514929388
3969 0.9368540518809263 0.3293790553888702 0.012827781930985082 0.005561585149293879
3063 0.9232832247774041 0.33739365118182585 0.008577324505632334 0.011483803218308709
3056 0.9262825386393747 0.34660476021633324 0.008577324505632334 0.011483803218308709
3039 0.9131487541104992 0.3608693560092888 0.008577324505632334 0.011483803218308709
3959 0.9219063950759919 0.3626121724691493 0.012827781930985082 0.005561585149293879
3958 0.9226165892597932 0.3727684224691493 0.012937042574646895 0.00712408514929388
3044 0.937968437650639 0.36776956603253197 0.008577324505632334 0.011483803218308709
3967 0.9516813763865585 0.3393332095959146 0.012827781930985082 0.005561585149293879
3064 0.9751899322027573 0.3274834196191577 0.008577324505632334 0.011483803218308709
3966 0.9534623976738821 0.3423489489522529 0.012827781930985082 0.005561585149293879
3968 0.9762279083175436 0.3423271696191577 0.012827781930985082 0.005561585149293879
3972 0.9751188763865585 0.3376942999409886 0.014390281930985082 0.005670845792955603
3963 0.9586415705703597 0.34905241702126766 0.012827781930985082 0.005561585149293879
3960 0.9596959721795141 0.3529040366994368 0.012937042574646895 0.00712408514929388
3015 0.9507797940872562 0.38257511120506893 0.02253056386197052 0.010904649011264311
3024 0.9850353717334187 0.36114822543535646 0.02992925653316263 0.0164662341605581
3957 0.9632087382710575 0.3919119063776059 0.02253056386197052 0.010904649011264311
2992 0.9561064324548589 0.4026144595959146 0.022530563861970165 0.010904649011264311
2972 0.9421749724316157 0.427925816032532 0.022530563861970165 0.010904649011264311
2949 0.9700103953280934 0.4330450047684516 0.022530563861970165 0.010904649011264311
2946 0.9685407304773873 0.44570889573394423 0.02253056386197052 0.010904649011264311
3956 0.9903893252619369 0.40015609511352557 0.019221349476126193 0.010795388367602498
3952 0.9906078465492602 0.40635146479169465 0.018784306901479652 0.010904649011264311
3949 0.9915529875147528 0.410929704148033 0.016894024970494213 0.010904649011264311
3948 0.9921621338020763 0.4171250738262021 0.015675732395847318 0.010904649011264311
3945 0.9927712800893997 0.4233204435043712 0.014457439821200424 0.010904649011264311
3942 0.9937710513767233 0.42946118286070945 0.012457897246553528 0.010904649011264311
3926 0.9489384246611887 0.4572855341015467 0.012139367080278874 0.01795232450563198
2249 0.9576960656266813 0.4590283505614072 0.011483803218308709 0.008577324505632155
2929 0.9810842891435776 0.4903658318719738 0.017373170298587582 0.026092606436617417
997 0.042235684548545725 0.3008687313105666 0.01940556386197041 0.010686127723940864
995 0.042164628732347005 0.3110796116323974 0.016171303218308675 0.008905106436617415
993 0.047234540985163075 0.31622057970141226 0.009702781930985217 0.005343063861970432
844 0.21111027875201752 0.6164341111281944 0.020968063861970344 0.010795388367602498
851 0.2089468452118779 0.6079496217718561 0.016062042574646895 0.007342606436617416
861 0.203822302637231 0.6020274037028412 0.009702781930985171 0.005343063861970343
994 0.13565790261756053 0.28962559269086247 0.011265281930985216 0.005452324505632156
996 0.13427571907742097 0.28108647301269335 0.016171303218308664 0.008905106436617415
998 0.13289353553728142 0.2725473533345242 0.019405563861970433 0.010686127723940864
425 0.6388153896281102 0.3447244580064307 0.05037134059717552 0.05327781930985207
974 0.6671042805936029 0.3451015164205195 0.006796303218308708 0.008249542574646895
419 0.6202564137654253 0.40490248733952594 0.068465776735205 0.04521394703379293
410 0.629128669213307 0.441965444764879 0.06668475544788173 0.041979686390131124
837 0.6940213317182247 0.516719790305733 0.011265281930985083 0.005452324505632156
384 0.6971516855569518 0.5502589099839021 0.05048060124083733 0.05484031930985207
378 0.725161707096377 0.625237130650807 0.05048060124083733 0.05484031930985207
805 0.778592709694267 0.6034442581226462 0.012030106436617416 0.016389824505632155
806 0.7909288187287744 0.6002264229733524 0.008795845792955604 0.014608803218308708
382 0.7653607361773705 0.5713965826282784 0.05037134059717552 0.05327781930985207
824 0.7308711216949815 0.538480175823344 0.008795845792955604 0.014608803218308708
827 0.7439884807294889 0.5352077103522193 0.006687042574646895 0.006687042574646895
849 0.7095699220632985 0.492080423225454 0.01940556386197052 0.010686127723940864
860 0.708187738523159 0.48354130354728486 0.017733803218308707 0.009014367080279228
1164 0.697572666615417 0.4552359870874243 0.009702781930985083 0.0053430638619705205
920 0.6954802888914762 0.4365406174092552 0.019405563861970343 0.010686127723940864
1164 0.6932075947076749 0.4264936280529169 0.01940556386197052 0.010686127723940864
1164 0.6833302141337424 0.35260265998390217 0.017733803218308707 0.009014367080279051
975 0.6810028896281103 0.3417744206275639 0.006796303218308708 0.008249542574646895
990 0.722234540985163 0.26901998163954277 0.006796303218308708 0.008249542574646895
989 0.7275611793527657 0.2890593300303884 0.008795845792955604 0.014608803218308708
984 0.7321065677203682 0.3091533087430649 0.006796303218308708 0.008249542574646985
977 0.7180112167316325 0.3321209151796823 0.006796303218308708 0.008249542574646895
971 0.772081357697125 0.3306951729733524 0.008795845792955604 0.014608803218308708
969 0.7829095970534633 0.32836784846772027 0.012030106436617416 0.016389824505632155
961 0.7169457434668376 0.37301906678883656 0.009702781930985083 0.005343063861970432
955 0.7221084908689475 0.3907146651796823 0.011265281930985083 0.005452324505632156
946 0.7259983153745797 0.40143364389235875 0.011265281930985083 0.005452324505632156
938 0.7496543366619031 0.40291973423743277 0.006687042574646895 0.006687042574646895
863 0.7527900443393578 0.4702164948810944 0.006796303218308708 0.008249542574646895
857 0.7777900443393577 0.46846832458250665 0.006687042574646895 0.006687042574646895
816 0.8181908052351211 0.5410099601001177 0.008358803218308708 0.008358803218308708
810 0.8174149090738483 0.5748222313874412 0.012030106436617416 0.016389824505632155
814 0.842447760062584 0.5510898004451916 0.012030106436617416 0.016389824505632155
813 0.8571276190970915 0.5477080743304052 0.012030106436617416 0.016389824505632155
809 0.8770794861773705 0.5635844466064643 0.008795845792955604 0.014608803218308708
1164 0.8815431110513197 0.5263740237099865 0.006687042574646895 0.006687042574646895
819 0.8985120897639962 0.5220471566297075 0.006687042574646895 0.006687042574646895
822 0.8321058397639962 0.5266907339853312 0.006687042574646895 0.006687042574646895
858 0.861236328868233 0.44928699982477305 0.006687042574646895 0.006687042574646895
850 0.8779703607992182 0.4528272630663249 0.012827781930985082 0.005561585149293791
842 0.82230486884499 0.4763465265599782 0.006687042574647251 0.006687042574646895
872 0.8191745150062626 0.44280740688180903 0.008795845792955604 0.014608803218308708
893 0.8151207995351377 0.4297446781691325 0.008795845792955958 0.014608803218308708
909 0.8127388447076749 0.4181351888127942 0.008795845792955604 0.014608803218308708
921 0.8093571185928884 0.40345532977828685 0.008795845792955604 0.014608803218308708
936 0.8061392834435944 0.39111922074377947 0.008795845792955604 0.014608803218308708
948 0.8036480679724697 0.3779472313874412 0.008795845792955604 0.014608803218308708
924 0.8601547940872563 0.3889122285374496 0.005124542574646895 0.006577781930985261
1164 0.862990216983734 0.39577958757195697 0.01159306386197052 0.010139824505632156
967 0.7984253364098016 0.3257127420311029 0.012030106436617416 0.016389824505632155
968 0.8092535757661399 0.3233854175254708 0.008795845792955604 0.014608803218308708
983 0.805161655467552 0.2985493084909634 0.006796303218308708 0.008249542574646895
956 0.836488065122478 0.3199108562613904 0.011265281930985083 0.005452324505632156
970 0.8709887512605077 0.30807749177900134 0.008795845792955604 0.014608803218308708
428 0.8519056154907952 0.2709434785374496 0.04880884059717552 0.05316855866619026
987 0.8750699638816408 0.2653983188825236 0.006687042574646895 0.006687042574646895
982 0.8854283096745965 0.27880525502055314 0.005233803218308708 0.00814028193098526
979 0.924272288387273 0.2729487389290098 0.006796303218308708 0.008249542574646895
976 0.9111385038583979 0.28721333472196536 0.012030106436617416 0.016389824505632155
1164 0.8809811102950151 0.30502354759520006 0.012030106436617416 0.016389824505632155
966 0.890410740616846 0.30514923373322966 0.005124542574646895 0.006577781930985261
978 0.8803419719274126 0.2846564172733692 0.006687042574646895 0.006687042574646895
973 0.9008565677203683 0.29735315922759753 0.006687042574646895 0.006687042574646895
965 0.9107778709386768 0.3045100953656271 0.011265281930985083 0.005452324505632156
964 0.9078549667316324 0.31884574697478146 0.006687042574647251 0.006687042574646895
962 0.9364334348006473 0.31213692506703933 0.009702781930985083 0.005343063861970343
957 0.929587855099235 0.33773785860717886 0.006687042574646895 0.006687042574646895
950 0.9316966583175438 0.34544109796351713 0.006687042574646895 0.006687042574646895
942 0.8645309376506389 0.3729048162846335 0.011265281930985083 0.005452324505632156
939 0.8769216770069772 0.37046823113533967 0.009702781930985083 0.005343063861970343
922 0.8919675227999327 0.38354738534238403 0.017624542574646896 0.007451867080279051
917 0.8222395308457046 0.40804999462899294 0.016062042574647252 0.007342606436617416
919 0.8400443898802118 0.404449747226883 0.017733803218308707 0.009014367080279051
907 0.8877552702020427 0.4018985475952001 0.011265281930985083 0.005452324505632156
932 0.914476307328808 0.368627225687458 0.006796303218308708 0.008249542574646895
912 0.9274515547309179 0.3857765208599949 0.020968063861970164 0.010795388367602498
889 0.9333955521330278 0.40341748892900975 0.01762454257464725 0.007451867080279051
869 0.9385036692133071 0.4203318373198554 0.019405563861970166 0.010686127723940864
846 0.943666416615417 0.4380274357107011 0.017624542574646896 0.007451867080279229
843 0.9449939698337257 0.4457853053888702 0.020968063861970164 0.010795388367602498
385 0.9517956268907616 0.4869184037797159 0.05037134059717552 0.05327781930985207
815 0.9513093078330112 0.5136447947452085 0.011265281930985083 0.005452324505631978
427 0.960570421306994 0.2531389834811281 0.05037134059717552 0.05327781930985207
1793 0.2172903148703766 0.28941278922045227 0.046623627723940776 0.021918558666190257
1345 0.48113210971393744 0.9414130597514709 0.11232503737886682 0.0498357450563212
1793 0.46317552330413586 0.5611246262113315 0.052982888367602496 0.02391810124083733
1793 0.39911302330413584 0.5656043126014627 0.021405106436617326 0.0170453883676025
1793 0.30848911523869366 0.23514627027891727 0.03557686708027905 0.01959123416055819
1793 0.38230367365278245 0.20172212906132314 0.018170845792955602 0.015264367080279052
1793 0.2695908701823722 0.12795648315215197 0.05186813861970414 0.09691855866619034
1793 0.3545068195619536 0.0961112674289257 0.06690327673520517 0.04510468639013114
1793 0.5536851808653749 0.7439974743500757 0.054304723768997934 0.10952781930985207
564 0.7120489739442248 0.8867973435240417 0.024530106436617415 0.017263909654926125
564 0.7414086920132398 0.8800338912944687 0.022967606436617417 0.01715464901126431
564 0.787010769116762 0.8697794523064475 0.022967606436617417 0.01715464901126431
277 0.7120489739442248 0.8867973435240417 0.009702781930985083 0.0053430638619705205
277 0.7421899420132398 0.8799792609726378 0.009812042574646896 0.006905563861970165
277 0.787010769116762 0.8697794523064475 0.009702781930985083 0.0053430638619705205
1793 0.7349791035097513 0.6645892077543292 0.019842606436617415 0.016936127723940864
1793 0.5687538979259836 0.4430469795458558 0.019842606436617415 0.016936127723940687
1793 0.5740369776273957 0.4175553066493779 0.018170845792955602 0.015264367080279052
1793 0.5774954773752942 0.3435168731092384 0.04158620248167448 0.10552873416055819
1793 0.9238027588020763 0.17641794635436284 0.0498578883676025 0.023699579953513794
1793 0.9527468496513535 0.2984350579867603 0.03390510643661741 0.01791947351689647
1793 0.9581281183407867 0.31925565637760595 0.03223334579295596 0.016247712873234656
2234 0.6998453607992182 0.4652829764437626 0.011265281930985083 0.005452324505632156
2001 0.6976983527534465 0.4458063567655935 0.005124542574646895 0.006577781930985261
2234 0.699517578868233 0.4605954764437626 0.011265281930985083 0.005452324505632156
2002 0.6853022595583809 0.41448530094939484 0.006796303218308708 0.008249542574646895
2004 0.6924591956964106 0.4045639977310861 0.006796303218308708 0.008249542574646895
2010 0.6771237727999327 0.39857072384587255 0.00846806386197052 0.009921303218308707
2014 0.6891867302252859 0.39144663869657864 0.006905563861970521 0.009812042574646896
2015 0.6862420466851462 0.38301677966207126 0.005233803218308708 0.00814028193098526
2017 0.684750602501345 0.3729151599839022 0.006796303218308708 0.008249542574646895
1858 0.6591496689612054 0.3660695802824899 0.006796303218308708 0.008249542574646895
2018 0.708111692846419 0.3477294896853144 0.006796303218308708 0.008249542574646895
1793 0.7098659449401059 0.18195702421418963 0.021295845792955605 0.015482888367602587
1997 0.9565763260182415 0.3868801989522529 0.009702781930985083 0.005343063861970432
1998 0.9255230679724697 0.36942490118182586 0.011265281930985083 0.005452324505632156
1999 0.9244686663633154 0.3655732815036567 0.011265281930985083 0.005452324505632156
2234 0.9513425227999328 0.3793954808832381 0.009702781930985083 0.005343063861970343
2234 0.9509054802252859 0.37314548088323807 0.011265281930985083 0.005452324505632156
937 0.9357503737886684 0.3585038266761937 0.006687042574646895 0.006687042574646895
2000 0.9450161131450067 0.35628576281422325 0.009702781930985083 0.005343063861970343
2006 0.9411262886393746 0.34556678410154673 0.009702781930985083 0.005343063861970432
2007 0.9400172567083892 0.3409339144233776 0.011265281930985083 0.005452324505632156
2009 0.939744105099235 0.3370276644233776 0.009702781930985083 0.005343063861970432
2013 0.9386897034900807 0.33317604474520846 0.009702781930985083 0.005343063861970432
2011 0.9481193338119116 0.3333017308832381 0.006796303218308708 0.008249542574646895
2008 0.9575489641337424 0.33342741702126766 0.009702781930985083 0.005343063861970432
2011 0.9572211822027572 0.32873991702126765 0.009702781930985083 0.005343063861970432
958 0.9674320625245881 0.3288109728374664 0.006796303218308708 0.008249542574646895
1164 0.758663349903455 0.38580329005363145 0.00846806386197052 0.009921303218308707
1164 0.7778121876506388 0.3789687820078598 0.011265281930985083 0.005452324505632156
1164 0.7724362727999328 0.3919058245825068 0.006796303218308708 0.008249542574646895
1164 0.7786862727999327 0.3914687820078598 0.00846806386197052 0.009921303218308707
1164 0.7837561850527488 0.3966097500768746 0.009702781930985083 0.005343063861970343
1164 0.7978186850527488 0.395626404283919 0.006796303218308708 0.008249542574646895
1164 0.7902793366619031 0.4000789575022276 0.009702781930985083 0.0053430638619705205
1164 0.7778885973055649 0.4025155426515215 0.011265281930985083 0.005452324505632156
1164 0.757958509558381 0.4094046810191241 0.006796303218308708 0.008249542574646895
916 0.7442073659949984 0.4260676571339106 0.017624542574646896 0.007451867080279229
1164 0.7658638447076749 0.42141300812264626 0.016062042574646895 0.007342606436617416
913 0.7828328234203514 0.41708614104236724 0.016062042574646895 0.007342606436617416
914 0.7998564324548587 0.41354052396208807 0.017624542574646896 0.007451867080279051
1164 0.7673881398802118 0.40953036715715363 0.01126528193098526 0.005452324505632156
1164 0.7821772595583809 0.4077111410423672 0.006796303218308708 0.008249542574646895
1164 0.7913337382710575 0.4039305771803968 0.011265281930985083 0.005452324505632156
1164 0.797802259558381 0.4066185346057498 0.01126528193098526 0.005452324505632156
1164 0.7604332995351378 0.4335688006972932 0.01126528193098526 0.005452324505631978
1164 0.7513696559717552 0.4499039948810945 0.011265281930985083 0.005452324505632156
1164 0.7629245150062627 0.44674079005363143 0.011265281930985083 0.005452324505632156
1164 0.7822536692133071 0.43125790168602884 0.00846806386197052 0.009921303218308707
1164 0.7879573659949983 0.42300835911138196 0.00970278193098526 0.0053430638619705205
1164 0.7905742676041527 0.42675071814588933 0.011265281930985083 0.005452324505632156
1164 0.7916832995351378 0.4313835878240585 0.01126528193098526 0.005452324505632156
1164 0.7865969617879539 0.4372347500768746 0.01126528193098526 0.005452324505632156
1164 0.8002934750295058 0.4197905239620881 0.011265281930985083 0.005452324505632156
1164 0.8021837569604908 0.4243687633184264 0.011265281930985083 0.005452324505632156
1164 0.8065270495351378 0.430345611709272 0.006796303218308708 0.008249542574646895
1164 0.7938467330752774 0.4398680771803967 0.009702781930985083 0.0053430638619705205
1164 0.7724469804773874 0.45942110651349194 0.011265281930985083 0.005452324505632156
1164 0.785853916615417 0.4490627607205363 0.00846806386197052 0.009921303218308707
1164 0.7912134059717552 0.44711784846772024 0.008358803218308708 0.008358803218308708
1164 0.7974469804773874 0.4576729362149042 0.009702781930985083 0.0053430638619705205
1164 0.8024951133971083 0.4400483936402573 0.006687042574646895 0.006687042574646895
1164 0.8086904830752774 0.43883010106561027 0.00846806386197052 0.009921303218308707
1164 0.8503209721795141 0.3605522817557582 0.011483803218308709 0.008577324505632155
1164 0.8141320999034549 0.38192453720363984 0.006796303218308708 0.008249542574646895
1164 0.8163501637654254 0.3911902765599781 0.008358803218308708 0.008358803218308708
1164 0.8217478579492266 0.40101874462899295 0.011265281930985083 0.005452324505632156
1164 0.8257797940872562 0.3913159626980077 0.011265281930985083 0.005452324505632156
1164 0.8268341956964106 0.3951675823761769 0.011265281930985083 0.005452324505632156
1164 0.8341385973055647 0.3985821594796991 0.011265281930985083 0.005452324505632156
1164 0.828975849903455 0.3808865610888534 0.011265281930985083 0.005452324505632156
1164 0.8362802515126091 0.3843011381923756 0.011265281930985083 0.005452324505632156
1164 0.839224935052749 0.392730997226883 0.011265281930985083 0.005452324505632156
1164 0.8250203234203515 0.41413610366350034 0.011265281930985083 0.005452324505632156
1164 0.8293089856731675 0.41933170205434606 0.006687042574646895 0.006687042574646895
1164 0.8275115388914761 0.42730809301983863 0.009702781930985083 0.005343063861970343
1164 0.8398640734203514 0.4130981275487139 0.005124542574646895 0.006577781930985083
1164 0.8452235627766896 0.41115321529589777 0.006796303218308708 0.008249542574646895
1164 0.8449339856731675 0.41823909561772865 0.011265281930985083 0.005452324505632156
1164 0.8460976479259834 0.4236532152958977 0.009702781930985083 0.0053430638619705205
1164 0.8409566798569689 0.4287231275487139 0.012827781930985082 0.005561585149293791
1164 0.8452999724316157 0.43469997593955956 0.006796303218308708 0.008249542574646895
1164 0.8506594617879539 0.4327550636867434 0.006687042574646895 0.006687042574646895
1164 0.8681911692133071 0.4252485662846334 0.006796303218308708 0.008249542574646895
885 0.8819258872823218 0.4195777204916779 0.011265281930985083 0.005452324505632156
1164 0.867393493718939 0.43629532692829526 0.011265281930985083 0.005452324505632156
1164 0.8453381772590788 0.4464733562613904 0.011265281930985083 0.005452324505632156
820 0.9141535152583641 0.5099624198712592 0.006687042574646895 0.006687042574646895
821 0.9211301349365332 0.5086894969747815 0.008358803218308708 0.008358803218308708
829 0.9044289539942838 0.48316497308956785 0.008795845792955604 0.014608803218308708
831 0.916819693350622 0.48072838794027406 0.012030106436617416 0.016389824505632155
72 0.6378156183407868 0.3416540883282616 0.02998243094224957 0.028529191585911207
72 0.6186939137654253 0.4050117479831877 0.037467149011264314 0.024387994804219916
72 0.627566169213307 0.44207470540854066 0.0342328883676025 0.022606973516896466
72 0.6980968265224445 0.5525480296620713 0.02831067029858776 0.02685743094224957
72 0.7269427283837004 0.6282528700071452 0.02685743094224957 0.02831067029858776
72 0.7662512468210323 0.5729044523064475 0.02674817029858776 0.02674817029858776
72 0.9534673875344233 0.4883716431360542 0.029873170298587583 0.026966691585911206
72 0.9596252803415013 0.25084986380295893 0.030091691585911205 0.030091691585911205
72 0.8510151048471336 0.2694356088592804 0.029982430942249748 0.028529191585911207
1713 0.7387164726837172 0.5159496119613737 0.012827781930985261 0.005561585149293791
1693 0.7561224939710407 0.5178727448810945 0.011265281930985083 0.005452324505632156
1698 0.7627167013963938 0.5111310719846167 0.011265281930985083 0.005452324505632156
1699 0.7734903104309011 0.5080224974789845 0.01126528193098526 0.005452324505632156
1688 0.788426895580195 0.5195391516860289 0.01126528193098526 0.005452324505632156
1694 0.7839197120400555 0.5112185532951832 0.01126528193098526 0.005452324505631978
1700 0.7920217891435777 0.5035863697550438 0.012827781930985261 0.005561585149293791
1690 0.8040683210745628 0.5074544149275807 0.012827781930985082 0.005561585149293791
1708 0.8010143768907616 0.49746205589307324 0.012827781930985082 0.005561585149293791
1697 0.8099905391435775 0.5023298723529338 0.012827781930985082 0.005561585149293791
1705 0.8196004859252689 0.4938071781691325 0.012827781930985082 0.005561585149293969
1696 0.8294671588217468 0.5001828643071621 0.012827781930985082 0.005561585149293791
1701 0.8352254859252689 0.49271457173251515 0.011265281930985083 0.005452324505632156
1704 0.8466710843161145 0.4879888669050521 0.012827781930985082 0.005561585149293791
1692 0.8635143768907616 0.49309163014660395 0.012827781930985082 0.005561585149293791
1703 0.862132193350622 0.4845525104684348 0.012827781930985082 0.005561585149293969
1689 0.8833187784999159 0.4956321221008322 0.011265281930985083 0.005452324505631978
1691 0.8952178449597763 0.4861642869515384 0.012827781930985082 0.005561585149293791
1702 0.8783745523851294 0.48106152370998656 0.012827781930985082 0.005561585149293791
1706 0.892999781097806 0.4768985475952001 0.011265281930985083 0.005452324505632156
1707 0.92621111884499 0.4690806937564728 0.012827781930985082 0.005561585149293791
1709 0.9427976853048504 0.45928507667619367 0.006905563861970521 0.009812042574646896
1224 0.3929672940872562 0.4215811609923083 0.3407770913534801 0.2928201925943174
1793 0.4633547478294385 0.8892714055444266 0.09335651609154336 0.04539961733238087