725 0.03515625 0.16796875 0.0453125 0.05
1164 0.015625 0.2125 0.00546875 0.01875
1164 0.015625 0.31015625 0.00625 0.01875
4266 0.03515625 0.196875 0.0109375 0.0109375
4419 0.11484375 0.1609375 0.00625 0.01796875
3307 0.0578125 0.27578125 0.00625 0.02265625
3308 0.0578125 0.3125 0.00546875 0.02421875
3036 0.071875 0.28828125 0.00390625 0.01640625
3021 0.0890625 0.27578125 0.01015625 0.00859375
2700 0.10390625 0.0859375 0.0046875 0.01328125
2644 0.146875 0.084375 0.00390625 0.01328125
2644 0.22265625 0.08515625 0.003125 0.01328125
2700 0.178125 0.08671875 0.0046875 0.0140625
3659 0.14921875 0.109375 0.01015625 0.02109375
3685 0.2234375 0.11171875 0.009375 0.021875
3639 0.25078125 0.121875 0.009375 0.03125
3439 0.2734375 0.12890625 0.009375 0.03125
3514 0.29453125 0.0703125 0.009375 0.021875
3635 0.31875 0.01875 0.0109375 0.01328125
3993 0.3484375 0.03046875 0.01640625 0.01796875
4170 0.28828125 0.11015625 0.00703125 0.0203125
4174 0.29453125 0.11015625 0.00546875 0.02109375
4177 0.3 0.1109375 0.00546875 0.0203125
4180 0.30625 0.11015625 0.00625 0.0203125
4184 0.31171875 0.11015625 0.00546875 0.0203125
4187 0.31796875 0.1109375 0.00546875 0.02109375
4194 0.3234375 0.1109375 0.00546875 0.0203125
4197 0.3296875 0.1109375 0.00546875 0.0203125
3773 0.3359375 0.10859375 0.00625 0.0265625
3779 0.3421875 0.10859375 0.00625 0.0265625
3192 0.34921875 0.13515625 0.00703125 0.02109375
3135 0.3765625 0.065625 0.009375 0.03125
3191 0.44140625 0.1078125 0.00703125 0.02109375
2249 0.43125 0.07109375 0.00703125 0.0140625
3768 0.4390625 0.0390625 0.00703125 0.028125
3780 0.45546875 0.03125 0.015625 0.0125
3771 0.45234375 0.071875 0.00703125 0.0265625
3783 0.4609375 0.06875 0.00625 0.02734375
3790 0.475 0.01875 0.015625 0.01171875
3797 0.4796875 0.04140625 0.015625 0.01171875
3802 0.50546875 0.01640625 0.01484375 0.01015625
3220 0.490625 0.05625 0.00625 0.0203125
4342 0.48828125 0.07734375 0.00703125 0.02109375
3207 0.47109375 0.09765625 0.01796875 0.01484375
3203 0.48828125 0.09375 0.0125 0.0125
2249 0.49609375 0.1078125 0.00546875 0.01015625
3229 0.509375 0.034375 0.00703125 0.01953125
3236 0.51875 0.03515625 0.00703125 0.0203125
3231 0.51640625 0.075 0.00703125 0.01875
3234 0.52265625 0.075 0.00625 0.01875
2249 0.51875 0.04921875 0.00546875 0.009375
3813 0.52890625 0.04453125 0.01484375 0.0109375
3812 0.52890625 0.05546875 0.015625 0.0109375
3240 0.5328125 0.01640625 0.01171875 0.01015625
2846 0.54765625 0.015625 0.015625 0.01015625
3815 0.5390625 0.053125 0.00625 0.0265625
3818 0.5453125 0.05390625 0.00625 0.02734375
3825 0.56328125 0.04375 0.015625 0.0125
3826 0.56328125 0.03203125 0.01640625 0.01171875
3656 0.53046875 0.0828125 0.00703125 0.0203125
3669 0.6734375 0.065625 0.009375 0.03125
2270 0.7109375 0.07265625 0.03046875 0.0203125
2887 0.68125 0.1484375 0.00703125 0.02734375
2277 0.7109375 0.11015625 0.03125 0.01875
2774 0.78203125 0.08046875 0.00859375 0.0140625
2774 0.84453125 0.08046875 0.0078125 0.0125
2776 0.83046875 0.07578125 0.0078125 0.0140625
2638 0.89453125 0.07734375 0.0046875 0.01171875
3765 0.92890625 0.24140625 0.00390625 0.0078125
3517 0.94296875 0.26015625 0.00546875 0.0125
4145 0.92890625 0.2578125 0.009375 0.0078125
4137 0.91640625 0.26015625 0.009375 0.0078125
4153 0.90390625 0.25703125 0.01015625 0.00703125
3238 0.89453125 0.25703125 0.0078125 0.00703125
4329 0.86796875 0.20078125 0.00859375 0.00859375
3239 0.8375 0.18828125 0.0078125 0.00703125
4156 0.84375 0.2234375 0.0046875 0.01640625
4194 0.87421875 0.284375 0.01015625 0.009375
3231 0.85 0.28515625 0.0078125 0.00703125
4152 0.8375 0.278125 0.009375 0.00859375
3230 0.8265625 0.284375 0.009375 0.0078125
4154 0.8375 0.26484375 0.00859375 0.0078125
3229 0.82890625 0.2640625 0.00703125 0.00625
3235 0.81875 0.221875 0.0078125 0.00703125
3457 0.8171875 0.23671875 0.0046875 0.01484375
3570 0.8109375 0.26171875 0.00625 0.0078125
3414 0.79765625 0.18515625 0.0109375 0.01953125
3241 0.79765625 0.21015625 0.00390625 0.0125
3237 0.79765625 0.2234375 0.00390625 0.0125
4155 0.78828125 0.24765625 0.009375 0.0078125
4151 0.79453125 0.25859375 0.009375 0.0078125
2534 0.80625 0.14921875 0.00546875 0.0265625
2559 0.8296875 0.15 0.04140625 0.0265625
2690 0.621875 0.2046875 0.0078125 0.01171875
2685 0.590625 0.203125 0.0078125 0.0140625
3516 0.57578125 0.1375 0.01015625 0.01953125
3841 0.575 0.19609375 0.0078125 0.028125
3658 0.56171875 0.1265625 0.009375 0.03046875
3831 0.56171875 0.1859375 0.015625 0.0125
2853 0.5640625 0.215625 0.01640625 0.0109375
3242 0.55 0.13046875 0.0125 0.01171875
3566 0.55078125 0.15234375 0.00859375 0.02109375
3828 0.55 0.1828125 0.00703125 0.0265625
4343 0.5390625 0.20859375 0.00859375 0.0296875
3237 0.52890625 0.14375 0.00625 0.0203125
3235 0.52265625 0.15078125 0.00703125 0.0203125
2273 0.515625 0.17890625 0.02109375 0.04375
3565 0.51640625 0.1375 0.00703125 0.015625
3225 0.509375 0.1421875 0.00703125 0.02109375
3217 0.50078125 0.13359375 0.00703125 0.0203125
4426 0.5 0.17890625 0.00859375 0.0203125
3206 0.48359375 0.2109375 0.0078125 0.02109375
3785 0.47109375 0.209375 0.015625 0.01015625
3786 0.471875 0.19921875 0.01640625 0.0109375
3202 0.46484375 0.15625 0.00703125 0.02109375
3784 0.46015625 0.12734375 0.00625 0.02578125
3196 0.453125 0.13828125 0.00703125 0.02109375
3186 0.4359375 0.1390625 0.00625 0.02109375
3184 0.42734375 0.13828125 0.00625 0.0203125
3182 0.41953125 0.1390625 0.00703125 0.0203125
3154 0.4109375 0.13984375 0.00703125 0.0203125
3127 0.39296875 0.1609375 0.00703125 0.02109375
2784 0.39921875 0.20546875 0.00703125 0.0078125
4369 0.3765625 0.18515625 0.009375 0.0203125
4056 0.34765625 0.171875 0.00859375 0.0296875
3089 0.3671875 0.22109375 0.01171875 0.0125
3627 0.31796875 0.17109375 0.0109375 0.0125
3501 0.29453125 0.1859375 0.009375 0.01953125
4010 0.34296875 0.22734375 0.009375 0.02890625
4123 0.27265625 0.19375 0.01171875 0.01171875
4137 0.27265625 0.2046875 0.0125 0.01171875
4128 0.271875 0.22421875 0.01171875 0.0109375
4153 0.271875 0.23515625 0.01171875 0.0109375
4152 0.27109375 0.24609375 0.01171875 0.01015625
4151 0.27109375 0.2578125 0.01171875 0.01171875
3833 0.2265625 0.25390625 0.009375 0.0078125
2933 0.17578125 0.178125 0.0078125 0.0078125
4303 0.171875 0.2015625 0.00859375 0.00859375
3563 0.2046875 0.2390625 0.00625 0.0078125
3210 0.19453125 0.25 0.0046875 0.009375
2856 0.15546875 0.20390625 0.0046875 0.015625
2867 0.15234375 0.2234375 0.00390625 0.01640625
2844 0.196875 0.2796875 0.0046875 0.00703125
3800 0.1875 0.28203125 0.0046875 0.01640625
3413 0.1953125 0.30390625 0.0046875 0.01640625
2889 0.1890625 0.303125 0.0046875 0.0140625
3423 0.16953125 0.31171875 0.01015625 0.00859375
3057 0.21796875 0.2765625 0.00390625 0.0109375
2955 0.21875 0.290625 0.00390625 0.009375
3766 0.1859375 0.26953125 0.0046875 0.01015625
3424 0.13203125 0.27421875 0.01015625 0.009375
2967 0.10625 0.2765625 0.00390625 0.0125
3472 0.09296875 0.3265625 0.00546875 0.01875
2644 0.1046875 0.36171875 0.00390625 0.00390625
4179 0.14765625 0.28359375 0.0046875 0.01171875
2911 0.15546875 0.29453125 0.0078125 0.00703125
4312 0.14921875 0.365625 0.009375 0.00859375
3422 0.1703125 0.3203125 0.009375 0.0078125
2845 0.1640625 0.35390625 0.00390625 0.0140625
2878 0.1890625 0.33046875 0.00390625 0.0140625
2536 0.2109375 0.35390625 0.0046875 0.02734375
2387 0.19609375 0.35390625 0.02578125 0.02734375
2327 0.29375 0.2546875 0.01171875 0.09453125
3513 0.2953125 0.3234375 0.01015625 0.02109375
3635 0.31875 0.26953125 0.01171875 0.01328125
4006 0.3421875 0.28984375 0.009375 0.03125
3100 0.3671875 0.25625 0.0125 0.0140625
3111 0.36015625 0.32109375 0.009375 0.03203125
2249 0.3703125 0.28984375 0.0078125 0.0140625
2644 0.4 0.271875 0.00703125 0.00703125
4370 0.396875 0.28125 0.00703125 0.0140625
2791 0.4046875 0.2875 0.00703125 0.0078125
2277 0.0609375 0.41484375 0.01171875 0.05703125
3637 0.07734375 0.39140625 0.01015625 0.0203125
3438 0.08984375 0.41484375 0.01171875 0.015625
2844 0.0640625 0.4859375 0.009375 0.021875
4394 0.06171875 0.54375 0.01015625 0.0328125
2249 0.06875 0.51640625 0.0046875 0.00859375
3877 0.08984375 0.47890625 0.00703125 0.015625
3766 0.08984375 0.5078125 0.00703125 0.0140625
3057 0.096875 0.446875 0.00703125 0.015625
3985 0.10390625 0.42578125 0.00859375 0.015625
3269 0.11796875 0.39609375 0.009375 0.02109375
4122 0.13046875 0.45546875 0.00703125 0.015625
4046 0.13203125 0.48984375 0.00703125 0.01484375
3153 0.13515625 0.47578125 0.00703125 0.01484375
4157 0.1375 0.5140625 0.0078125 0.0140625
4341 0.10390625 0.51875 0.00859375 0.01875
4168 0.14609375 0.58046875 0.01015625 0.02109375
2834 0.17421875 0.521875 0.01171875 0.02578125
2282 0.18515625 0.50390625 0.01171875 0.05703125
2295 0.20859375 0.46953125 0.01328125 0.0703125
3640 0.221875 0.49453125 0.009375 0.0328125
3438 0.23515625 0.48984375 0.01171875 0.015625
3686 0.215625 0.3890625 0.01015625 0.02265625
4417 0.1796875 0.575 0.01015625 0.03203125
4416 0.2140625 0.57578125 0.01015625 0.0328125
2258 0.25703125 0.4890625 0.0140625 0.05703125
3438 0.27265625 0.45859375 0.01171875 0.01484375
3641 0.2734375 0.41953125 0.01015625 0.0328125
4169 0.24375 0.36484375 0.00703125 0.02109375
4172 0.25 0.36484375 0.00625 0.02109375
4175 0.25625 0.365625 0.00625 0.0203125
4178 0.26171875 0.365625 0.00625 0.0203125
4183 0.26796875 0.365625 0.00546875 0.0203125
4185 0.2734375 0.365625 0.00546875 0.02109375
4188 0.27890625 0.365625 0.00546875 0.02109375
4193 0.284375 0.365625 0.00546875 0.02109375
4196 0.290625 0.36640625 0.00546875 0.02109375
4198 0.29609375 0.36640625 0.00546875 0.02109375
4200 0.3015625 0.36640625 0.00546875 0.0203125
3769 0.30703125 0.36328125 0.00546875 0.02578125
3770 0.31328125 0.36328125 0.00625 0.02734375
3772 0.31875 0.36328125 0.00546875 0.02734375
3777 0.32421875 0.36328125 0.00546875 0.02734375
3782 0.33046875 0.3640625 0.00546875 0.02734375
3011 0.29296875 0.428125 0.009375 0.03125
3755 0.31875 0.3921875 0.00703125 0.01484375
3976 0.31328125 0.42578125 0.01171875 0.0125
3027 0.31328125 0.4453125 0.00703125 0.02109375
3036 0.32109375 0.4453125 0.00703125 0.02109375
3965 0.31015625 0.475 0.00703125 0.0203125
2249 0.2875 0.50859375 0.0046875 0.00859375
3954 0.3109375 0.51015625 0.00703125 0.02109375
4368 0.32578125 0.51796875 0.00859375 0.01953125
3292 0.34453125 0.3703125 0.009375 0.0203125
4001 0.34296875 0.45859375 0.00703125 0.02109375
4038 0.359375 0.44140625 0.00703125 0.0203125
3069 0.3671875 0.4421875 0.00703125 0.02109375
4032 0.3546875 0.4890625 0.00703125 0.02109375
4018 0.3484375 0.5171875 0.00703125 0.0203125
2271 0.37421875 0.484375 0.01171875 0.0546875
3646 0.40546875 0.3859375 0.00859375 0.03203125
3145 0.40703125 0.3484375 0.00703125 0.02109375
3183 0.428125 0.3328125 0.00703125 0.0203125
3153 0.41484375 0.359375 0.00703125 0.0140625
3756 0.41796875 0.42109375 0.00703125 0.01484375
3189 0.428125 0.409375 0.00625 0.02109375
3439 0.42890625 0.38125 0.009375 0.03203125
3187 0.4359375 0.35078125 0.00703125 0.02109375
3194 0.44765625 0.35234375 0.00703125 0.0203125
3189 0.45390625 0.35859375 0.00625 0.02109375
3201 0.46171875 0.359375 0.00703125 0.0203125
3204 0.46875 0.3640625 0.00703125 0.02109375
3270 0.4640625 0.39765625 0.00859375 0.03125
3586 0.45859375 0.28515625 0.00703125 0.00859375
3788 0.46875 0.2671875 0.01640625 0.01171875
3787 0.46796875 0.278125 0.01484375 0.0109375
3209 0.48203125 0.27890625 0.00703125 0.0203125
2728 0.490625 0.35234375 0.00703125 0.00625
3564 0.48671875 0.3671875 0.009375 0.0203125
3807 0.51015625 0.3625 0.009375 0.03828125
3241 0.521875 0.371875 0.00859375 0.03125
3652 0.51796875 0.27265625 0.00859375 0.03125
2249 0.5265625 0.27421875 0.0078125 0.01484375
3228 0.5375 0.25625 0.0078125 0.03046875
3757 0.53828125 0.3875 0.009375 0.021875
2849 0.55234375 0.2625 0.01640625 0.01171875
3839 0.5734375 0.2546875 0.009375 0.03984375
3272 0.55703125 0.378125 0.009375 0.03046875
2700 0.5921875 0.3 0.0046875 0.01328125
2644 0.6203125 0.29921875 0.003125 0.01171875
2571 0.6671875 0.24453125 0.053125 0.18671875
3240 0.8 0.31953125 0.00703125 0.00625
3234 0.8359375 0.3390625 0.0046875 0.015625
3458 0.8390625 0.3203125 0.0078125 0.01875
3233 0.85859375 0.3390625 0.0046875 0.015625
4320 0.890625 0.32421875 0.009375 0.009375
3316 0.86171875 0.3921875 0.01171875 0.053125
3883 0.84765625 0.4328125 0.00703125 0.02890625
3281 0.8296875 0.3828125 0.009375 0.03203125
3279 0.83046875 0.4578125 0.009375 0.03125
3674 0.7953125 0.38125 0.009375 0.03203125
4269 0.875 0.49765625 0.009375 0.04140625
3482 0.86015625 0.4796875 0.0109375 0.05234375
3882 0.84609375 0.5203125 0.00625 0.02890625
3746 0.94765625 0.496875 0.01015625 0.05625
2277 0.8234375 0.4953125 0.0234375 0.01875
2270 0.82421875 0.53515625 0.021875 0.01484375
3873 0.7875 0.49453125 0.00703125 0.02734375
4414 0.77734375 0.42578125 0.0109375 0.09296875
3628 0.7515625 0.3828125 0.0125 0.01640625
3482 0.746875 0.40234375 0.02265625 0.0171875
3746 0.7453125 0.421875 0.02421875 0.01640625
3306 0.7484375 0.44140625 0.01875 0.01640625
3316 0.7453125 0.459375 0.02421875 0.01640625
3628 0.75 0.47890625 0.0125 0.015625
3245 0.74453125 0.49765625 0.0234375 0.0171875
3439 0.74765625 0.51796875 0.01875 0.015625
2598 0.75 0.53671875 0.0109375 0.015625
3868 0.71875 0.5265625 0.0109375 0.0421875
4346 0.69765625 0.45625 0.009375 0.0328125
2270 0.6984375 0.39921875 0.0109375 0.05390625
3275 0.6890625 0.39375 0.0078125 0.03046875
3861 0.68671875 0.4375 0.00625 0.02734375
3859 0.68046875 0.4375 0.00625 0.02890625
3862 0.68359375 0.47890625 0.00703125 0.0265625
3860 0.68359375 0.5125 0.00703125 0.0265625
3758 0.64375 0.39375 0.009375 0.02109375
3858 0.63984375 0.42734375 0.01640625 0.01328125
2886 0.65078125 0.45 0.01640625 0.0125
3857 0.64140625 0.47265625 0.00703125 0.02734375
3856 0.6421875 0.5046875 0.00703125 0.02734375
2729 0.65703125 0.5140625 0.0046875 0.00859375
2873 0.62109375 0.4296875 0.009375 0.040625
3663 0.60703125 0.43828125 0.009375 0.03125
2270 0.5875 0.39453125 0.01171875 0.05234375
2864 0.58984375 0.434375 0.00625 0.0265625
3843 0.5828125 0.434375 0.00625 0.0265625
2270 0.590625 0.4796875 0.01171875 0.053125
2249 0.61875 0.51484375 0.00546875 0.009375
3849 0.590625 0.5203125 0.0234375 0.0140625
4344 0.57890625 0.4703125 0.00859375 0.03203125
3842 0.5765625 0.50078125 0.00703125 0.02734375
3832 0.56484375 0.4484375 0.00703125 0.02734375
3438 0.603125 0.4640625 0.0109375 0.01328125
3840 0.57421875 0.52890625 0.00703125 0.02734375
2850 0.54453125 0.45 0.00625 0.02734375
3824 0.53125 0.4296875 0.015625 0.0125
2848 0.5375 0.44921875 0.00703125 0.02578125
3820 0.53359375 0.47421875 0.00703125 0.0265625
3819 0.53359375 0.50390625 0.00703125 0.02734375
3233 0.50625 0.440625 0.009375 0.03046875
2249 0.5109375 0.5140625 0.0046875 0.009375
3651 0.4953125 0.43359375 0.009375 0.03046875
3438 0.49453125 0.46328125 0.0109375 0.015625
3795 0.48203125 0.51875 0.0234375 0.01484375
2270 0.4796875 0.478125 0.01171875 0.05390625
3200 0.47265625 0.43203125 0.00703125 0.0203125
3775 0.465625 0.43125 0.00703125 0.0265625
3776 0.4625 0.4578125 0.00703125 0.02734375
3781 0.46796875 0.48359375 0.00703125 0.028125
3774 0.46640625 0.5109375 0.00703125 0.02734375
3193 0.44921875 0.43671875 0.00703125 0.0203125
3190 0.4359375 0.46796875 0.00625 0.01953125
4371 0.43828125 0.515625 0.00859375 0.0203125
4192 0.41484375 0.446875 0.01171875 0.01171875
4189 0.42265625 0.47578125 0.00625 0.02109375
4191 0.421875 0.50625 0.00625 0.021875
3157 0.39921875 0.4421875 0.01015625 0.0296875
3644 0.3859375 0.4421875 0.009375 0.03046875
3438 0.38984375 0.4671875 0.0109375 0.01328125
2249 0.403125 0.515625 0.00546875 0.009375
2570 0.14296875 0.63359375 0.025 0.08203125
4395 0.28203125 0.54375 0.009375 0.0328125
4389 0.271875 0.6734375 0.0109375 0.0796875
2631 0.2828125 0.65234375 0.0109375 0.06640625
3021 0.28359375 0.7078125 0.00859375 0.03125
4083 0.3578125 0.54296875 0.00859375 0.03125
4066 0.35390625 0.5953125 0.00625 0.0203125
4077 0.365625 0.61640625 0.01171875 0.01171875
3079 0.36484375 0.62890625 0.01171875 0.01171875
4089 0.37421875 0.57578125 0.00703125 0.01953125
4396 0.3984375 0.54140625 0.009375 0.03125
4278 0.3859375 0.63046875 0.01171875 0.08203125
2633 0.3984375 0.64921875 0.01171875 0.06796875
2644 0.2984375 0.65390625 0.0078125 0.00625
2644 0.41328125 0.65234375 0.00859375 0.00625
3791 0.47109375 0.59453125 0.00703125 0.02578125
3211 0.4796875 0.6234375 0.00703125 0.0203125
4397 0.503125 0.5390625 0.00859375 0.03203125
3796 0.4828125 0.5859375 0.0078125 0.0265625
3799 0.4921875 0.58359375 0.00703125 0.02734375
4390 0.49140625 0.65078125 0.01171875 0.0546875
2632 0.50234375 0.653125 0.0109375 0.06953125
2644 0.51796875 0.6515625 0.0078125 0.00703125
3845 0.578125 0.6296875 0.00703125 0.02734375
2868 0.58984375 0.6375 0.015625 0.01171875
3848 0.58984375 0.62421875 0.015625 0.01171875
3850 0.590625 0.58515625 0.00703125 0.02890625
4398 0.61640625 0.53984375 0.009375 0.03125
4388 0.6046875 0.63046875 0.0109375 0.08046875
2632 0.615625 0.64765625 0.01171875 0.06875
2644 0.63125 0.64921875 0.00859375 0.0078125
3867 0.6921875 0.61796875 0.00703125 0.02734375
3869 0.70390625 0.6140625 0.015625 0.0125
2888 0.70390625 0.6265625 0.01640625 0.01171875
3870 0.71484375 0.5953125 0.00703125 0.02734375
3672 0.75390625 0.5640625 0.00859375 0.0296875
2644 0.7671875 0.55390625 0.00703125 0.00625
3635 0.80625 0.57265625 0.00859375 0.01015625
3678 0.834375 0.56953125 0.00859375 0.03203125
3439 0.85859375 0.56640625 0.009375 0.03203125
3595 0.9453125 0.65625 0.01171875 0.0546875
3983 0.91796875 0.590625 0.00703125 0.02734375
3981 0.90625 0.58671875 0.00625 0.02734375
3980 0.8921875 0.5921875 0.00703125 0.028125
2434 0.8734375 0.65859375 0.00859375 0.10390625
2435 0.86484375 0.65859375 0.009375 0.1046875
4268 0.9265625 0.7109375 0.009375 0.0390625
2375 0.85546875 0.6421875 0.00859375 0.0828125
3881 0.84609375 0.64765625 0.00703125 0.02890625
3876 0.83203125 0.625 0.01640625 0.0125
2895 0.83203125 0.66640625 0.01640625 0.01171875
3875 0.81796875 0.64453125 0.00703125 0.02734375
3874 0.8078125 0.6703125 0.00859375 0.04140625
3278 0.796875 0.67109375 0.00859375 0.03125
2290 0.796875 0.6171875 0.01171875 0.065625
2902 0.84140625 0.7296875 0.00703125 0.0265625
3879 0.834375 0.73203125 0.00625 0.02734375
3635 0.8515625 0.75234375 0.00859375 0.01015625
4347 0.81171875 0.74453125 0.009375 0.03125
2891 0.746875 0.67265625 0.009375 0.03984375
3439 0.734375 0.68125 0.009375 0.03125
3666 0.71015625 0.678125 0.009375 0.03125
2249 0.77734375 0.7359375 0.0078125 0.0109375
2249 0.775 0.74765625 0.00703125 0.01171875
3481 0.69609375 0.7109375 0.0109375 0.06484375
3668 0.68203125 0.746875 0.00859375 0.03046875
2890 0.721875 0.75234375 0.009375 0.04140625
2249 0.67109375 0.6875 0.00859375 0.01484375
2884 0.615625 0.703125 0.009375 0.040625
3481 0.58515625 0.7109375 0.01171875 0.0640625
3660 0.5609375 0.73515625 0.00859375 0.03125
2249 0.5578125 0.6875 0.00859375 0.01484375
3239 0.503125 0.70390625 0.00859375 0.03046875
3650 0.465625 0.746875 0.00859375 0.02734375
3481 0.478125 0.7125 0.01171875 0.0640625
2249 0.45390625 0.6890625 0.00859375 0.0140625
3185 0.3984375 0.7015625 0.009375 0.03046875
3439 0.39609375 0.740625 0.00859375 0.03125
3643 0.37265625 0.740625 0.00859375 0.03046875
3481 0.359375 0.71171875 0.01171875 0.0640625
3642 0.34609375 0.74921875 0.00859375 0.03046875
2249 0.3375 0.690625 0.00859375 0.015625
3990 0.2515625 0.71796875 0.00625 0.028125
3989 0.2375 0.7171875 0.00703125 0.02734375
3988 0.225 0.7171875 0.00703125 0.02734375
3987 0.21171875 0.7171875 0.00703125 0.028125
3991 0.1984375 0.7171875 0.00625 0.028125
3284 0.234375 0.77734375 0.00703125 0.021875
3283 0.21953125 0.7765625 0.00703125 0.02109375
3282 0.203125 0.775 0.00703125 0.0203125
3683 0.1609375 0.7140625 0.009375 0.0328125
3481 0.14140625 0.7125 0.01171875 0.06484375
3670 0.128125 0.74453125 0.01015625 0.02109375
2249 0.115625 0.68984375 0.009375 0.01484375
2644 0.07578125 0.653125 0.00859375 0.00703125
2955 0.07109375 0.7359375 0.009375 0.02109375
3112 0.10625 0.74453125 0.01640625 0.01328125
3680 0.08671875 0.7984375 0.009375 0.02109375
3439 0.11015625 0.7984375 0.009375 0.03046875
4252 0.16875 0.8609375 0.01171875 0.0375
4253 0.19453125 0.8609375 0.01171875 0.0390625
4254 0.21875 0.86171875 0.0109375 0.03828125
4255 0.2453125 0.8625 0.0109375 0.0390625
4252 0.25859375 0.8578125 0.00859375 0.02734375
3844 0.2703125 0.82890625 0.0078125 0.02109375
3866 0.28203125 0.80234375 0.00703125 0.02109375
4377 0.30234375 0.8375 0.0375 0.01875
3291 0.31484375 0.80390625 0.00859375 0.02109375
4270 0.3296875 0.85859375 0.00859375 0.03046875
3997 0.33046875 0.81796875 0.00703125 0.02109375
3047 0.340625 0.83515625 0.00703125 0.0203125
4047 0.35 0.83515625 0.00625 0.02109375
3293 0.38203125 0.80234375 0.009375 0.02265625
4378 0.375 0.83828125 0.03828125 0.01953125
4271 0.40078125 0.85703125 0.0078125 0.03046875
4173 0.4 0.81875 0.00703125 0.0203125
3178 0.41171875 0.80703125 0.00703125 0.02109375
4186 0.42109375 0.83515625 0.00625 0.01953125
3294 0.45390625 0.8 0.009375 0.02109375
4379 0.44453125 0.8359375 0.0390625 0.01875
4272 0.471875 0.85703125 0.00859375 0.03046875
3792 0.471875 0.8203125 0.00625 0.02890625
3212 0.4828125 0.81171875 0.00703125 0.01953125
3798 0.49296875 0.80078125 0.00703125 0.02734375
4380 0.5171875 0.8390625 0.0390625 0.01875
3271 0.525 0.803125 0.009375 0.03046875
4273 0.54375 0.85859375 0.009375 0.03046875
3823 0.5421875 0.8203125 0.00625 0.02734375
2854 0.55390625 0.8046875 0.00703125 0.02734375
3838 0.56328125 0.80234375 0.00703125 0.028125
4381 0.58828125 0.83984375 0.03828125 0.01796875
3273 0.5953125 0.8046875 0.009375 0.03125
4274 0.6140625 0.8578125 0.0078125 0.03046875
3852 0.61484375 0.81796875 0.00625 0.0265625
2876 0.6265625 0.8125 0.00703125 0.02734375
3854 0.63671875 0.80703125 0.00703125 0.028125
4382 0.65859375 0.840625 0.0375 0.0171875
3274 0.66875 0.80703125 0.009375 0.03203125
3517 0.6890625 0.7921875 0.009375 0.01953125
3491 0.765625 0.81171875 0.009375 0.02890625
2892 0.7828125 0.7640625 0.00703125 0.028125
2894 0.790625 0.76171875 0.00703125 0.028125
3880 0.8015625 0.7953125 0.00859375 0.0390625
2893 0.78828125 0.8484375 0.01640625 0.0125
2296 0.8453125 0.87578125 0.03828125 0.01875
2436 0.8515625 0.9 0.046875 0.01953125
4267 0.87578125 0.76796875 0.00859375 0.040625
4204 0.9453125 0.80390625 0.0109375 0.065625
2762 0.91640625 0.8875 0.0109375 0.02734375
2249 0.903125 0.86640625 0.0046875 0.01328125
2249 0.903125 0.921875 0.01015625 0.01796875
4276 0.89296875 0.9375 0.009375 0.03125
2291 0.81484375 0.93984375 0.0109375 0.0390625
3290 0.2359375 0.934375 0.00859375 0.021875
3288 0.21015625 0.93515625 0.00859375 0.0203125
3287 0.184375 0.9359375 0.00859375 0.0203125
3280 0.1578125 0.93515625 0.009375 0.021875
1175 0.08671875 0.2109375 0.04921875 0.1390625
2237 0.03359375 0.2625 0.0421875 0.09140625
2238 0.03359375 0.33984375 0.04140625 0.05625
929 0.08125 0.2875 0.01328125 0.01484375
918 0.09609375 0.2875 0.01328125 0.0140625
864 0.11171875 0.27265625 0.00546875 0.01875
498 0.11875 0.2421875 0.0140625 0.03671875
1164 0.11796875 0.275 0.0046875 0.01328125
365 0.13984375 0.22265625 0.0234375 0.05625
752 0.1578125 0.225 0.00859375 0.02421875
830 0.1765625 0.1875 0.01015625 0.01171875
1164 0.165625 0.2453125 0.009375 0.01015625
807 0.16484375 0.28359375 0.01015625 0.0109375
741 0.1765625 0.159375 0.00859375 0.02421875
498 0.19453125 0.18203125 0.0234375 0.05546875
1164 0.2140625 0.2015625 0.00703125 0.01796875
1085 0.18671875 0.24921875 0.00703125 0.01796875
785 0.18359375 0.3 0.00546875 0.01875
774 0.18359375 0.33046875 0.00546875 0.01796875
741 0.15625 0.353125 0.00625 0.01796875
1164 0.15625 0.33046875 0.00546875 0.01875
740 0.196875 0.28828125 0.01015625 0.0125
951 0.21015625 0.27578125 0.0109375 0.0125
852 0.21015625 0.2890625 0.01015625 0.0109375
1067 0.35390625 0.1375 0.003125 0.01328125
1014 0.40078125 0.16015625 0.00390625 0.02109375
1037 0.4109375 0.16328125 0.003125 0.0140625
1057 0.41875 0.159375 0.0046875 0.02109375
1059 0.42734375 0.1625 0.003125 0.01328125
1061 0.43515625 0.16171875 0.0046875 0.02109375
981 0.37734375 0.21875 0.00703125 0.00625
992 0.378125 0.2546875 0.00703125 0.00703125
1071 0.45390625 0.165625 0.00390625 0.0125
1077 0.46484375 0.1796875 0.00703125 0.025
1078 0.4875 0.10078125 0.00703125 0.00625
473 0.48203125 0.11640625 0.0234375 0.0171875
1092 0.503125 0.11484375 0.00390625 0.0140625
1164 0.5015625 0.15 0.003125 0.0140625
1100 0.50859375 0.11484375 0.003125 0.0140625
1110 0.5234375 0.11484375 0.003125 0.01484375
1112 0.528125 0.11484375 0.003125 0.01328125
1117 0.540625 0.11953125 0.0125 0.01015625
1106 0.51640625 0.090625 0.003125 0.0125
1109 0.52265625 0.09140625 0.00390625 0.0140625
749 0.55859375 0.20703125 0.00859375 0.00546875
783 0.68671875 0.13515625 0.00390625 0.0140625
1116 0.8046875 0.2125 0.01015625 0.0125
1110 0.81875 0.21328125 0.01015625 0.01171875
1112 0.80546875 0.22578125 0.0109375 0.01171875
1114 0.8375 0.20234375 0.00703125 0.01875
1104 0.828125 0.25234375 0.00625 0.01796875
491 0.87421875 0.31796875 0.02421875 0.05625
1106 0.85 0.29453125 0.0109375 0.01015625
1108 0.85234375 0.34375 0.00859375 0.02421875
1109 0.84296875 0.34375 0.00859375 0.025
1115 0.8015625 0.3 0.00703125 0.01875
745 0.5515625 0.25078125 0.0078125 0.00625
487 0.5359375 0.3171875 0.02109375 0.08359375
1084 0.48359375 0.26328125 0.01171875 0.00859375
1079 0.46953125 0.3265625 0.00390625 0.02109375
1076 0.4609375 0.325 0.003125 0.0125
1064 0.453125 0.32421875 0.003125 0.0125
1069 0.446875 0.325 0.00390625 0.01328125
1062 0.4359375 0.32421875 0.00390625 0.01328125
1058 0.42265625 0.3234375 0.00390625 0.01328125
1164 0.41484375 0.3328125 0.00625 0.02578125
1028 0.40703125 0.3234375 0.003125 0.01328125
433 0.37890625 0.334375 0.03046875 0.07578125
951 0.103125 0.446875 0.00390625 0.0140625
358 0.07734375 0.48515625 0.01640625 0.06484375
1036 0.134375 0.46171875 0.003125 0.01328125
923 0.32578125 0.446875 0.003125 0.0140625
929 0.33046875 0.446875 0.003125 0.0140625
403 0.29609375 0.4765625 0.01640625 0.06484375
963 0.35390625 0.4421875 0.003125 0.0140625
446 0.41171875 0.48515625 0.0171875 0.0640625
1064 0.4359375 0.4125 0.003125 0.01328125
1065 0.43828125 0.4421875 0.003125 0.01328125
1068 0.44375 0.4421875 0.003125 0.01328125
1075 0.4609375 0.434375 0.003125 0.01484375
744 0.5484375 0.44921875 0.003125 0.01328125
746 0.55390625 0.4484375 0.003125 0.0140625
760 0.578125 0.43984375 0.003125 0.0140625
782 0.66171875 0.4453125 0.003125 0.01328125
784 0.70078125 0.596875 0.0078125 0.00703125
1164 0.675 0.57109375 0.009375 0.03515625
1164 0.6765625 0.61796875 0.00546875 0.021875
1164 0.6328125 0.56953125 0.009375 0.03515625
1164 0.64453125 0.65078125 0.01171875 0.01015625
1164 0.51796875 0.571875 0.0078125 0.03515625
1164 0.5609375 0.571875 0.009375 0.0359375
1164 0.5625 0.61875 0.0046875 0.02109375
1164 0.53125 0.6515625 0.01171875 0.01015625
1164 0.29765625 0.57421875 0.00859375 0.034375
1164 0.340625 0.57421875 0.00859375 0.03515625
1164 0.34296875 0.6203125 0.00546875 0.0203125
1164 0.31171875 0.65390625 0.01171875 0.01015625
1164 0.07578125 0.57265625 0.00859375 0.03515625
1164 0.11875 0.57265625 0.00859375 0.03515625
1164 0.1203125 0.61953125 0.0046875 0.021875
1164 0.08828125 0.653125 0.0125 0.0109375
1164 0.4140625 0.57265625 0.00859375 0.0359375
1164 0.45703125 0.57265625 0.009375 0.034375
1164 0.45859375 0.61953125 0.00546875 0.02109375
1164 0.4265625 0.653125 0.0125 0.01015625
764 0.58515625 0.60546875 0.0078125 0.00625
1086 0.48515625 0.609375 0.00703125 0.00625
972 0.365625 0.60078125 0.0078125 0.0046875
391 0.09140625 0.70625 0.04921875 0.0359375
1002 0.10546875 0.7328125 0.0078125 0.00703125
404 0.3125 0.7078125 0.05 0.03671875
459 0.428125 0.70625 0.04921875 0.0359375
493 0.5328125 0.70546875 0.05 0.03671875
371 0.64609375 0.7046875 0.04921875 0.0359375
373 0.74921875 0.765625 0.0453125 0.053125
374 0.7671875 0.69140625 0.02890625 0.07578125
788 0.7828125 0.74453125 0.00390625 0.01328125
790 0.796875 0.7609375 0.0046875 0.021875
791 0.83203125 0.653125 0.0078125 0.0046875
798 0.840625 0.70859375 0.003125 0.0140625
789 0.78984375 0.83984375 0.00703125 0.00703125
772 0.63203125 0.8265625 0.003125 0.0140625
750 0.55859375 0.82421875 0.003125 0.0140625
1087 0.4875 0.82265625 0.00234375 0.0140625
1053 0.4171875 0.81875 0.003125 0.01328125
940 0.34140625 0.8171875 0.003125 0.01328125
2211 0.140625 0.28203125 0.0078125 0.02421875
2080 0.1671875 0.225 0.00859375 0.02421875
4046 0.16953125 0.21015625 0.00703125 0.00859375
2234 0.17734375 0.22578125 0.0078125 0.0234375
2234 0.18671875 0.22578125 0.00859375 0.02421875
2234 0.16484375 0.27109375 0.01015625 0.0109375
2234 0.165625 0.2578125 0.01015625 0.0109375
1876 0.2296875 0.2265625 0.00859375 0.025
2234 0.2203125 0.2265625 0.0078125 0.02421875
2045 0.340625 0.24921875 0.00390625 0.015625
2041 0.340625 0.26796875 0.003125 0.0125
2157 0.38984375 0.21875 0.0078125 0.00625
2170 0.38984375 0.2265625 0.0078125 0.00625
2161 0.38984375 0.24296875 0.00703125 0.00625
2185 0.390625 0.25078125 0.00703125 0.00625
2183 0.390625 0.25859375 0.0078125 0.00546875
2182 0.390625 0.26640625 0.00703125 0.00625
2202 0.40390625 0.184375 0.003125 0.0125
2206 0.40859375 0.184375 0.003125 0.0140625
2209 0.4125 0.184375 0.003125 0.01328125
2212 0.4171875 0.18359375 0.003125 0.01328125
2216 0.42109375 0.184375 0.003125 0.01328125
2219 0.42578125 0.18359375 0.003125 0.01484375
2226 0.4296875 0.184375 0.003125 0.01484375
2229 0.43515625 0.184375 0.003125 0.0140625
1813 0.45390625 0.1859375 0.00234375 0.01484375
1819 0.4578125 0.1859375 0.00390625 0.01328125
1824 0.46484375 0.13828125 0.003125 0.01328125
1826 0.4671875 0.2171875 0.0078125 0.00546875
1825 0.4671875 0.2234375 0.00703125 0.0046875
1828 0.4671875 0.2515625 0.00703125 0.00703125
1827 0.46796875 0.25859375 0.0078125 0.00625
1081 0.48125 0.2234375 0.00703125 0.00546875
1871 0.55078125 0.20234375 0.003125 0.01328125
1874 0.5578125 0.1984375 0.0078125 0.00625
1885 0.56640625 0.20234375 0.003125 0.0125
2188 0.8375 0.225 0.00859375 0.02421875
2186 0.8375 0.24921875 0.00859375 0.02421875
2187 0.7859375 0.275 0.00859375 0.02421875
2182 0.7953125 0.275 0.00859375 0.02421875
2183 0.83828125 0.3 0.00859375 0.02421875
2185 0.90390625 0.24140625 0.00859375 0.02421875
2170 0.9171875 0.24921875 0.0140625 0.0140625
1927 0.84140625 0.428125 0.003125 0.01328125
1926 0.840625 0.51875 0.00390625 0.01328125
1917 0.78203125 0.47734375 0.00703125 0.00546875
1905 0.67578125 0.4484375 0.003125 0.01328125
1903 0.66953125 0.453125 0.003125 0.0125
1902 0.65078125 0.434375 0.00703125 0.00625
1906 0.67578125 0.48828125 0.00625 0.0234375
1904 0.6734375 0.5140625 0.003125 0.01328125
1900 0.64921875 0.50703125 0.00625 0.025
1901 0.64921875 0.4734375 0.00625 0.025
366 0.62734375 0.48359375 0.01640625 0.06328125
1887 0.57109375 0.43984375 0.003125 0.01328125
1875 0.559375 0.44765625 0.00234375 0.01328125
1886 0.56953125 0.490625 0.00625 0.025
1884 0.56484375 0.51484375 0.003125 0.01328125
1862 0.540625 0.47734375 0.00703125 0.02421875
1861 0.540625 0.5078125 0.00546875 0.02421875
1867 0.5484375 0.42734375 0.0078125 0.00625
490 0.51953125 0.48359375 0.01640625 0.0640625
1821 0.46015625 0.48359375 0.00703125 0.02421875
1816 0.45546875 0.459375 0.003125 0.0125
1815 0.4546875 0.434375 0.003125 0.0140625
2224 0.42890625 0.453125 0.00703125 0.00625
1814 0.4546875 0.51015625 0.003125 0.0125
2223 0.42890625 0.50859375 0.00703125 0.02578125
2221 0.42890625 0.475 0.00625 0.02421875
2072 0.3484375 0.44140625 0.00234375 0.0125
2036 0.340625 0.44140625 0.003125 0.0125
2066 0.346875 0.48671875 0.00703125 0.0234375
2052 0.3421875 0.5125 0.003125 0.01328125
1994 0.31875 0.5078125 0.00625 0.025
2005 0.3171875 0.4765625 0.00625 0.025
2016 0.32890625 0.42578125 0.0078125 0.00703125
2189 0.13203125 0.5140625 0.003125 0.0140625
2080 0.125 0.490625 0.00625 0.025
2156 0.12578125 0.46171875 0.003125 0.0140625
2024 0.10703125 0.446875 0.003125 0.01484375
1921 0.096875 0.4734375 0.00703125 0.025
1806 0.096875 0.50546875 0.00625 0.02421875
2111 0.36640625 0.5921875 0.00703125 0.00625
2123 0.37421875 0.596875 0.00390625 0.02109375
1831 0.4765625 0.60546875 0.003125 0.01328125
1836 0.484375 0.60234375 0.00859375 0.00546875
1839 0.49375 0.60625 0.003125 0.0125
1889 0.57890625 0.60078125 0.003125 0.0125
1892 0.5859375 0.59765625 0.00625 0.00625
1894 0.5921875 0.60078125 0.003125 0.0125
1911 0.69296875 0.5921875 0.003125 0.01484375
1913 0.70078125 0.5890625 0.00703125 0.00625
1914 0.7078125 0.5921875 0.00234375 0.0125
1919 0.8234375 0.64765625 0.003125 0.0125
1920 0.83203125 0.64453125 0.00703125 0.00625
1925 0.83984375 0.6484375 0.003125 0.0140625
2020 0.9 0.59609375 0.003125 0.01328125
2021 0.9109375 0.59609375 0.003125 0.01328125
2023 0.92265625 0.59609375 0.003125 0.01328125
1923 0.834375 0.70859375 0.003125 0.01484375
1918 0.80859375 0.70546875 0.00625 0.02578125
1924 0.83671875 0.784375 0.0625 0.06953125
1898 0.63671875 0.8265625 0.003125 0.01328125
1896 0.61953125 0.82578125 0.003125 0.01328125
1882 0.5640625 0.8234375 0.003125 0.01484375
1866 0.54765625 0.825 0.003125 0.01484375
1838 0.49296875 0.82265625 0.003125 0.0140625
1832 0.47734375 0.8234375 0.003125 0.01328125
2218 0.421875 0.81796875 0.003125 0.01328125
2205 0.40546875 0.81953125 0.003125 0.0125
2081 0.35078125 0.8171875 0.00390625 0.01328125
2033 0.33515625 0.81796875 0.003125 0.01328125
1910 0.2828125 0.8203125 0.003125 0.0140625
1888 0.27578125 0.8296875 0.00234375 0.01328125
2028 0.2578125 0.71796875 0.00703125 0.025
2027 0.24375 0.71796875 0.00703125 0.025
2026 0.23125 0.71875 0.00625 0.025
2029 0.2046875 0.71796875 0.00625 0.025
1345 0.07578125 0.35234375 0.02421875 0.021875
1406 0.12109375 0.32578125 0.05 0.0859375
4467 0.14609375 0.16796875 0.0484375 0.05234375
323 0.1375 0.21484375 0.01171875 0.00703125
65 0.13671875 0.22578125 0.0125 0.01640625
148 0.13671875 0.2390625 0.0125 0.009375
27 0.11875 0.240625 0.00703125 0.015625
215 0.14140625 0.28203125 0.00390625 0.01015625
243 0.1671875 0.22578125 0.00390625 0.009375
264 0.1765625 0.22421875 0.00390625 0.009375
243 0.18671875 0.225 0.003125 0.009375
65 0.19140625 0.18671875 0.01328125 0.0171875
323 0.19296875 0.175 0.01171875 0.00859375
148 0.190625 0.2 0.0125 0.009375
242 0.2296875 0.22578125 0.00390625 0.00859375
1462 0.2046875 0.22578125 0.0203125 0.02265625
281 0.203125 0.225 0.01171875 0.01015625
1180 0.48359375 0.159375 0.02421875 0.059375
100 0.48359375 0.15859375 0.01484375 0.0390625
487 0.5109375 0.22734375 0.0453125 0.05
2249 0.484375 0.24375 0.0078125 0.01328125
71 0.51328125 0.22734375 0.02265625 0.03046875
55 0.48125 0.11484375 0.00703125 0.01171875
241 0.8375 0.22421875 0.00390625 0.00859375
241 0.8375 0.24921875 0.00390625 0.009375
284 0.90390625 0.24140625 0.0046875 0.01171875
198 0.9171875 0.25 0.00546875 0.00859375
314 0.87578125 0.31796875 0.01171875 0.01015625
314 0.82109375 0.3171875 0.01171875 0.009375
241 0.8375 0.30078125 0.00390625 0.01015625
1469 0.8109375 0.27578125 0.0203125 0.021875
281 0.81328125 0.2765625 0.01171875 0.009375
242 0.78515625 0.275 0.003125 0.01171875
263 0.7953125 0.275 0.003125 0.0078125
1797 0.56640625 0.3125 0.02578125 0.07890625
192 0.57265625 0.32109375 0.00625 0.04375
268 0.56640625 0.325 0.00625 0.03671875
119 0.5359375 0.31171875 0.01328125 0.03828125
1847 0.515625 0.31953125 0.01171875 0.046875
246 0.515625 0.31875 0.0046875 0.01484375
1463 0.4953125 0.321875 0.0203125 0.05546875
256 0.4953125 0.32109375 0.0078125 0.02578125
71 0.37734375 0.3375 0.01640625 0.0421875
198 0.16484375 0.27109375 0.00390625 0.0046875
198 0.165625 0.2578125 0.00390625 0.00625
11 0.025 0.2609375 0.0046875 0.071875
322 0.03984375 0.28671875 0.00546875 0.01953125
337 0.040625 0.23125 0.00546875 0.01328125
220 0.0328125 0.22109375 0.00703125 0.00625
12 0.02578125 0.33984375 0.00390625 0.034375
144 0.04140625 0.33984375 0.00546875 0.03515625
233 0.0328125 0.31875 0.00703125 0.0078125
17 0.07578125 0.48046875 0.01171875 0.021875
275 0.096875 0.47265625 0.00390625 0.01171875
17 0.29609375 0.47421875 0.0109375 0.0203125
252 0.3171875 0.4765625 0.003125 0.01015625
217 0.31875 0.50703125 0.00234375 0.01015625
17 0.41171875 0.48203125 0.01171875 0.021875
17 0.51875 0.4796875 0.01171875 0.021875
216 0.54140625 0.5078125 0.00390625 0.01015625
17 0.628125 0.4796875 0.01171875 0.0203125
235 0.64921875 0.5046875 0.00390625 0.01171875
275 0.6765625 0.4875 0.00390625 0.01171875
2241 0.9125 0.65234375 0.04921875 0.07890625
13 0.91484375 0.68203125 0.02890625 0.01328125
338 0.91484375 0.62578125 0.01875 0.01015625
1455 0.6546875 0.56015625 0.0296875 0.0546875
147 0.6546875 0.56015625 0.021875 0.04453125
1455 0.53984375 0.5625 0.03125 0.05546875
1455 0.4359375 0.5625 0.03046875 0.05546875
1455 0.31875 0.56484375 0.03046875 0.0546875
1455 0.096875 0.5625 0.03203125 0.05546875
147 0.09765625 0.5625 0.021875 0.04453125
147 0.3203125 0.56328125 0.021875 0.04375
147 0.43671875 0.56171875 0.021875 0.04375
147 0.54140625 0.56015625 0.02265625 0.04296875
120 0.09140625 0.70703125 0.0234375 0.025
276 0.2046875 0.71796875 0.00390625 0.01015625
198 0.23125 0.71875 0.0046875 0.01015625
198 0.24375 0.71875 0.00390625 0.0078125
198 0.2578125 0.71796875 0.00390625 0.009375
119 0.3140625 0.709375 0.0234375 0.02421875
119 0.43046875 0.7078125 0.0234375 0.025
119 0.53515625 0.7046875 0.02265625 0.025
119 0.65 0.7046875 0.02265625 0.0234375
71 0.76875 0.6890625 0.0171875 0.0390625
70 0.7484375 0.76640625 0.02265625 0.0265625
518 0.13671875 0.2609375 0.01875 0.01875
517 0.16953125 0.3 0.01953125 0.01953125
516 0.16953125 0.3296875 0.01953125 0.01875
507 0.20703125 0.30390625 0.01875 0.01796875
4467 0.2265625 0.1953125 0.01640625 0.02421875
1455 0.20703125 0.25546875 0.0171875 0.02734375
1780 0.17734375 0.25234375 0.009375 0.0234375
1667 0.178125 0.27890625 0.00859375 0.0234375
1780 0.15625 0.2546875 0.00703125 0.01953125
1780 0.15625 0.27421875 0.00703125 0.01796875
691 0.140625 0.35859375 0.0078125 0.0140625
1164 0.14921875 0.3265625 0.0046875 0.01328125
1164 0.14921875 0.34453125 0.0046875 0.0125
1244 0.31875 0.30625 0.03515625 0.06015625
1232 0.31875 0.20859375 0.03515625 0.06328125
1448 0.365625 0.16328125 0.0125 0.0609375
2201 0.4015625 0.3 0.00390625 0.01328125
2204 0.40625 0.30078125 0.003125 0.01484375
2207 0.41015625 0.30078125 0.003125 0.01328125
2210 0.4140625 0.3 0.003125 0.0125
2215 0.41796875 0.30078125 0.003125 0.0125
2217 0.421875 0.3 0.00390625 0.01484375
2220 0.42578125 0.30078125 0.00234375 0.01328125
2225 0.4296875 0.30078125 0.003125 0.01328125
2228 0.43359375 0.3 0.003125 0.0125
2230 0.4375 0.3 0.003125 0.01328125
2232 0.44140625 0.3 0.003125 0.01328125
1809 0.44609375 0.30078125 0.00234375 0.0140625
1810 0.45 0.3 0.003125 0.0140625
1812 0.453125 0.30078125 0.00234375 0.01328125
1817 0.45703125 0.3 0.003125 0.01328125
1822 0.4609375 0.3 0.00234375 0.0140625
1449 0.43203125 0.240625 0.05859375 0.0796875
1289 0.5015625 0.27109375 0.0234375 0.021875
1467 0.54296875 0.153125 0.00625 0.02421875
1421 0.5515625 0.23046875 0.0171875 0.02890625
1306 0.60625 0.24765625 0.028125 0.115625
1489 0.54140625 0.08828125 0.01328125 0.0421875
1295 0.56171875 0.09140625 0.0140625 0.0421875
1306 0.6875 0.11328125 0.01171875 0.01953125
1490 0.6875 0.08359375 0.0140625 0.04140625
1248 0.95703125 0.25078125 0.071875 0.1234375
1735 0.92890625 0.24140625 0.00859375 0.02421875
1113 0.8953125 0.24921875 0.00703125 0.00703125
4438 0.86796875 0.23671875 0.034375 0.0640625
508 0.80859375 0.19765625 0.01953125 0.0171875
1387 0.8078125 0.2453125 0.015625 0.02734375
4464 0.7890625 0.30625 0.015625 0.02578125
4296 0.79375 0.29296875 0.00546875 0.01171875
488 0.82109375 0.3171875 0.0234375 0.0546875
1389 0.853125 0.315625 0.01796875 0.0234375
727 0.9125 0.4984375 0.0609375 0.10078125
1515 0.84140625 0.39140625 0.01171875 0.046875
1513 0.84140625 0.48203125 0.01171875 0.04609375
1315 0.8453125 0.56640625 0.0125 0.021875
1309 0.80625 0.5046875 0.0125 0.0390625
1491 0.80625 0.54609375 0.01484375 0.040625
1309 0.76484375 0.46015625 0.01328125 0.1765625
1681 0.70078125 0.54609375 0.02109375 0.04296875
1510 0.67109375 0.41640625 0.01171875 0.0484375
1424 0.6640625 0.48671875 0.01484375 0.0453125
4447 0.653125 0.41328125 0.0140625 0.02421875
1300 0.6078125 0.49296875 0.01328125 0.04140625
1676 0.58828125 0.546875 0.0203125 0.04140625
1507 0.5671875 0.40625 0.01171875 0.0484375
1422 0.55625 0.49140625 0.01484375 0.04609375
4445 0.54765625 0.409375 0.0125 0.02578125
1288 0.496875 0.49140625 0.0140625 0.04140625
1450 0.4453125 0.4828125 0.0140625 0.046875
1505 0.4453125 0.403125 0.0125 0.04765625
4444 0.4265625 0.434375 0.01328125 0.0265625
1283 0.4171875 0.38828125 0.01171875 0.021875
1281 0.39140625 0.49375 0.01328125 0.04140625
1447 0.33359375 0.4859375 0.01484375 0.046875
4443 0.32734375 0.40625 0.0140625 0.02578125
1520 0.34453125 0.40625 0.01171875 0.04765625
1278 0.27421875 0.4875 0.0140625 0.04296875
1277 0.2296875 0.46796875 0.025 0.02421875
1274 0.07734375 0.42421875 0.0140625 0.0421875
1419 0.11171875 0.4875 0.0140625 0.04609375
1504 0.11875 0.43125 0.01171875 0.04765625
1750 0.14609375 0.5453125 0.02109375 0.04296875
1455 0.09296875 0.61953125 0.04375 0.0546875
710 0.1828125 0.60625 0.01796875 0.02890625
709 0.2171875 0.60703125 0.01796875 0.028125
1455 0.315625 0.62109375 0.04453125 0.0546875
1727 0.3734375 0.54296875 0.02109375 0.04140625
1455 0.43125 0.61953125 0.04375 0.05546875
1665 0.4828125 0.54609375 0.021875 0.0421875
1455 0.5359375 0.61796875 0.04375 0.0546875
1455 0.65 0.6171875 0.04375 0.0546875
1345 0.85234375 0.69609375 0.0125 0.0234375
1496 0.85390625 0.72890625 0.01640625 0.040625
1425 0.82265625 0.7078125 0.01484375 0.04609375
247 0.80859375 0.70546875 0.003125 0.01171875
1303 0.72265625 0.6921875 0.01171875 0.03828125
1305 0.68359375 0.71015625 0.0140625 0.0390625
1297 0.57265625 0.70859375 0.01328125 0.040625
1287 0.465625 0.71171875 0.01328125 0.04140625
1280 0.38359375 0.74296875 0.01328125 0.02421875
1279 0.346875 0.7140625 0.01328125 0.0390625
1355 0.23828125 0.753125 0.01328125 0.025
1354 0.22109375 0.753125 0.01328125 0.025
1353 0.203125 0.753125 0.01328125 0.025
1320 0.171875 0.71953125 0.0125 0.0390625
1307 0.128125 0.71328125 0.01328125 0.0390625
1317 0.09921875 0.7984375 0.0125 0.025
1519 0.29375 0.803125 0.0125 0.04609375
1521 0.3625 0.803125 0.0125 0.04765625
1522 0.43203125 0.8015625 0.01171875 0.0484375
1506 0.503125 0.80625 0.01171875 0.046875
1508 0.5734375 0.8078125 0.01171875 0.046875
1509 0.64765625 0.809375 0.01171875 0.046875
1248 0.703125 0.88203125 0.0390625 0.1734375
1222 0.74375 0.8796875 0.0390625 0.175
1183 0.7890625 0.9171875 0.0453125 0.1234375
2247 0.8546875 0.953125 0.0671875 0.08359375
234 0.8375 0.94765625 0.0109375 0.02734375
202 0.87578125 0.9484375 0.00703125 0.025
1377 0.8453125 0.83671875 0.05546875 0.05859375
726 0.91171875 0.81171875 0.06171875 0.10390625
1793 0.7890625 0.8 0.01484375 0.04375
732 0.64765625 0.8984375 0.05859375 0.10234375
731 0.578125 0.8984375 0.05859375 0.1
730 0.50546875 0.896875 0.05859375 0.1015625
729 0.43359375 0.89609375 0.05859375 0.10078125
728 0.3640625 0.89765625 0.0578125 0.1015625
725 0.2921875 0.896875 0.05859375 0.10078125
1518 0.24609375 0.91640625 0.01171875 0.046875
1517 0.2203125 0.91640625 0.01171875 0.046875
1516 0.19453125 0.9171875 0.01171875 0.04765625
1514 0.16875 0.91640625 0.01171875 0.04765625
1276 0.26171875 0.1265625 0.0140625 0.025
1245 0.31875 0.05546875 0.03515625 0.059375
439 0.40546875 0.0875 0.0453125 0.04921875
71 0.40234375 0.08359375 0.0234375 0.0296875
1066 0.44140625 0.08203125 0.00625 0.02421875
1808 0.44609375 0.04453125 0.003125 0.0140625
1811 0.45234375 0.04453125 0.00390625 0.0140625
1420 0.50546875 0.08671875 0.01171875 0.0234375
1853 0.528125 0.0296875 0.00703125 0.00703125
1852 0.528125 0.0359375 0.0078125 0.00546875
1660 0.4625 0.04453125 0.003125 0.0140625
1658 0.46015625 0.01875 0.00390625 0.0140625
1663 0.47109375 0.02734375 0.00859375 0.00625
1666 0.490625 0.0328125 0.00859375 0.009375
1164 0.49765625 0.025 0.003125 0.0109375
1465 0.51640625 0.11484375 0.00625 0.02421875
1842 0.50546875 0.021875 0.00703125 0.00625
1104 0.5140625 0.02578125 0.003125 0.01171875
1111 0.52421875 0.02265625 0.00625 0.00625
1115 0.534375 0.021875 0.00703125 0.00625
742 0.54375 0.021875 0.00703125 0.00625
1855 0.5359375 0.0328125 0.003125 0.0125
1859 0.53984375 0.03203125 0.003125 0.01171875
1869 0.55 0.03125 0.0078125 0.00625
1868 0.55 0.03828125 0.00703125 0.0046875
1715 0.21875 0.71796875 0.00625 0.0265625
482 0.50546875 0.05703125 0.02421875 0.01796875
699 0.890625 0.3359375 0.00859375 0.01328125
682 0.16328125 0.2015625 0.0078125 0.0140625