725 0.8994636688143025 0.10789705843539583 0.05346134328594587 0.058739800324311545
1164 0.9265710694782324 0.14899934536702678 0.009493174668035209 0.020476141233702005
1164 0.9424182623948362 0.24537946752600534 0.009493174668035209 0.020476141233702005
4266 0.9047642471713295 0.13689876582172203 0.012572722872636888 0.012718188311602718
4419 0.8197352621984443 0.1135373579489285 0.009493174668035209 0.020476141233702005
3307 0.8956977984991894 0.21799876135749513 0.009502265027114732 0.022038641233702094
3308 0.9017387202403583 0.25404535551329654 0.011082945745273775 0.025190914772652385
3036 0.8838926900879333 0.2326379598153676 0.006340903590795932 0.015734094155801338
3021 0.8644159822424108 0.22292204057848836 0.011001132513557365 0.011128414772652384
2700 0.8178323946138057 0.037715197640502976 0.0063227228726368875 0.01260909415580136
2644 0.7756085331774873 0.0432288120888438 0.004760222872636888 0.012581820616851013
2644 0.7005312651253105 0.055200932219227485 0.004760222872636888 0.012581820616851003
2700 0.745098876561629 0.04972822807931217 0.007894313231716587 0.014198867694751705
3659 0.7770255874322134 0.06825608562779414 0.012636355386194254 0.023655688311602717
3685 0.704282979020957 0.08183161606660333 0.012636355386194254 0.023655688311602717
3639 0.6791966206097007 0.09623898944339788 0.01425339754067192 0.033057961850553055
3439 0.6580392380961433 0.1068082966675683 0.014253397540672097 0.033057961850553055
3514 0.6271028554843902 0.052356575888561505 0.012636355386194254 0.023655688311602717
3993 0.5679051174864427 0.02085143140844858 0.01887726502711473 0.022202282467404084
4170 0.6401613916869395 0.09086965096963939 0.009493174668035032 0.02047614123370205
4174 0.6339068465073996 0.09154180681383803 0.009502265027114732 0.02203864123370205
4177 0.6292102561483202 0.09302248619698701 0.009493174668035032 0.02047614123370205
4180 0.6229557109687802 0.09369464204118565 0.009493174668035032 0.02047614123370205
4184 0.6174824157892405 0.09438043465485946 0.009493174668035032 0.02047614123370205
4187 0.6112233254301609 0.0958338404990581 0.009502265027114732 0.02203864123370205
4194 0.605750030250621 0.0965196331127319 0.009493174668035032 0.02047614123370205
4197 0.5994909398915415 0.09797303895693055 0.009493174668035032 0.02047614123370205
3773 0.5932500302506211 0.09630144480112919 0.011092036104353475 0.026753414772652383
3779 0.5869909398915414 0.09775485064532782 0.011092036104353475 0.026753414772652383
3192 0.584488108607648 0.12505769033690234 0.009502265027114732 0.022038641233702007
3135 0.5457983133299125 0.060313351863143815 0.01425339754067192 0.033057961850553055
3191 0.48923924112120537 0.11245650446093158 0.009502265027114732 0.02203864123370205
2249 0.492586954918656 0.07422980153883227 0.009465903590796288 0.01578864123370203
3768 0.47948296692070863 0.04352922645775437 0.011101126463433175 0.028315914772652374
3780 0.46232273799794743 0.038541717529300634 0.01727840359079611 0.015925008928453742
3771 0.47224718384141723 0.07856274553247784 0.011092036104353654 0.026753414772652383
3783 0.46288127420049674 0.0768366042987758 0.011101126463433175 0.028315914772652384
3790 0.44127898497288537 0.029579774753471046 0.01727840359079611 0.015925008928453742
3797 0.44036592476623093 0.05222238798399588 0.017278403590796288 0.01592500892845372
3802 0.41079205425472604 0.032172940743939414 0.01726022287263689 0.012800008928453743
3220 0.43167218081635517 0.069259883519769 0.009493174668034853 0.02047614123370205
4342 0.4378040061483201 0.08968147767557036 0.009502265027114732 0.02203864123370205
3207 0.45802105737798404 0.10644228368192479 0.02198408430895533 0.01913182954530477
3203 0.4400568525575239 0.10534738798399587 0.014144313231716587 0.014307961850553053
2249 0.43527844896672774 0.12089056736714485 0.007876132513557366 0.011073867694751716
3229 0.4099062651253105 0.05012805397446425 0.009493174668035032 0.02047614123370205
3236 0.4005176295866911 0.0523081627407622 0.009493174668035032 0.02047614123370205
3231 0.40966537060970065 0.09153430397446424 0.009493174668035032 0.02047614123370205
3234 0.4034108254301608 0.09220645981866289 0.009493174668035032 0.02047614123370205
2249 0.4027795663549745 0.06641157304918772 0.007876132513557366 0.011073867694751716
3813 0.3918602470731337 0.06309565827653534 0.01726931323171659 0.014362508928453721
3812 0.39414036455957646 0.07407406858496084 0.01726931323171659 0.014362508928453721
3240 0.3834210331774873 0.036383153812308465 0.014126132513557366 0.011182961850553053
2846 0.36856819281840764 0.03768655519228024 0.017260222872636975 0.012800008928453743
3815 0.3832074097391162 0.07310190381230847 0.011092036104353475 0.026753414772652383
3818 0.37772502420049686 0.07535019642598227 0.011101126463433175 0.028315914772652384
3825 0.3582346808163551 0.06797802718910302 0.017278403590796198 0.01592500892845372
3826 0.3559591085094522 0.056218366880677516 0.017278403590796198 0.015925008928453742
3656 0.39710628327568315 0.10147236566286152 0.009493174668035032 0.02047614123370205
3669 0.25331083148028505 0.10677570007943024 0.014253397540672008 0.033057961850553055
2270 0.2172960634281083 0.11942965868357243 0.03452044574527387 0.025600017856907485
2887 0.2590790424490653 0.1896972942352316 0.011101126463433086 0.028315914772652384
2277 0.22333243998973726 0.15625750283937379 0.03451135538619425 0.024037517856907487
2774 0.14842788876007326 0.1385421229697575 0.0110284035907962 0.015815914772652383
2774 0.08664550624651593 0.14840231818121902 0.009456813231716566 0.014226141233702005
2776 0.09996766286237421 0.14160289326229694 0.009465903590796155 0.015788641233702005
2638 0.03739493998973727 0.15301195170428333 0.006322722872636933 0.012609094155801337
3765 0.03095352156821817 0.32010399431795716 0.0047329517953980885 0.007894320616851047
3517 0.019893301720643335 0.34100682954530476 0.00789431323171656 0.014198867694751715
4145 0.03398307279788219 0.3365647913958578 0.01099204215447771 0.009565914772652385
4137 0.046483072797882184 0.3367829797074605 0.01099204215447771 0.009565914772652385
4153 0.058229093875121055 0.3323000312495881 0.0109829517953981 0.008003414772652383
3238 0.06761772941374047 0.33011992248329014 0.0094204517953981 0.007976141233702095
4329 0.08436941305876594 0.2710312946422687 0.011001132513557322 0.011128414772652384
3239 0.11181770218818154 0.25353983157389964 0.0094204517953981 0.007976141233702095
4156 0.11160862392935034 0.28947733157389965 0.007903403590796198 0.015761367694751716
4194 0.09170012402754621 0.3539801623370204 0.011001132513557322 0.011128414772652384
3231 0.11593705474570544 0.3512779021907507 0.0094204517953981 0.007976141233702095
4152 0.12692909690018314 0.342093816963403 0.011001132513557322 0.011128414772652384
3230 0.1386205758229443 0.3469858685055306 0.01099204215447771 0.009565914772652385
4154 0.12465806977282008 0.32955290665497755 0.01099204215447771 0.009565914772652385
3229 0.13326545531143952 0.32735916111920443 0.0078579517953981 0.007948867694751626
3235 0.13586373536566881 0.28365007142762994 0.009420451795398055 0.007976141233702095
3457 0.14046487695441243 0.29857564204448095 0.007903403590796198 0.015761367694751716
3570 0.15048477156821818 0.32219042004765813 0.00786704215447771 0.009511367694751716
3414 0.15093928952219907 0.24406542004765813 0.01418067466803503 0.02055796185055305
3241 0.15470009377692517 0.269133603895034 0.004760222872636932 0.012581820616851046
3237 0.15696657572474843 0.28245576420345947 0.004760222872636976 0.012581820616851046
4155 0.17090181069763377 0.3045762260540126 0.01099204215447771 0.009565914772652385
4151 0.16614613300453665 0.31621315543716155 0.01099204215447771 0.009565914772652385
2534 0.13629098224241085 0.2102125714276299 0.011092036104353475 0.026753414772652383
2559 0.113607461165172 0.21450460511285 0.045503397540671967 0.03360343262955982
2690 0.32756542203575634 0.23620982994904657 0.009456813231716588 0.014226141233702094
2685 0.35807507865161464 0.22971041395857822 0.00946590359079611 0.015788641233702095
3516 0.3615909640920382 0.16257746103647888 0.012618174668035031 0.020530688311602718
3841 0.37219212080609243 0.22058087580913127 0.012672716822512697 0.029905688311602674
3658 0.373386982144215 0.14950076257860642 0.01425339754067192 0.033057961850553055
3831 0.3832023436787293 0.20827179058178363 0.01727840359079611 0.01592500892845372
2853 0.3861546268562166 0.2380138376596843 0.01726931323171659 0.014362508928453721
3242 0.3858778917851354 0.15128145089020914 0.014144313231716587 0.014307961850553053
3566 0.38887562675802073 0.17321099796810982 0.012636355386194254 0.023655688311602717
3828 0.39417165993550796 0.20299395535443604 0.011092036104353475 0.026753414772652383
4343 0.40966030454931374 0.2267041907439394 0.014244307181592397 0.031495461850553054
3237 0.40847959963065766 0.16105191720498907 0.009493174668035032 0.020476141233702005
3235 0.4162557381943392 0.16743828489974077 0.009493174668035032 0.02047614123370205
2273 0.42781995208998574 0.19420533644186833 0.02996021077238851 0.04739319724005649
3565 0.4202438014260557 0.1534439687471166 0.00947499394987581 0.017351141233702006
3225 0.4280381207078966 0.15670533644186832 0.009502265027114732 0.02203864123370205
3217 0.435128458041914 0.14667181736714485 0.009493174668035032 0.02047614123370205
4426 0.443463132808145 0.1913530718313717 0.012627265027114731 0.022093188311602764
3206 0.464388711165172 0.22062751460720129 0.011073855386194254 0.023628414772652383
3785 0.476911437062871 0.21693945291880407 0.01726022287263689 0.012800008928453722
3786 0.47462222921734876 0.20752354261037853 0.01726931323171659 0.014362508928453721
3202 0.47409550927157795 0.16375990584090333 0.009502265027114732 0.022038641233702007
3784 0.47348697609409085 0.1340587690714282 0.011082945745273775 0.025190914772652385
3196 0.4828028887600732 0.14437866030513022 0.009502265027114732 0.02203864123370205
3186 0.5000040242986927 0.14233491923358396 0.009502265027114732 0.02203864123370205
3184 0.5078301598373122 0.14012753692833566 0.009493174668035032 0.02047614123370205
3182 0.5156472050168519 0.13948265462308734 0.009493174668035032 0.020476141233702005
3154 0.5242455001963917 0.13885140908731425 0.009493174668035032 0.02047614123370205
3127 0.5460159610669761 0.15720198863261897 0.009502265027114732 0.022038641233702007
2784 0.547319385833207 0.20176051217156932 0.007867042154477843 0.009511367694751716
4369 0.5662057412194013 0.17865029463897342 0.012627265027114731 0.02209318831160272
4056 0.5920915303488169 0.16113155803165402 0.014244307181592397 0.031495461850553054
3089 0.5808540484991895 0.21250314325900166 0.014144313231716587 0.014307961850553053
3627 0.6210341417851353 0.15538611850223533 0.01258181323171641 0.014280688311602719
3501 0.6467563044511178 0.1659923818949159 0.012618174668035031 0.020530688311602718
4010 0.60584495814011 0.2145020198822071 0.014235216822512697 0.029932961850553053
4123 0.6701710785534188 0.170307734979171 0.014144313231716587 0.014307961850553053
4137 0.6716699460398614 0.18127250851812135 0.014144313231716587 0.014307961850553053
4128 0.6754625665513663 0.2008719423654972 0.014135222872636887 0.012745461850553053
4153 0.6777472292173488 0.21106910267392273 0.014135222872636887 0.012745461850553053
4152 0.6800273467037915 0.2220475129823482 0.014126132513557366 0.011182961850553053
4151 0.6823029190106943 0.23380717329077375 0.014144313231716587 0.014307961850553053
3833 0.7253398467037915 0.22283844561190808 0.010992042154477844 0.009565914772652385
2933 0.762544930914551 0.13988562377724106 0.009429542154477666 0.00953864123370205
4303 0.7702256207078965 0.16267824147199278 0.011001132513557365 0.011128414772652384
3563 0.7441989310127468 0.20441572807931213 0.007867042154477666 0.009511367694751627
3210 0.7558631388582692 0.21399527962143972 0.006304542154477666 0.009484094155801337
2856 0.7866364158874364 0.16218336363097136 0.007903403590796287 0.015761367694751716
2867 0.7935585815784808 0.18105609455624788 0.006340903590796287 0.015734094155801338
2844 0.7588154220357564 0.24373732669934042 0.006286361436318444 0.006359094155801337
3800 0.7681858768562165 0.24468221793304243 0.007903403590796287 0.015761367694751716
3413 0.7641478166495622 0.26727028408566655 0.007903403590796287 0.015761367694751716
2889 0.7704069070086417 0.26581687824146794 0.007894313231716587 0.014198867694751715
3423 0.7914733859314029 0.27087257101729756 0.011001132513557365 0.011128414772652384
3057 0.7377171268562166 0.2441503839235108 0.004751132513557366 0.011019320616851047
2955 0.7391978136245 0.2582401574624612 0.004742042154477666 0.009456820616851047
3766 0.7682585997288536 0.23218221793304245 0.0063045421544778435 0.009484094155801337
3424 0.8221921208060923 0.22843565502682917 0.011001132513557365 0.011128414772652384
2967 0.8479870063447118 0.2265419184195098 0.004760222872636888 0.012581820616851046
3472 0.8695892955723231 0.27379874796481457 0.009493174668035209 0.020476141233702096
2644 0.8639069221339521 0.3104220405784884 0.003143180718159044 0.0031795470779007575
4179 0.8080614431129952 0.23990894317627612 0.0063227228726368875 0.012609094155801337
2911 0.8025245154198981 0.25153223578994993 0.009420451795398322 0.007976141233702005
4312 0.8200887444408551 0.32137713148787883 0.011001132513557365 0.011128414772652384
3422 0.792204638956465 0.2794799577867727 0.010992042154477666 0.009565914772652385
2845 0.8037370365953329 0.3117157593289003 0.00633181323171641 0.014171594155801336
2878 0.7749398709042883 0.29246119885831895 0.006331813231716587 0.014171594155801336
2536 0.757593289620395 0.3195049399298652 0.009538626463433175 0.028288641233702096
2387 0.7724552203385542 0.3166390385498935 0.0298783975406721 0.0333306972400564
2327 0.6588608738311544 0.23417932020651863 0.028670421544777013 0.09424092370110611
3513 0.6694029432111911 0.302338984979171 0.012636355386194254 0.023655688311602762
3635 0.6368767895221991 0.25254749066121385 0.014144313231716587 0.014307961850553053
4006 0.6172046389564649 0.2764253214243346 0.01425339754067192 0.033057961850553055
3100 0.5869040605994379 0.246987237414803 0.01415340359079611 0.015870461850553054
3111 0.6052904462362532 0.3098145198822071 0.01425339754067192 0.033057961850553055
2249 0.5898336178792262 0.28063553449270373 0.009465903590796288 0.015788641233702095
2644 0.5570938407518631 0.26756279017474655 0.007857951795397966 0.007948867694751626
4370 0.5617313437769251 0.2762383607915976 0.009465903590796288 0.015788641233702005
2791 0.5554358919815271 0.2839417666357962 0.007867042154477666 0.009511367694751627
2277 0.9159915969001832 0.35586695413332475 0.022211343285945873 0.05819432954530477
3637 0.8957972715682182 0.33519989812697026 0.012627265027114731 0.022093188311602674
3438 0.8870580758229443 0.3600498936627434 0.01572499394987581 0.01746023538950343
2844 0.9241762807416004 0.4263294585975516 0.012636355386194254 0.023655688311602675
4394 0.9363444826351943 0.4835788969091543 0.01582498789975162 0.03464773538950343
2249 0.924775723560008 0.45759309536702675 0.0063045421544778435 0.009484094155801337
3877 0.8976274162802198 0.4235220584353959 0.00947499394987581 0.017351141233702093
3766 0.9029279946372469 0.452523765821722 0.009465903590795932 0.015788641233702095
3057 0.8853046782822723 0.39283512012379307 0.00947499394987581 0.017351141233702006
3985 0.8752620577707676 0.3731265921206159 0.01259999394987581 0.017405688311602673
3269 0.855885343875121 0.34622317288373666 0.012636355386194254 0.023655688311602675
4122 0.853968319871016 0.40713339934478626 0.00947499394987581 0.017351141233702093
4046 0.8584603771508041 0.4408089699616373 0.00947499394987581 0.017351141233702093
3153 0.8530688952029809 0.42743226257531114 0.00947499394987581 0.017351141233702093
4157 0.8567524314055301 0.46578169642268696 0.009465903590795932 0.015788641233702095
4341 0.8903507265850703 0.4655868275101193 0.01261817466803521 0.020530688311602673
4168 0.8594865459651068 0.5330237435005877 0.012636355386194254 0.023655688311602675
2834 0.8222956181738137 0.4792441785657795 0.017342036104353652 0.02686250892845372
2282 0.8083240217646098 0.4633737167152264 0.022211343285945873 0.05819432954530477
2295 0.7795904885871227 0.4331816562446452 0.02541815651766246 0.07231137662320535
3640 0.7700609524827692 0.4595805150109431 0.01582498789975162 0.03464773538950343
3438 0.7567933380213885 0.4570049399298652 0.01572499394987581 0.017460235389503254
3686 0.7589512565411035 0.35468846346881555 0.012636355386194254 0.023655688311602675
4417 0.8251115459651068 0.5324237256436802 0.014253397540672097 0.03305796185055314
4416 0.7914768893492484 0.5388685945562479 0.01582498789975162 0.03464773538950343
2258 0.7349001573032293 0.4597481103845604 0.023773843285945874 0.05822160308425524
3438 0.7139654885871226 0.43203616760873087 0.01572499394987581 0.01746023538950343
3641 0.7071569523845733 0.39363218668345434 0.01582498789975162 0.03464773538950343
4169 0.727029090850059 0.3353793559203336 0.009502265027114732 0.022038641233702094
4172 0.7207745456705192 0.33605151176453224 0.009502265027114732 0.022038641233702094
4175 0.7145154553114395 0.3375049176087309 0.009493174668035032 0.020476141233702096
4178 0.7090376149523598 0.3389719602224047 0.009493174668035032 0.020476141233702096
4183 0.7035643197728201 0.3396577528360785 0.009493174668035032 0.020476141233702096
4185 0.6980910245932803 0.3403435454497523 0.009502265027114732 0.022038641233702094
4188 0.6926177294137406 0.3410293380634261 0.009502265027114732 0.022038641233702007
4193 0.6871398890546608 0.3424963806770999 0.009502265027114732 0.022038641233702007
4196 0.6808807986955813 0.3439497865212986 0.009502265027114732 0.022038641233702094
4198 0.6754075035160414 0.3446355791349724 0.009502265027114732 0.022038641233702094
4200 0.6699342083365016 0.3453213717486462 0.009493174668035032 0.020476141233702096
3769 0.6644745486955813 0.34366341436232 0.011082945745273775 0.025190914772652385
3770 0.6582200035160415 0.3443355702065186 0.011101126463433175 0.028315914772652384
3772 0.6527467083365016 0.34502136282019247 0.011101126463433175 0.028315914772652384
3777 0.6472688679774221 0.3464884054338663 0.011101126463433175 0.028315914772652384
3782 0.6410097776183423 0.3479418112780649 0.011101126463433175 0.028315914772652384
3011 0.6891200246914762 0.40503729098552543 0.014253397540672097 0.033057961850552965
3755 0.6580472866935286 0.37402307020651865 0.00947499394987581 0.017351141233702006
3976 0.6687984343323965 0.4062452349791711 0.014144313231716587 0.014307961850553141
3027 0.6718098048439012 0.4258310320570716 0.009502265027114732 0.022038641233702094
3036 0.6639927596643614 0.42647591436232 0.009502265027114732 0.022038641233702094
3965 0.6802399283804682 0.4541060365212985 0.009493174668034853 0.020476141233702096
2249 0.7081922115579554 0.4842844602224047 0.006304542154477666 0.009484094155801337
3954 0.6855041453011769 0.48935774390762476 0.009502265027114732 0.022038641233702094
4368 0.6721638079671592 0.49928216882654686 0.012618174668035031 0.020530688311602673
3292 0.6284597806434045 0.3563173729664622 0.012627265027114731 0.022093188311602674
4001 0.6451427657144857 0.44333613189491594 0.009502265027114732 0.022038641233702094
4038 0.6256933289462022 0.4289327126580367 0.009493174668035032 0.020476141233702096
3069 0.6186484434075827 0.43115373173276017 0.009502265027114732 0.022038641233702094
4032 0.6387064133533535 0.4752582877391145 0.009502265027114732 0.022038641233702094
4018 0.649489377249 0.5020117025117669 0.009493174668035032 0.020476141233702096
2271 0.6184030037124332 0.4733412317327601 0.02220225292686635 0.05663182954530477
3646 0.5712785397185908 0.38110313879477475 0.014253397540672097 0.033057961850553055
3145 0.5636796631569618 0.34424802110002306 0.009502265027114732 0.022038641233702094
3183 0.539529090850059 0.33210653124629286 0.009493174668035032 0.020476141233702096
3153 0.5573569402843249 0.3566389269442217 0.009465903590796288 0.015788641233702095
3756 0.5648149162802197 0.41771279463897343 0.00947499394987581 0.017351141233702093
3189 0.5523694584346975 0.40811960632737065 0.009502265027114732 0.022038641233702094
3439 0.5470597897185907 0.3806803989410445 0.014253397540672097 0.033057961850553055
3187 0.5355092113615637 0.3515695973989169 0.009502265027114732 0.022038641233702094
3194 0.5237722806434044 0.3544900458567894 0.009493174668035032 0.020476141233702005
3189 0.5190393288480063 0.36222072523993837 0.009502265027114732 0.022038641233702094
3201 0.5112177384889268 0.36364685754518666 0.009493174668035032 0.020476141233702005
3204 0.5049313770526084 0.3697877633893853 0.009502265027114732 0.022038641233702094
3270 0.5156825246914762 0.4020099281620377 0.014253397540672097 0.03305796185055314
3586 0.5014887353656687 0.2900320795420095 0.007876132513557366 0.011073867694751627
3788 0.489079638956465 0.27418889123040674 0.01727840359079611 0.01592500892845372
3787 0.4913643016224475 0.28438605153883223 0.01726931323171659 0.014362508928453721
3209 0.47806487090428823 0.28727922645775433 0.009493174668035032 0.020476141233702096
2728 0.48153932884800643 0.3615661603051302 0.007857951795398143 0.007948867694751626
3564 0.4877075156162899 0.3757377544609316 0.012627265027114731 0.022093188311602674
3807 0.4642745607958297 0.37454740137667647 0.01585225897699054 0.03933523538950343
3241 0.4540546782822723 0.3853076233734993 0.01425339754067192 0.033057961850552965
3652 0.44134612090428826 0.2866382982924214 0.01425339754067192 0.033057961850553055
2249 0.432734190186129 0.2896132938281945 0.011037493949875809 0.017378414772652385
3228 0.4195438437769251 0.2737564687471166 0.012690897540672097 0.03303068831160268
3757 0.4406643439733169 0.4038257982924214 0.012636355386194254 0.023655688311602675
2849 0.4054313468019872 0.28210475689656356 0.017278403590796288 0.01592500892845372
3839 0.38357907269968633 0.2778166773512588 0.015870439695149674 0.04246023538950343
3272 0.4203882054096354 0.3972212422860669 0.014253397540672097 0.033057961850553055
2700 0.372364316747758 0.3252820125786064 0.006322722872636977 0.012609094155801337
2644 0.3449932956705191 0.32949222564697545 0.004760222872636888 0.012581820616851046
2571 0.28901146126336785 0.2824166282447632 0.08550220452587257 0.1952227711033184
3240 0.17126035900043154 0.37724611282348774 0.0078579517953981 0.007948867694751626
3234 0.13907911807561785 0.40246825527500574 0.007903403590796198 0.015761367694751803
3458 0.13293365720503347 0.3843904111192044 0.011055674668035032 0.020503414772652384
3233 0.11640014217791883 0.40597903896022586 0.007903403590796198 0.015761367694751626
4320 0.08286093433239652 0.3960176578727935 0.011001132513557322 0.011128414772652384
3316 0.12234561514875164 0.4584318831160272 0.02219316256778665 0.05506932954530477
3883 0.143216651351301 0.49708132589185683 0.011101126463433132 0.028315914772652384
3281 0.1521149283804682 0.44488758035608367 0.014253397540671963 0.03305796185055314
3279 0.16418768150372615 0.5185432686676863 0.014253397540671963 0.03305796185055314
3674 0.18575413017586628 0.437661461443516 0.014253397540672008 0.03305796185055314
4269 0.1271962207313376 0.5647773405023534 0.015870439695149674 0.04246023538950343
3482 0.13825189539937263 0.5446557552750058 0.020630662567786652 0.05504205600635448
3882 0.159122931601922 0.5833051980508354 0.011101126463433132 0.028315914772652384
3746 0.055248497858700674 0.5760227577106377 0.01907725292686624 0.05657728246740419
2277 0.17725985324489496 0.5547125937487642 0.02668976502711464 0.022338650162155815
2270 0.1832825942679045 0.5938841879045655 0.02510908430895542 0.019186376623205346
3873 0.21245700986075322 0.548294998375147 0.011101126463433086 0.028315914772652384
4414 0.21129903083979623 0.47873647483619663 0.027107921544777015 0.09421365016215581
3628 0.22954049161218473 0.4321751205341255 0.01572499394987581 0.01746023538950343
3482 0.23724390730322936 0.4510614882288772 0.02511817466803503 0.020748876623205348
3746 0.24182232299427392 0.4698933088457283 0.02668067466803503 0.020776150162155817
3306 0.2424899435057787 0.4894381956152034 0.02198408430895542 0.01913182954530477
3316 0.2486399495559029 0.5067347897710047 0.02668067466803503 0.020776150162155817
3628 0.24695927488786787 0.5270200162320544 0.01572499394987581 0.017460235389503254
3245 0.25545303093799204 0.5443575206962812 0.02668067466803503 0.020776150162155817
3439 0.2561115610904173 0.5654649074657565 0.02198408430895533 0.01913182954530477
2598 0.25678372678146183 0.5842285442352316 0.01416249394987581 0.017432961850553142
3868 0.285780880372258 0.5691081047058129 0.019004530054229286 0.04407728246740419
4346 0.29479733206946024 0.49660185917003974 0.01582498789975162 0.034647735389503255
2270 0.28418708499632644 0.44016094439738734 0.020630662567786652 0.0550420560063543
3275 0.2928217416121847 0.4332796988616142 0.01269089754067192 0.03303068831160268
3861 0.3027280067374953 0.47642572686479145 0.011101126463433175 0.028315914772652384
3859 0.3089870970965749 0.47497232102059284 0.011101126463433175 0.028315914772652384
3862 0.31265245258096497 0.5164467548679686 0.011092036104353475 0.026753414772652383
3860 0.3179257598607532 0.5501359622542948 0.011092036104353475 0.026753414772652383
3758 0.33739844340758285 0.42624449472169895 0.012636355386194254 0.023655688311602675
3858 0.34736834104645065 0.4584530227248761 0.017278403590796198 0.01592500892845372
2886 0.3401961904807166 0.4825490417995996 0.01727840359079611 0.01592500892845372
3857 0.3533547206331417 0.5038746168806776 0.011101126463433175 0.028315914772652384
3856 0.35785586827200955 0.5359876874975285 0.011101126463433175 0.028315914772652384
2729 0.34450644057891244 0.5474746124164506 0.006304542154477666 0.009484094155801514
2873 0.3661228862259905 0.45799905519228024 0.015870439695149674 0.04246023538950343
3663 0.380930274789672 0.4645081538123085 0.01425339754067192 0.03305796185055314
2270 0.39292173556206056 0.41783770535443604 0.02219316256778665 0.05506932954530477
2864 0.39737743140553033 0.4577632759712871 0.011092036104353475 0.026753414772652383
3843 0.40441322658507006 0.45710475689656355 0.011092036104353475 0.026753414772652383
2270 0.40414506099222136 0.5031985068965635 0.02219316256778665 0.05506932954530477
2249 0.3828240520152309 0.541892814120734 0.007876132513557366 0.011073867694751627
3849 0.4109445068356911 0.5431649878218401 0.02509999394987581 0.01762387662320535
4344 0.4143694886853185 0.4916570348997407 0.014253397540672097 0.03305796185055314
3842 0.4220092718628058 0.5214809025944925 0.011101126463433175 0.028315914772652384
3832 0.4246666392510526 0.46761556290291795 0.011101126463433175 0.028315914772652384
3438 0.3893785790443981 0.48965815827653536 0.012581813231716588 0.014280688311602674
3840 0.4288814405789124 0.548947383519769 0.011101126463433175 0.028315914772652384
2850 0.4449882296101322 0.4664076189092724 0.011101126463433175 0.028315914772652384
3824 0.4544950398167867 0.4439150101429744 0.017278403590796288 0.01592500892845372
2848 0.45125186514875165 0.4641729630650738 0.011082945745273775 0.025190914772652385
3820 0.45970471458301754 0.48854171752930065 0.011092036104353475 0.026753414772652383
3819 0.46500529294004467 0.5175434249156268 0.011101126463433175 0.028315914772652384
3233 0.48101663320092836 0.4514099103051302 0.01425339754067192 0.03305796185055314
2249 0.48840643150372615 0.5242025279998819 0.006304542154477666 0.009484094155801514
3651 0.49044617535540613 0.44219855153883236 0.014253397540672097 0.03305796185055314
3438 0.4965280037124332 0.4712138956946337 0.01416249394987581 0.017432961850553142
3795 0.5180939315037261 0.5247207252399384 0.02667158430895533 0.019213650162155815
2270 0.5136427808397962 0.4840139046230874 0.02219316256778665 0.05506932954530477
3200 0.5123529916121847 0.43711163108413703 0.009493174668035032 0.020476141233702096
3775 0.5193933319712644 0.4356718620094136 0.011092036104353475 0.026753414772652383
3776 0.5270603862259905 0.46080822970416524 0.011101126463433175 0.028315914772652384
3781 0.5261246001216369 0.4873570929346901 0.011101126463433175 0.028315914772652384
3774 0.5322200640172834 0.5140286870904914 0.011101126463433175 0.028315914772652384
3193 0.5365671964326449 0.43831562093786725 0.009493174668035032 0.020476141233702096
3190 0.5551535699692118 0.4667679034052714 0.009493174668035032 0.020476141233702096
4371 0.5603450640172835 0.5145196107915975 0.012627265027114731 0.022093188311602674
4192 0.5724819705349459 0.4428491623337251 0.014144313231716587 0.014307961850553141
4189 0.5691842537124332 0.4724821152558244 0.009502265027114732 0.022038641233702094
4191 0.5752569917103806 0.5030599594116258 0.009502265027114732 0.022038641233702094
3157 0.5865853771508042 0.4360633741842781 0.014244307181592397 0.031495461850553144
3644 0.5998802626894235 0.433951449265356 0.014253397540672097 0.03305796185055314
3438 0.6005160669441497 0.4589650860348312 0.012581813231716588 0.014280688311602674
2249 0.5955376754536019 0.5088832654179802 0.007876132513557366 0.011073867694751627
2570 0.8716865641154794 0.5848044318121903 0.03955337939029917 0.08505683847375849
4395 0.7189342688377437 0.5180691249950571 0.01582498789975162 0.03464773538950343
4389 0.7510149949318345 0.6444231193130141 0.025463608313060604 0.08012387662320535
2631 0.7370615792407899 0.6254276574624612 0.022265885440423537 0.06756932954530477
3021 0.7453371666730032 0.6802651619266881 0.014253397540672097 0.03305796185055314
4083 0.6446427959651068 0.5292736318949159 0.014253397540672097 0.03305796185055314
4066 0.6568473592950191 0.5802730702065186 0.009493174668035032 0.020476141233702096
4077 0.6489030490883647 0.6027929525117669 0.014144313231716587 0.014307961850553141
3079 0.6519598713952676 0.6145662495896677 0.014144313231716587 0.014307961850553141
4089 0.6335007628858154 0.5642389671222635 0.009493174668035032 0.020476141233702096
4396 0.6039859797083281 0.534033269882207 0.014253397540672097 0.03305796185055314
4278 0.6316155551384888 0.6196804435833132 0.027044289031219648 0.08327615016215581
2633 0.622117835290914 0.6406105523496113 0.02540906615858276 0.07074887662320535
2644 0.7214138533430908 0.6290611720729578 0.009420451795397966 0.007976141233702095
2644 0.6080235190341353 0.6458338404990581 0.010982951795397966 0.008003414772652383
3791 0.5411087298065239 0.5977860783241935 0.011082945745273954 0.025190914772652385
3211 0.5378110129840111 0.6274190312462927 0.009493174668035032 0.020476141233702096
4397 0.5007700761175318 0.5478582163114847 0.014253397540672097 0.03305796185055314
3796 0.5286450912428424 0.5913178900125908 0.012663626463433175 0.028343188311602673
3799 0.5184933864223822 0.5903593620094136 0.011101126463433175 0.028315914772652384
4390 0.5306115913410382 0.6562025503210163 0.02220225292686635 0.05663182954530477
2632 0.5204280702637994 0.660712772317839 0.02384656615858276 0.07072160308425524
2644 0.5047985250842595 0.6612212869283356 0.009420451795397966 0.007976141233702095
3845 0.4415809075978169 0.6491792086008469 0.011101126463433175 0.028315914772652384
2868 0.43137011544333925 0.6583769305976697 0.017278403590796288 0.01592500892845372
3848 0.4290990883159761 0.6458360202892441 0.017278403590796288 0.01592500892845372
3850 0.42229509729296666 0.6066507893639677 0.011101126463433175 0.028315914772652384
4398 0.38893315144949686 0.5662206582765353 0.01425339754067192 0.03305796185055314
4388 0.4157678413410383 0.6541979452081662 0.025472698672140127 0.08168637662320535
2632 0.4078462570320829 0.6728115775134146 0.02540906615858276 0.07074887662320535
2644 0.3929797811343838 0.6764587288933863 0.010992042154477666 0.009565914772652385
3867 0.32747295580241886 0.6550007402574721 0.011101126463433175 0.028315914772652384
3869 0.31498204616149844 0.6532200519458693 0.017278403590796198 0.01592500892845372
2888 0.31725307328886154 0.6657609622542948 0.017278403590796198 0.01592500892845372
3870 0.3010149949318344 0.6365683400953163 0.011101126463433175 0.028315914772652384
3672 0.25740589549756854 0.6115859310047067 0.014244307181592397 0.031495461850553144
2644 0.24260759729296658 0.6035143323846786 0.007857951795398143 0.007948867694751626
3635 0.20730135636815294 0.6286819277582959 0.011001132513557365 0.011128414772652384
3678 0.1791672660090733 0.6297535040571898 0.014253397540671963 0.03305796185055314
3439 0.15494397082953348 0.6301120142034595 0.014253397540671963 0.03305796185055314
3595 0.08402696195073892 0.7327909549506942 0.022202252926866218 0.05663182954530477
3983 0.10005648292978189 0.6635324403401976 0.011101126463433132 0.028315914772652384
3981 0.11102579918656055 0.6582546051128499 0.011101126463433086 0.028315914772652207
3980 0.12585591364794113 0.6608574537328782 0.011101126463433132 0.028315914772652384
2434 0.15596104928475643 0.7238892877424099 0.02716246369925477 0.10358865016215582
2435 0.16378263964383605 0.7224631554371616 0.02873405405833438 0.10517842370110611
4268 0.11185652528065133 0.7840631286518003 0.015861349336070064 0.040897735389503434
2375 0.17091842877325164 0.7046171363624381 0.02391928903121974 0.08322160308425505
3881 0.1810519528755526 0.7087006643656153 0.011101126463433132 0.028315914772652384
3876 0.19057239862082648 0.6838643055993173 0.017278403590796198 0.01592500892845372
2895 0.19736275410521661 0.7253932865245939 0.017278403590796198 0.01592500892845372
3875 0.20765990467095072 0.7013518145277711 0.011101126463433175 0.028315914772652207
3874 0.22236729928475643 0.7250484131477993 0.015870439695149674 0.04246023538950343
3278 0.23330934446429624 0.7244580779204517 0.014253397540672008 0.03305796185055314
2290 0.22424341667300324 0.6711694366867496 0.02382838544042354 0.06759660308425523
2902 0.1993383445624921 0.7887154468330194 0.011092036104353475 0.026753414772652383
3879 0.20636050420341245 0.7904006777582959 0.011101126463433175 0.02831591477265256
3635 0.19294744399675803 0.812825102677218 0.011001132513557322 0.011128414772652206
4347 0.23052925722847456 0.7994171676120262 0.01425339754067192 0.03305796185055314
2891 0.28256900108015454 0.7182859443973874 0.015870439695149674 0.042460235389503255
3439 0.29659513964383605 0.7247814062479405 0.014253397540672008 0.03305796185055314
3666 0.32007809143923416 0.7173780093321955 0.01425339754067192 0.03305796185055314
2249 0.26342811563973095 0.7851461619299833 0.009447722872636977 0.012663641233702094
2249 0.2672707331261736 0.7961518457773591 0.007894313231716587 0.014198867694751626
3481 0.3394366246167214 0.7474064285690748 0.022265885440423537 0.06756932954530477
3668 0.3587724318965096 0.7813410978059541 0.01425339754067192 0.03305796185055314
2890 0.32042300420341246 0.7923916461016708 0.015870439695149764 0.042460235389503255
2249 0.3599082059006147 0.7204172345754293 0.01259999394987581 0.017405688311602673
2884 0.41690309446429624 0.7276627187471166 0.015870439695149764 0.04246023538950343
3481 0.44892070892567676 0.7305655762955986 0.02381929508134384 0.06603410308425524
3660 0.47615082943718157 0.7505741132272294 0.01425339754067192 0.03305796185055314
2249 0.47174058538910996 0.7028360426103786 0.01259999394987581 0.017405688311602673
3239 0.5279496787732516 0.7108491400125908 0.01425339754067192 0.03305796185055314
3650 0.5722718505144204 0.7475639358726754 0.014235216822512697 0.029932961850553143
3481 0.5544894528755526 0.7152190401747466 0.02381929508134384 0.06603410308425506
2249 0.5741797841594459 0.6882162094116258 0.011028403590796109 0.015815914772652383
3185 0.6311928534412867 0.6923366935833132 0.01425339754067192 0.03305796185055314
3439 0.6395684348233759 0.72998669804754 0.01425339754067192 0.03305796185055314
3643 0.6630286607210749 0.7264895511317953 0.014253397540672097 0.03305796185055314
3481 0.6710184227231274 0.6961571688265469 0.02381929508134384 0.06603410308425506
3642 0.6903496848233759 0.7308730880634261 0.01425339754067192 0.03305796185055314
2249 0.6891326184684013 0.6714708145244759 0.01259999394987581 0.017405688311602673
3990 0.7789036455957644 0.6855390430141204 0.011101126463433175 0.028315914772652384
3989 0.7922076214934635 0.6818646180951983 0.011101126463433175 0.028315914772652384
3988 0.8047167118525429 0.680520306406801 0.011101126463433175 0.028315914772652384
3987 0.8180115973911626 0.6784083814878789 0.01110112646343282 0.028315914772652384
3991 0.8305252329297819 0.6762828197994815 0.011101126463433175 0.028315914772652384
3284 0.805143437848438 0.7414714431762761 0.009502265027114732 0.022038641233702094
3283 0.820009913746137 0.7378242917963043 0.009502265027114732 0.022038641233702094
3282 0.835657639643836 0.7341907771858077 0.009493174668035209 0.020476141233702096
3683 0.8673030702637995 0.6667674979648146 0.01582498789975162 0.03464773538950343
3481 0.8860803413410384 0.6624072804322185 0.023828385440423715 0.06759660308425523
3670 0.9046576245185255 0.6924220628996227 0.012636355386194254 0.023655688311602675
2249 0.9081098774453917 0.6362266099775233 0.01259999394987581 0.017405688311602673
2644 0.9411723623200814 0.5938306042954805 0.010982951795398321 0.008003414772652383
2955 0.959454208827481 0.6746266367628846 0.012636355386194254 0.023655688311602675
3112 0.9265553504162245 0.6888976424449275 0.01727840359079593 0.01592500892845372
3680 0.9543940041052166 0.7386073161460336 0.012636355386194254 0.023655688311602675
3439 0.9317104830279778 0.7428993498312536 0.014253397540672097 0.03305796185055314
4252 0.8844218716898553 0.8131748936627435 0.018977258976990187 0.03938978246740419
4253 0.8586133506126163 0.8174123802700628 0.018986349336070064 0.04095228246740419
4254 0.8351485795353775 0.8216907771858077 0.01741475897699054 0.03936250892845372
4255 0.8093355132785988 0.8267095137931271 0.017423849336070062 0.04092500892845372
4252 0.7952866488172182 0.824120301942574 0.014235216822512697 0.029932961850553143
3844 0.7790303897420319 0.7980526797835955 0.011073855386194254 0.02362841477265256
3866 0.7627650403077659 0.773547557624617 0.009502265027114732 0.022038641233702094
4377 0.7484798265103153 0.8115833457740639 0.040770445745273776 0.025709112012708958
3291 0.7306928836919078 0.7800197000761349 0.012636355386194254 0.023655688311602675
4270 0.7248968807650414 0.8361742426898088 0.01425339754067192 0.03305796185055314
3997 0.7173161849215717 0.796194124995057 0.009502265027114732 0.022038641233702094
3047 0.7101758506126162 0.8148213940697804 0.009493174668035032 0.020476141233702096
4047 0.7015730102535367 0.8162338896055538 0.009502265027114732 0.022038641233702094
3293 0.6642275463578902 0.7890168246707455 0.012636355386194254 0.023655688311602675
4378 0.6773088084581386 0.8236236497518235 0.040770445745273956 0.0257091120127086
4271 0.6545207482514842 0.8458844334370434 0.012690897540672097 0.03303068831160268
4173 0.649270166869395 0.8082889760507171 0.009493174668035032 0.020476141233702096
3178 0.6360480042034125 0.7979009009696394 0.009502265027114732 0.022038641233702094
4186 0.6311877873808998 0.8275065803527883 0.009493174668035032 0.020476141233702096
3294 0.5930747090238727 0.7979321286485052 0.012636355386194254 0.023655688311602675
4379 0.6085042663036608 0.8317986140380086 0.04233294574527378 0.025736385551659424
4272 0.5849167753788472 0.8571707609537533 0.01425339754067192 0.03305796185055314
3792 0.5788758536376785 0.8211241667979519 0.011101126463433175 0.028315914772652207
3212 0.5664167602535366 0.8138747284863493 0.009493174668035032 0.020476141233702096
3798 0.5547480072284745 0.8050764269442217 0.011101126463433175 0.02831591477265256
4380 0.5373196127128648 0.846182668015768 0.04233294574527378 0.02573638555165907
3271 0.5234525554330764 0.8123434561652149 0.01425339754067192 0.03305796185055314
4273 0.5145224621471306 0.8700059517009879 0.01425339754067192 0.03305796185055314
3823 0.5092764259445813 0.8316292443146619 0.011101126463433175 0.028315914772652207
2854 0.495291193996758 0.8181025324641087 0.011101126463433175 0.028315914772652207
3838 0.4851394891762978 0.8171440044609316 0.011101126463433175 0.028315914772652207
4381 0.4669298446606879 0.8582366087630028 0.040770445745273776 0.0257091120127086
3273 0.45462528738089975 0.8244246704514 0.01425339754067192 0.03305796185055314
4274 0.4449275796335733 0.8797297792176979 0.012690897540672097 0.03303068831160268
3852 0.4373423386105637 0.840530911522946 0.011092036104353654 0.026753414772652206
2876 0.42486051932872293 0.8371877232113434 0.011101126463433175 0.028315914772652207
3854 0.4139457452264221 0.8330905584386912 0.011101126463433175 0.028315914772652207
4382 0.3981025766085112 0.8703178230491877 0.040761355386194256 0.024146612012708957
3274 0.38265938379010356 0.8387950876596844 0.014253397540672008 0.03305796185055314
3517 0.3600713114832007 0.8266808713449045 0.012618174668035031 0.02053068831160303
3491 0.2872241639425287 0.8582251517837136 0.014235216822512697 0.029932961850553143
2892 0.26247869399675805 0.8140387751605083 0.011101126463433175 0.028315914772652207
2894 0.2546707391762978 0.8131211574657564 0.011101126463433175 0.028315914772652207
3880 0.24978325127654624 0.8474143368489054 0.015861349336070064 0.040897735389503254
2893 0.27136735978599846 0.8977961663942102 0.017278403590796198 0.01592500892845372
2296 0.21959123634762748 0.9336148896088489 0.040770445745273866 0.0257091120127086
2436 0.21788329060235356 0.9585876160698987 0.05015453610435348 0.027435253246410697
4267 0.1717400645082628 0.8319881599013883 0.015870439695149674 0.042460235389503255
4204 0.10896280855633447 0.8785534683433749 0.022265885440423537 0.06756932954530477
2762 0.15148158578189336 0.956647240664509 0.015797716822512697 0.029960235389503254
2249 0.16099294116808766 0.9333733818982111 0.006322722872636933 0.01260909415580116
2249 0.17083102860030103 0.9882381599013884 0.012618174668035031 0.020530688311602673
4276 0.18251341716398256 0.9929881152591197 0.01416249394987581 0.014023769481760696
2291 0.26068386895938067 0.9858438169634031 0.01737839754067192 0.028312366073193828
3290 0.8300247422995557 0.8966089565689568 0.012636355386194254 0.02365568831160303
3288 0.8558287181972549 0.8931527199616373 0.012627265027114731 0.022093188311603028
3287 0.8816326940949539 0.889696483354318 0.012627265027114731 0.022093188311602674
3280 0.9074457603517325 0.8846777467469986 0.012636355386194254 0.023655688311602675
1175 0.8561949369646751 0.15870953611426147 0.0742829033944048 0.14659435633066598
2237 0.9168915424490652 0.20117945413332472 0.05837610226293606 0.09788412094116258
2238 0.9297319100337038 0.2771925292144026 0.050363614363184796 0.06337275324641087
929 0.8745131449083934 0.23325556858166557 0.01572499394987581 0.01746023538950343
918 0.8596557593697739 0.23534021996163731 0.014153403590796287 0.015870461850553054
864 0.841755187062871 0.22330782426370846 0.009493174668035209 0.020476141233702096
498 0.8294233587058439 0.1941833859521057 0.020539758976990542 0.03941705600635444
1164 0.8362682563447118 0.22633736687738226 0.0063227228726368875 0.012609094155801337
365 0.8052955122966402 0.17813564609837543 0.033157933645025395 0.05994774431795711
752 0.7880761960398615 0.18330438716992167 0.014217036104353476 0.026807961850553053
830 0.7632716387600732 0.14927426054671625 0.01101931323171641 0.014253414772652384
1164 0.7840426810127468 0.20511120332254582 0.011001132513557365 0.011128414772652384
807 0.790855762394836 0.24273393424782236 0.011010222872636888 0.012690914772652384
741 0.7587432200439665 0.12184868992986524 0.014217036104353476 0.026807961850553053
498 0.7445352742986927 0.1466032280793122 0.033157933645025395 0.05994774431795715
1164 0.7287784640920382 0.16898674268980876 0.009493174668035032 0.020476141233702005
1085 0.7636892743968885 0.21178789731619138 0.009493174668035032 0.020476141233702096
785 0.7751171329063408 0.261992448858319 0.009493174668035032 0.020476141233702096
774 0.780413166083828 0.29177540624464515 0.009493174668035032 0.020476141233702005
741 0.8115631721339522 0.30950837702365197 0.009493174668035209 0.020476141233702096
1164 0.8077841871610669 0.2875651931762761 0.009493174668035209 0.020476141233702005
740 0.7603279250608186 0.25235835023829073 0.01101931323171641 0.014253414772652384
951 0.7455432623948359 0.24194300161826252 0.01258181323171641 0.014280688311602674
852 0.7470284943426593 0.25525152515721283 0.011010222872636888 0.012690914772652384
1067 0.5805636778894888 0.12811450648952646 0.004760222872636888 0.012581820616851046
1014 0.5381989158874363 0.1578468709378673 0.0063772650271147315 0.021984094155801336
1037 0.5280153948101974 0.16235709293469008 0.00633181323171641 0.014171594155801336
1057 0.5202165303488169 0.1598769752399384 0.007939765027114732 0.022011367694751715
1059 0.5123813044511178 0.16364685754518668 0.004760222872636888 0.012581820616851046
1061 0.504564259271578 0.16429173985043496 0.007939765027114732 0.022011367694751715
981 0.5707023436787294 0.2115446152558244 0.007857951795397966 0.007948867694751716
992 0.5759620154198981 0.2475775726421506 0.007857951795397966 0.007948867694751716
1071 0.48655460265571976 0.17100934415250607 0.004760222872636888 0.012581820616851046
1077 0.47786994906492364 0.1864843396882792 0.011082945745273775 0.025190914772652385
1078 0.44235969594166563 0.11241954829242137 0.007857951795398143 0.007948867694751716
473 0.45009038270994906 0.1266184159871731 0.02668067466803503 0.020776150162155817
1092 0.4289829971713296 0.1285939732113435 0.00633181323171641 0.014171594155801381
1164 0.43659550927157803 0.1631053409060952 0.006331813231716587 0.014171594155801336
1100 0.4242909519917898 0.12929340259449246 0.006331813231716587 0.014171594155801336
1110 0.40942902127363057 0.13215930397446424 0.00634090359079611 0.015734094155801338
1112 0.4047369760940908 0.13285873335761322 0.004760222872636888 0.012581820616851003
1117 0.3929818646577723 0.13890418181548567 0.014126132513557366 0.011182961850553053
1106 0.41191821701890446 0.10720021428288976 0.004760222872636888 0.012581820616851046
1109 0.40644037665982485 0.10866725689656356 0.006331813231716587 0.014171594155801336
749 0.39011541901069424 0.22870702150706018 0.010982951795398144 0.008003414772652383
783 0.2521159701421624 0.1778558133099551 0.006331813231716587 0.014171594155801336
1116 0.14843191305876596 0.27214950973923263 0.011019313231716588 0.014253414772652384
1110 0.1343512323406067 0.27502904788867955 0.011019313231716543 0.014253414772652384
1112 0.1499171450065892 0.285458033278183 0.012581813231716543 0.014280688311602674
1114 0.11407963895646497 0.2676432418823252 0.009493174668035032 0.020476141233702096
1104 0.13177113300453663 0.31561313758025406 0.009493174668035032 0.020476141233702096
491 0.09775468130733442 0.3876830064928217 0.034720433645025486 0.05997501785690744
1106 0.11744501259122772 0.360680175729701 0.012563632513557322 0.011155688311602675
1108 0.12341321145975956 0.40922676988550233 0.014217036104353476 0.02680796185055314
1109 0.13279730181883923 0.4078279111192044 0.014217036104353476 0.026807961850552963
1115 0.16590069330938698 0.3584006554371616 0.009493174668035032 0.020476141233702096
745 0.40471827449508435 0.2703723701270884 0.009420451795397966 0.007976141233702095
487 0.4309126149523599 0.3341172702892442 0.03644656010845857 0.08812729139585782
1084 0.4734637293155446 0.2723536558409033 0.014126132513557366 0.011182961850553053
1079 0.4981137504909793 0.33294628246410884 0.0063772650271147315 0.021984094155801336
1076 0.5059444312091386 0.32995765015886047 0.004760222872636888 0.012581820616851046
1064 0.5137705667477579 0.32775026785361216 0.004760222872636888 0.012581820616851046
1069 0.520020566747758 0.32785936200941357 0.004760222872636888 0.012581820616851046
1062 0.5309762474659172 0.32492527678206595 0.004760222872636888 0.012581820616851046
1058 0.5434944281840765 0.32201846509366866 0.004760222872636888 0.012581820616851046
1164 0.5528239763886784 0.3299946063273707 0.011082945745273775 0.025190914772652385
1028 0.5591330637226959 0.3199474504831721 0.004760222872636888 0.012581820616851046
433 0.5887887474659171 0.3259343977232285 0.04421360831306061 0.08045115909060954
951 0.8790455879231928 0.3942885259679918 0.00633181323171641 0.014171594155801336
358 0.9108859403825207 0.4276601335164737 0.026953385440423715 0.06765115016215581
1036 0.8508069584346976 0.4133288522668856 0.004760222872636888 0.012581820616851046
923 0.6600728741257421 0.4287514805149442 0.006331813231716587 0.014171594155801515
929 0.6553808289462022 0.42945090989809315 0.006331813231716587 0.014171594155801336
403 0.694306973560008 0.45357024837185167 0.026953385440423538 0.06765115016215581
963 0.6311620789462022 0.4290281700443629 0.006331813231716587 0.014171594155801336
446 0.5816388019170351 0.48051280356742715 0.02850679508134384 0.06611592370110611
1064 0.5453154825369985 0.4119031254020942 0.004760222872636888 0.012581820616851046
1065 0.5482677657144857 0.44164517247999485 0.004760222872636888 0.012581820616851046
1068 0.5427899253554062 0.44311221509366866 0.004760222872636888 0.012581820616851046
1075 0.5248484464326448 0.4381110693957398 0.006340903590796287 0.015734094155801515
744 0.4410819796101322 0.4663394350618965 0.004760222872636888 0.012581820616851046
746 0.43561322961013216 0.46624397767557035 0.006331813231716587 0.014171594155801336
760 0.40985470550783126 0.46188771428288977 0.006331813231716587 0.014171594155801336
782 0.32849107601933597 0.4800007402574721 0.004760222872636888 0.012581820616851046
784 0.31508204011137425 0.6360325519458694 0.009420451795398143 0.007976141233702095
1164 0.33634850693388696 0.606713244721699 0.015834078258831142 0.03621023538950343
1164 0.34311159134103825 0.6529297256469755 0.009502265027114643 0.022038641233702094
1164 0.3778092990883647 0.598060993503883 0.015834078258831142 0.03621023538950343
1164 0.37967580523668476 0.6801331538123085 0.014126132513557366 0.011182961850553142
1164 0.49119054303824045 0.5828508250777826 0.01427157825883114 0.03618296185055314
1164 0.44896213642238225 0.5891456895261233 0.015843168617910842 0.03777273538950325
1164 0.45572067564999375 0.6361434204513999 0.007939765027114732 0.022011367694751628
1164 0.49150363954564014 0.6633332118472578 0.014126132513557366 0.011182961850553142
1164 0.7093683712970718 0.5507179837613551 0.015834078258831142 0.036210235389503256
1164 0.6663587146812133 0.5569992114402207 0.015834078258831142 0.03621023538950343
1164 0.6723405490883647 0.603202055596022 0.009493174668035032 0.020476141233702096
1164 0.7089002178044714 0.631186733761355 0.014126132513557366 0.011182961850553142
1164 0.9275734706331417 0.5138976424449274 0.015834078258831142 0.03621023538950343
1164 0.8853405188377437 0.5209737568932683 0.015834078258831142 0.03621023538950343
1164 0.891322353244895 0.5671766010490696 0.007939765027114732 0.022011367694751628
1164 0.9286587267814618 0.5959561659838778 0.014135222872636887 0.012745461850553141
1164 0.5936388321676561 0.5666684918790299 0.015843168617910842 0.03777273538950325
1164 0.551405880372258 0.5737446063273707 0.015834078258831142 0.036210235389503256
1164 0.5581689647794092 0.6199610872526472 0.009502265027114732 0.022038641233702094
1164 0.5955053383159761 0.6487406521874555 0.014126132513557366 0.011182961850553142
764 0.43077521780447137 0.6263320438281945 0.009420451795398143 0.007976141233702095
1086 0.5300712358566482 0.6147826635515411 0.007857951795398143 0.007948867694751626
972 0.646650202679161 0.5871270422033413 0.007848861436318444 0.0063863676947516265
391 0.9346041997522946 0.6484090101396791 0.056504530054229465 0.04473184740221221
1002 0.9250610281093217 0.6771516189059771 0.009420451795398322 0.007976141233702095
404 0.7171848955957645 0.684461738225582 0.056513620413308985 0.04629434740221221
459 0.602232061286809 0.7012071331127319 0.056504530054229285 0.04473184740221221
493 0.4990070673369331 0.7165945795420094 0.056513620413308985 0.04629434740221221
371 0.3871792330279778 0.7333945215070601 0.056504530054229285 0.04473184740221221
373 0.2960997150739969 0.8099376562479405 0.05347952400410509 0.06186480032431163
374 0.2660354860530399 0.7398745722384088 0.041079517953980904 0.07883411201270896
788 0.25946732348525325 0.7944529780826075 0.004760222872636888 0.012581820616851046
790 0.2484207391762978 0.8130120633099551 0.007939765027114642 0.022011367694751628
791 0.19509627215739336 0.7120711262161683 0.007848861436318444 0.0063863676947516265
798 0.19633151923052714 0.7683483997551187 0.006331813231716587 0.014171594155801515
789 0.2682878115813966 0.8899291193163095 0.007857951795398055 0.007948867694751982
772 0.42164916091746657 0.8519769261334428 0.00633181323171641 0.01417159415580116
750 0.4936105193287229 0.8383877589251585 0.00633181323171641 0.014171594155801515
1087 0.5632235825604395 0.8255389314084486 0.006331813231716587 0.01417159415580116
1053 0.6320690313307755 0.8103327171222634 0.004760222872636888 0.012581820616851046
940 0.7063695945624922 0.7975657102224046 0.004760222872636888 0.012581820616851046
2211 0.8151108738311545 0.23690667410155264 0.012654536104353298 0.026780688311602675
2080 0.7786921056807818 0.18470324593621965 0.014217036104353476 0.026807961850553053
4046 0.7740864189124984 0.17055892531936862 0.007876132513557366 0.011073867694751716
2234 0.7692989249626226 0.1876646047025176 0.012645445745273954 0.02521818831160272
2234 0.759914834603543 0.18906346346881558 0.014217036104353476 0.026807961850553053
2234 0.7893659852674729 0.23020666070887202 0.011010222872636888 0.012690914772652384
2234 0.7863182533196497 0.21687086363097136 0.011010222872636888 0.012690914772652384
1876 0.7176818828081449 0.19613957791715636 0.014217036104353653 0.026807961850553053
2234 0.7270659731672245 0.19474071915085842 0.012654536104353475 0.02678068831160276
2045 0.611972238292535 0.23570486403800844 0.00634090359079611 0.015734094155801338
2041 0.6149881539835796 0.25450941111590913 0.004760222872636888 0.012581820616851046
2157 0.5581887081401099 0.2136701769442217 0.009420451795397966 0.007976141233702095
2170 0.5597057563447118 0.22150995048317207 0.009420451795397966 0.007976141233702095
2161 0.5627353075743758 0.23797074756107275 0.007857951795398143 0.007948867694751626
2185 0.5626898557789778 0.24578324756107275 0.007857951795397966 0.007948867694751626
2183 0.5642114491631194 0.25284177110002304 0.009420451795397966 0.007976141233702095
2182 0.5657284973677215 0.2606815446389734 0.007857951795397966 0.007948867694751716
2202 0.5388392653217022 0.18207925770734246 0.004760222872636888 0.012581820616851046
2206 0.5341472201421624 0.18277868709049144 0.00633181323171641 0.014171594155801336
2209 0.5302364249626226 0.1834917532431156 0.004760222872636888 0.012581820616851046
2212 0.5255489249626226 0.18340993262626457 0.004760222872636888 0.012581820616851003
2216 0.521633584603543 0.18490424877888872 0.004760222872636888 0.012581820616851046
2219 0.516946084603543 0.1848224281620377 0.00634090359079611 0.015734094155801338
2226 0.5130307442444634 0.18631674431466186 0.006340903590796287 0.015734094155801383
2229 0.5083386990649236 0.18701617369781082 0.006331813231716587 0.014171594155801336
1813 0.4895614279876847 0.19137639123040678 0.00634090359079611 0.015734094155801338
1819 0.48565063280814497 0.1920894573830309 0.004760222872636888 0.012581820616851046
1824 0.4710750484009937 0.14573660876300268 0.004760222872636888 0.012581820616851003
1826 0.4823392804470128 0.22406616030513024 0.009420451795397966 0.007976141233702095
1825 0.4830841690106943 0.23032979707460538 0.006286361436318444 0.006359094155801337
1828 0.4876080425472612 0.2585366176914564 0.007857951795398143 0.007948867694751626
1827 0.4883483859314029 0.2655815044609316 0.009420451795398143 0.007976141233702005
1081 0.46900803347207487 0.23242808522405234 0.007857951795397966 0.007948867694751716
1871 0.39718303044701275 0.22257975243233669 0.004760222872636976 0.012581820616851046
1874 0.3893841659856322 0.22009963473758498 0.009420451795398143 0.007976141233702095
1885 0.38153984972885346 0.22543201704283328 0.004760222872636888 0.012581820616851046
2188 0.11785862392935034 0.289586425729701 0.014217036104353476 0.026807961850553053
2186 0.12240522336361628 0.31388699634655204 0.014217036104353476 0.026807961850553053
2187 0.17777852459328028 0.3312614569792891 0.014217036104353476 0.026807961850553053
2182 0.16839443423420067 0.3326603157455871 0.014217036104353476 0.026807961850553053
2183 0.1299268318730685 0.3640233640413037 0.014217036104353476 0.026807961850553053
2185 0.05519499746591722 0.3166204841716874 0.014217036104353497 0.026807961850553053
2170 0.0434171601318997 0.32657218262955984 0.015715903590796176 0.015897735389503433
1927 0.14872176278761945 0.490926783278183 0.004760222872636932 0.012581820616851046
1926 0.16460986232008126 0.5802756554371615 0.004760222872636976 0.012581820616851046
1917 0.2149052989901688 0.5303671586835724 0.007857951795398143 0.007948867694751626
1905 0.3151780097625574 0.4852376651763942 0.004760222872636888 0.012581820616851046
1903 0.3221865338648583 0.48926664610167075 0.004760222872636976 0.012581820616851046
1902 0.33715754889197297 0.467650744721699 0.007857951795398055 0.007948867694751626
1906 0.32198200078556694 0.5244228961016707 0.011073855386194254 0.023628414772652383
1904 0.32808655504029305 0.5495319902574721 0.004760222872636888 0.012581820616851046
1900 0.3508064375538503 0.538989956572252 0.011082945745273864 0.025190914772652385
1901 0.34552858509452233 0.5060819991859258 0.011082945745273954 0.025190914772652385
366 0.36892972365820387 0.5127411022701809 0.026935204722264315 0.06452615016215582
1887 0.41689504586691084 0.46044794520816623 0.004760222872636888 0.012581820616851046
1875 0.4301444796101322 0.46614852028924414 0.004760222872636888 0.012581820616851046
1886 0.42676040437636314 0.5106252232113435 0.011082945745273775 0.025190914772652385
1884 0.43600359416970863 0.5334451144450455 0.004760222872636888 0.012581820616851046
1862 0.4534319886853185 0.4923388733734993 0.011082945745273775 0.025190914772652385
1861 0.458723476683266 0.5229030807598255 0.011082945745273775 0.025190914772652385
1867 0.4373029946372469 0.4443962512145207 0.009420451795397966 0.007976141233702095
490 0.4752888079671592 0.49584570291880403 0.026944295081343838 0.06608865016215582
1821 0.5339461904807166 0.4859309606294418 0.011082945745273775 0.025190914772652385
1816 0.5340870910464506 0.4617122106294418 0.004760222872636888 0.012581820616851046
1815 0.5311075367917246 0.4366576635515411 0.006331813231716587 0.014171594155801336
2224 0.559150723560008 0.45121108725264725 0.007857951795398143 0.007948867694751626
1814 0.5431711995559029 0.5118758518631438 0.004760222872636888 0.012581820616851046
2223 0.5689888109922213 0.5060758652558245 0.011082945745273775 0.025190914772652385
2221 0.5629297085328934 0.47315427110002306 0.011082945745273954 0.025190914772652385
2072 0.6366444644848217 0.42677987743068907 0.004760222872636888 0.012581820616851046
2036 0.6444615096643614 0.4261349951254408 0.004760222872636888 0.012581820616851046
2066 0.6457603892510526 0.4714747686643911 0.011073855386194254 0.023628414772652383
2052 0.6549899435057787 0.49663840989809316 0.004760222872636888 0.012581820616851046
1994 0.6769149404807167 0.48842648944339795 0.011082945745273775 0.025190914772652385
2005 0.673190497662309 0.457108305596022 0.011082945745273775 0.025190914772652385
2016 0.6531597987937771 0.4083162495896676 0.009420451795397966 0.007976141233702095
2189 0.8622257265850701 0.4650959038090132 0.00633181323171641 0.014171594155801515
2080 0.8654916271508043 0.4409317008869139 0.011082945745273775 0.025190914772652385
2156 0.8594052536142375 0.41269760673111244 0.00633181323171641 0.014171594155801515
2024 0.875916042743653 0.39501522889009105 0.006340903590795932 0.015734094155801338
1921 0.8898376421779188 0.4194794407406441 0.011082945745273775 0.025190914772652385
1806 0.8951245849963264 0.4508248981269703 0.011082945745273775 0.025190914772652385
2111 0.6443519044745589 0.5792736318949159 0.007857951795398143 0.007948867694751626
2123 0.6372888382177804 0.5846196509696394 0.0063772650271147315 0.021984094155801513
1831 0.5379155521134268 0.6094502812462927 0.004760222872636888 0.012581820616851046
1836 0.5293308924725064 0.607737776782066 0.010982951795398144 0.008003414772652383
1839 0.5207053262157277 0.613056522317839 0.004760222872636888 0.012581820616851046
1889 0.43627578406125006 0.6209587512145207 0.004760222872636888 0.012581820616851046
1892 0.42847691959986955 0.6184786335197691 0.007857951795397966 0.007948867694751626
1894 0.4229808985226306 0.6230706761334428 0.004760222872636888 0.012581820616851046
1911 0.3221496515476927 0.6299052828711459 0.00634090359079611 0.015734094155801338
1913 0.3143462419067723 0.6282064151763942 0.007857951795398143 0.007948867694751626
1914 0.3080735160090733 0.6320035710205929 0.004760222872636976 0.012581820616851046
1919 0.20294967877325165 0.70517624391092 0.004760222872636888 0.012581820616851046
1920 0.19436501913233126 0.7034637394466932 0.0078579517953981 0.007948867694751626
1925 0.18730195287555257 0.7088097585214166 0.006331813231716587 0.014171594155801336
2020 0.11879284739116247 0.6662034728076016 0.004760222872636932 0.012581820616851046
2021 0.10784625703208284 0.6675750580349493 0.004760222872636976 0.012581820616851046
2023 0.09689512149346342 0.669727893262297 0.004760222872636932 0.012581820616851046
1923 0.20259060958960676 0.7668949939109201 0.006340903590796199 0.015734094155801338
1918 0.227631516205465 0.7603001205341255 0.011082945745273954 0.025190914772652385
1924 0.21309177235378507 0.8420859086835725 0.0738920179539809 0.07940685633066594
1898 0.4169571157379268 0.8526763555165917 0.004760222872636888 0.012581820616851046
1896 0.4341673416356258 0.8490701144450454 0.004760222872636888 0.012581820616851046
1882 0.48814176932872294 0.8382923015388322 0.006340903590796287 0.01573409415580116
1866 0.5045571096878027 0.8370161736978108 0.006340903590796287 0.015734094155801515
1838 0.5585315373808998 0.8262383607915975 0.006331813231716587 0.01417159415580116
1832 0.5733843777399794 0.8249349594116258 0.004760222872636888 0.012581820616851046
2218 0.6273815313307756 0.8102508965054126 0.004760222872636888 0.012581820616851046
2205 0.6437923265103154 0.8097560186643911 0.004760222872636888 0.012581820616851046
2081 0.6977667542034125 0.7989782057581778 0.004760222872636888 0.012581820616851046
2033 0.7126241397420319 0.796893554378206 0.004760222872636888 0.012581820616851046
1910 0.7650087963578902 0.7907759679330424 0.006331813231716587 0.014171594155801336
1888 0.7735525493829523 0.7995197223972692 0.004760222872636888 0.012581820616851046
2028 0.7726491004162245 0.686211198858319 0.011082945745273775 0.025190914772652385
2027 0.7859439859548439 0.6840992739393968 0.011082945745273775 0.025190914772652385
2026 0.7984530763139237 0.6827549622509996 0.011082945745273775 0.025190914772652385
2029 0.8250473925707024 0.6777498624131553 0.011082945745273775 0.025190914772652208
1345 0.8905512353656689 0.2968231907406441 0.028279536104353298 0.027053423701106104
1406 0.8414415696746242 0.2772140742637084 0.06460792154477701 0.09486821509696393
4467 0.7899750393258074 0.125519160708872 0.056604524004105095 0.06191934740221221
323 0.8069034640920382 0.17035041963732578 0.01410795179539832 0.008057961850553052
65 0.8091835815784808 0.18132882994575128 0.01572499394987581 0.017460235389503385
148 0.811454608705844 0.19386974025417678 0.014126132513557366 0.011182961850553053
27 0.8294324490649236 0.19262088595210572 0.00947499394987581 0.01735114123370205
215 0.8143250786516146 0.2376742873320775 0.004742042154477844 0.009456820616851047
243 0.7794688105012421 0.18549813270569482 0.004742042154477844 0.009456820616851002
264 0.7693125605012421 0.18532085470251763 0.004742042154477844 0.009456820616851047
243 0.7599193797830829 0.18828221346881557 0.004742042154477844 0.009456820616851047
65 0.7484142532214537 0.15135891192668802 0.015734084308955332 0.019022735389503387
323 0.745357430914551 0.13958561484878734 0.014126132513557366 0.011182961850553053
148 0.7514665303488168 0.1639134590045887 0.014126132513557366 0.011182961850553053
242 0.7176864279876847 0.19535832791715638 0.004742042154477666 0.009456820616851047
1462 0.7419279038853837 0.19187481777088666 0.023582945745273774 0.025409103084255057
281 0.7434994942444634 0.190339591309837 0.014126132513557366 0.011182961850553053
1180 0.4560903978352595 0.16969626014297445 0.034738614363184796 0.06310001785690748
100 0.45609494301479936 0.16891501014297444 0.022111349336070063 0.04100682954530477
487 0.44082849131759716 0.24131216152294624 0.05346134328594587 0.05873980032431163
2249 0.4696665636245 0.2535354719935275 0.009456813231716588 0.014226141233702094
71 0.4384847413175971 0.2412712512145207 0.02676248789975162 0.034838650162155815
55 0.45088072306902865 0.12506955275664824 0.007894313231716587 0.014198867694751715
241 0.11786316910889014 0.288805175729701 0.00474204215447771 0.009456820616851047
241 0.12240522336361626 0.31388699634655204 0.00474204215447771 0.009456820616851047
284 0.05519499746591723 0.3166204841716874 0.006322722872636933 0.012609094155801337
198 0.0441938649523599 0.32736706939903504 0.007876132513557321 0.011073867694751716
314 0.09619218130733442 0.3876557329538714 0.014126132513557321 0.011182961850553053
314 0.15015751864135193 0.37844042004765815 0.014126132513557321 0.011182961850553053
241 0.1307035366935287 0.3648182508107789 0.004742042154477666 0.009456820616851047
1469 0.15275125351604144 0.33551258035608367 0.023582945745273864 0.025409103084255057
281 0.1503984131569618 0.3370341700476581 0.014126132513557321 0.011182961850553053
242 0.17855977459328026 0.33127509374876424 0.004760222872636932 0.012581820616851046
263 0.16839443423420067 0.3326603157455871 0.004732951795398099 0.007894320616851047
1797 0.4004438649523599 0.3335854362797125 0.03797269867214013 0.0819045649348082
192 0.3956972776183424 0.3436598656628615 0.014317030054229286 0.04399546185055305
268 0.40193364207972293 0.3461127098186629 0.01271816861791084 0.037718188311602674
119 0.4301631812091385 0.328634883519769 0.01897725897699054 0.0393897824674041
1847 0.4512342053114395 0.3329093262955986 0.02059430113146803 0.04879205600635448
246 0.4512387504909793 0.3321280762955986 0.007903403590796287 0.015761367694751626
1463 0.4715557956705192 0.331701382301953 0.030032933645025395 0.059893197240056484
256 0.47156034085005893 0.330920132301953 0.012654536104353475 0.026780688311602675
71 0.590333066747758 0.32908667126217883 0.023692030054229464 0.04415910308425506
198 0.7893659852674729 0.23020666070887202 0.0031522710772389217 0.004742047077900669
198 0.7863182533196497 0.21687086363097136 0.004723861436318444 0.006331820616851047
11 0.9255034731672247 0.19820445859755162 0.017605656517662282 0.07217500892845372
322 0.9151835967037915 0.2261521805943744 0.009493174668035209 0.020476141233702096
337 0.9045642592715779 0.171273765821722 0.00789431323171641 0.014198867694751715
220 0.9108778917851353 0.16044535997752338 0.007857951795398322 0.007948867694751716
12 0.9375489552132436 0.2765476469091543 0.009574987899751619 0.034538641233702094
144 0.9219103196746243 0.278618661519651 0.01269998789975162 0.03459318831160267
233 0.927506334701739 0.2568391189059771 0.007867042154477843 0.009511367694751716
17 0.9116944614597596 0.4229862702859489 0.015761355386194255 0.023710235389503433
275 0.8898421873574586 0.41869819074064407 0.004760222872636888 0.012581820616851046
17 0.6935393590986274 0.4512128616023764 0.01418976502711473 0.022120461850553143
252 0.673190497662309 0.457108305596022 0.004742042154477844 0.009456820616851047
217 0.6769194856602564 0.48764523944339794 0.004742042154477844 0.009456820616851047
17 0.5808757326351943 0.47737416679795197 0.015761355386194255 0.023710235389503433
17 0.4753115338648583 0.49193945291880403 0.015761355386194255 0.023710235389503433
216 0.457942226683266 0.5228894439903502 0.004742042154477844 0.009456820616851047
17 0.3673899495559029 0.5088075787312306 0.015752265027114642 0.02214773538950343
235 0.3508200730924698 0.536646206572252 0.004760222872636888 0.012581820616851046
275 0.3212052959651067 0.5236280093321956 0.004760222872636888 0.012581820616851046
2241 0.11611275410521663 0.7239750624991762 0.06299996974937896 0.08702844155801373
13 0.11906503728270387 0.7537171095770768 0.029787493949875808 0.017705697240056394
338 0.10923149503003031 0.6980710815738996 0.020385222872636933 0.012854556006354479
1455 0.35440361534514336 0.5921831404196278 0.039407933645025484 0.06005683847375849
147 0.35440361534514336 0.5921831404196279 0.02996021077238851 0.047393197240056396
1455 0.46856610929501913 0.5769866087630027 0.040979524004105095 0.061646612012708955
1455 0.5710143984244348 0.5608042755642499 0.040979524004105095 0.061646612012708955
1455 0.6867484827333902 0.544072517446575 0.040970433645025395 0.060084112012708954
1455 0.9049535820694601 0.5072521761301475 0.040979524004104914 0.06164661201270878
147 0.9041723320694602 0.5072385393606723 0.02996021077238851 0.047393197240056396
147 0.68519052791293 0.5432639939076248 0.02996021077238851 0.047393197240056396
147 0.5694564436039745 0.5599957520252996 0.02996021077238851 0.047393197240056396
147 0.4662359948336386 0.5746019484545771 0.02996021077238851 0.047393197240056396
120 0.9345996545727548 0.6491902601396792 0.028288626463433175 0.028615923701106105
276 0.8250473925707024 0.6777498624131553 0.004742042154477844 0.009456820616851047
198 0.7984530763139236 0.6827549622509996 0.006304542154477666 0.009484094155801337
198 0.7867206907753042 0.6848941607088721 0.004732951795398144 0.007894320616851047
198 0.7726491004162246 0.6862111988583189 0.004742042154477666 0.009456820616851047
119 0.715608760057145 0.6867782146866316 0.028288626463433175 0.028615923701106105
119 0.6006559257481895 0.7035236095737816 0.028288626463433175 0.028615923701106282
119 0.49666331733693314 0.716553669233584 0.026726126463433177 0.028588650162155817
119 0.38326843784843795 0.7341075876596843 0.025154536104353475 0.026998876623205346
71 0.2637053715916593 0.7374899119299834 0.023682939695149674 0.04259660308425506
70 0.296876419894457 0.8107325430174155 0.026735216822512696 0.030151150162155815
518 0.8152335936787292 0.21581292410155264 0.02200226502711473 0.02225682954530477
517 0.7891978136245 0.259112910708872 0.022002265027114554 0.02225682954530477
516 0.7944938468019872 0.2888958680951982 0.02200226502711473 0.02225682954530477
507 0.7531966811109427 0.2694231193130142 0.02200226502711473 0.02225682954530477
4467 0.7155199399897373 0.1648486676087309 0.020467036104353475 0.02691705600635439
1455 0.744880187062871 0.22161686484878734 0.022056807181592218 0.03163182954530477
1780 0.7738364340378089 0.21352767531936862 0.014207945745273776 0.025245461850553052
1667 0.7775881479334554 0.2401583591667445 0.014207945745273953 0.025245461850553052
1780 0.7949392743968885 0.21233336809519826 0.009493174668035032 0.020476141233702096
1780 0.7979506449083933 0.2319191651730989 0.009493174668034853 0.020476141233702096
691 0.8279512414157931 0.31291974918263055 0.009465903590795932 0.015788641233702095
1164 0.8140660034178456 0.2822055373320775 0.0063227228726368875 0.012609094155801337
1164 0.81708646428843 0.30022883440997816 0.0063227228726368875 0.012609094155801337
1244 0.6429177112633678 0.28859408481701526 0.044122704722264317 0.06482615909060954
1232 0.6270705183467643 0.19221396265803667 0.04570338544042354 0.06797843262955983
1448 0.5733733466055956 0.15533552556424995 0.023801114363184793 0.0629091030842551
2201 0.5608364642884299 0.2957559740221224 0.004760222872636888 0.012581820616851046
2204 0.5561398739293504 0.2972366534052714 0.00634090359079611 0.015734094155801338
2207 0.5522290787498105 0.2979497195578955 0.004760222872636888 0.012581820616851046
2210 0.5483228287498105 0.2978815357105197 0.004760222872636888 0.012581820616851046
2215 0.5444074883907308 0.2993758518631438 0.004760222872636888 0.012581820616851046
2217 0.5405012383907308 0.29930766801576797 0.006340903590796287 0.015734094155801338
2220 0.5365904432111911 0.30002073416839214 0.004760222872636888 0.012581820616851046
2225 0.5326796480316514 0.30073380032101626 0.004760222872636888 0.012581820616851046
2228 0.5287733980316514 0.30066561647364043 0.004760222872636888 0.012581820616851046
2230 0.5248626028521114 0.30137868262626455 0.004760222872636888 0.012581820616851046
2232 0.5209518076725717 0.3020917487788887 0.004760222872636888 0.012581820616851046
1809 0.5170364673134921 0.30358606493151286 0.006331813231716587 0.014171594155801336
1810 0.5131302173134921 0.303517881084137 0.006331813231716587 0.014171594155801336
1812 0.5100006721339522 0.30424458400623633 0.004760222872636888 0.012581820616851046
1817 0.5060944221339522 0.3041764001588605 0.004760222872636888 0.012581820616851046
1822 0.5021836269544124 0.3048894663114846 0.006331813231716587 0.014171594155801336
1449 0.520520536497137 0.24192186200941354 0.0723931504675381 0.09031708279171564
1289 0.45699384680198724 0.28300478368192483 0.026707945745273777 0.025463650162155814
1467 0.3966926719375605 0.17256611566286154 0.011082945745273954 0.025190914772652385
1421 0.4009256539835796 0.25077293627971253 0.0220568071815924 0.03163182954530477
1306 0.34998986787922615 0.2764490462638265 0.04912836729005097 0.11959547970746058
1489 0.38690912665982485 0.10832633765968432 0.020567030054229284 0.044104556006354434
1295 0.36733697004396654 0.11501666842280507 0.022129530054229286 0.04413182954530477
1306 0.24755573516927706 0.15589899269310406 0.015743174668035032 0.020585235389503388
1490 0.24225515681225002 0.12689728530677785 0.020557939695149675 0.04254205600635443
1248 0.025008569478232497 0.33326251339268065 0.05001713895646499 0.13527502678536124
1735 0.03095352156821818 0.32010399431795716 0.014217036104353497 0.026807961850553053
1113 0.06531488602959874 0.3230477621748646 0.0078579517953981 0.007948867694751626
4438 0.09041487997947453 0.30629663879807 0.045712475799503174 0.06954093262955982
508 0.1422637262904825 0.2579779155834313 0.02199317466803503 0.020694329545304768
1387 0.15058476551809397 0.30500292004765817 0.020485216822512742 0.03004205600635439
4464 0.17994046741168793 0.3625523672877146 0.020467036104353475 0.026917056006354478
4296 0.17298194028432484 0.34992963636243807 0.007894313231716587 0.014198867694751626
488 0.15015751864135193 0.37844042004765815 0.033148843285945875 0.05838524431795715
1389 0.1181035427436529 0.38178756249917617 0.022029536104353476 0.02694432954530477
727 0.09043201893593952 0.5719489123370204 0.07876132513557325 0.11073867694751698
1515 0.14268084104645068 0.4548801891223816 0.02059430113146816 0.0487920560063543
1513 0.15778769057891245 0.544215424511885 0.020594301131468117 0.04879205600635448
1315 0.1674576063681529 0.6279864525150622 0.015761355386194255 0.023710235389503433
1309 0.19597349180857648 0.5612898762161683 0.018986349336070064 0.04095228246740401
1491 0.20276839247250641 0.6020376071414448 0.022120439695149673 0.04256932954530477
1309 0.22908142847866406 0.5110813705341255 0.04477721057599684 0.17732615909060953
1681 0.30677918160192197 0.5858825474816425 0.02996021077238851 0.047393197240056396
1510 0.31458311212368956 0.45319277840691896 0.02060339149054773 0.0503545560063543
1424 0.33293768150372616 0.5214888108743232 0.023710210772388506 0.047284103084255236
4447 0.331806973560008 0.4472427873353727 0.018904536104353477 0.02688978246740419
1300 0.38999165740142516 0.5185780450460105 0.018995439695149673 0.04251478246740401
1676 0.4178257659108774 0.5690689687471167 0.026817030054229286 0.04421365016215582
1507 0.41474673858712263 0.4268132848997407 0.02060339149054773 0.0503545560063543
1422 0.44005074473544264 0.5092945482924214 0.02371930113146803 0.04884660308425506
4445 0.4350637837666625 0.4263865909060952 0.017342036104353652 0.02686250892845372
1288 0.49870812724900004 0.4993798060030592 0.020557939695149584 0.0425420560063543
1450 0.5480268711988758 0.48305142247999483 0.022156801131468208 0.04881932954530477
1505 0.5344188891528567 0.4046809606294418 0.02059430113146803 0.04879205600635448
4444 0.5584785578689634 0.43244745048317207 0.017351126463433175 0.028425008928453722
1283 0.560313768641352 0.3855997240221224 0.015761355386194255 0.023710235389503433
1281 0.6027052808397961 0.4855684963432568 0.018995439695149587 0.042514782467404186
1447 0.6590598199692119 0.468581593745469 0.02371930113146803 0.04884660308425506
4443 0.6517109282822723 0.3887577260507173 0.018904536104353477 0.0268897824674041
1520 0.6345052475641131 0.39158271712226356 0.020594301131468207 0.04879205600635448
1278 0.7177035669441498 0.46101060145610673 0.022138620413308985 0.045694329545304765
1277 0.7584831030485033 0.4351572134688156 0.0298602168225127 0.030205697240056395
1274 0.9010751240275461 0.3681078555132965 0.022129530054229463 0.04413182954530477
1419 0.878023443407583 0.4356811391985166 0.022156801131468028 0.04881932954530477
1504 0.8611495607958297 0.3814748802700628 0.02059430113146803 0.04879205600635448
1750 0.8534410790443981 0.4977583993447864 0.02996021077238851 0.047393197240056396
1455 0.9186933743221338 0.5629663879807006 0.05347952400410492 0.06186480032431163
710 0.8272734887835144 0.5637146359521057 0.02361930718159222 0.031659103084255055
709 0.7936388321676561 0.5701595048646734 0.023619307181592396 0.031659103084255055
1455 0.6989257749860637 0.5997594557581778 0.05347952400410509 0.06186480032431163
1727 0.6290041604264873 0.5313446465054125 0.028379530054229284 0.044240923701106105
1455 0.5847587358566482 0.615737237414803 0.05348861436318479 0.06342730032431163
1665 0.5218456453993726 0.5513514090873143 0.028388620413308984 0.04580342370110611
1455 0.48153374190677234 0.6311246838440805 0.05347952400410509 0.06186480032431163
1455 0.36892465759781695 0.6479109890396562 0.05347952400410509 0.06186480032431163
1345 0.18232810656454465 0.7579466879045655 0.015770445745273864 0.025272735389503254
1496 0.18682925420341248 0.7900597585214166 0.022120439695149673 0.04256932954530477
1425 0.21354174512822616 0.7647421586835724 0.02371930113146812 0.04884660308425506
247 0.227631516205465 0.7603001205341255 0.004760222872636888 0.012581820616851046
1303 0.3098263926688981 0.7336069813290184 0.01897725897699045 0.03938978246740419
1305 0.3511690101553408 0.7452672301112024 0.02054884933607006 0.0409795560063543
1297 0.4606667300029157 0.7260826278377261 0.018995439695149587 0.04251478246740401
1287 0.5662263835937118 0.712298591716874 0.018995439695149587 0.04251478246740401
1280 0.6528496848233758 0.7302185231286179 0.017342036104353475 0.02686250892845372
1279 0.6842996727231274 0.6963889939076248 0.018986349336070064 0.04095228246740419
1355 0.7974672932346322 0.7178975754815244 0.017342036104353475 0.02686250892845372
1354 0.8146729739527914 0.7150725844099781 0.0173420361043533 0.02686250892845372
1353 0.8318786546709507 0.7122475933384319 0.0173420361043533 0.02686250892845372
1320 0.8571013684684013 0.6744027199616374 0.018986349336070064 0.04095228246740401
1307 0.8993706817001179 0.6610766055132965 0.018986349336070064 0.04095228246740419
1317 0.942661618566597 0.7407465146039061 0.0173420361043533 0.02686250892845372
1519 0.7510326547691466 0.7756867560824894 0.020594301131468207 0.0487920560063543
1521 0.6837724318965096 0.7870139939076248 0.02059430113146803 0.0487920560063543
1522 0.6149633445624921 0.7959702081938098 0.020603391490547907 0.05035455600635448
1506 0.5453321006126164 0.8119440357105198 0.02059430113146803 0.0487920560063543
1508 0.4765048325604395 0.8240252499967047 0.02059430113146803 0.0487920560063543
1509 0.40376222414918317 0.837600780435514 0.020594301131468207 0.0487920560063543
1248 0.3603253206565829 0.9138284951287361 0.06978630093507636 0.1723430097425279
1222 0.31968668511796344 0.9158176891223817 0.06975902985783762 0.1683646217552365
1183 0.28198669721821185 0.9498790434244526 0.06623405405833438 0.10024191315109476
2247 0.2239878448570797 0.9813375491064956 0.08148634933607006 0.037324901787008716
234 0.23954012198444277 0.9942602889602259 0.01571590359079611 0.01147942207954813
202 0.20123160090720388 0.9986341432622968 0.010973861436318445 0.002731713475406394
1377 0.21356395014507806 0.8952245454530476 0.06602497579950324 0.06989548863591395
726 0.14332871819725485 0.8807159862002824 0.08034200585373248 0.11389095048646744
1793 0.26226961573792684 0.8499762751605082 0.023701120413308897 0.045721603084255234
732 0.4180969140407246 0.9253598790555422 0.07721700585373252 0.11383640340856686
731 0.48691509173382175 0.9148411647693571 0.0771988251355733 0.11071140340856651
730 0.5580952001450781 0.9012383607915975 0.07720791549465282 0.11227390340856687
729 0.629261673017715 0.889979306813838 0.0771988251355733 0.11071140340856686
728 0.6980753055312723 0.880241842527653 0.0756363251355733 0.1106841298696164
725 0.7684650735834492 0.8681879017804182 0.0771988251355733 0.11071140340856686
1518 0.8176201910698918 0.879984518257354 0.02059430113146803 0.0487920560063543
1517 0.842642916967591 0.8765146448805595 0.02059430113146803 0.0487920560063543
1516 0.8684468928652898 0.8730584082732399 0.02059430113146803 0.0487920560063543
1514 0.8934787091220684 0.8680260348964456 0.02059430113146803 0.0487920560063543
1276 0.6690040091733822 0.10231171144022069 0.018904536104353654 0.0268897824674041
1245 0.6013806928184076 0.04175031249588089 0.0441136143631848 0.06326365909060952
439 0.520643777225559 0.08643947523993839 0.05346134328594587 0.058739800324311565
71 0.5237960483027978 0.08180652231783907 0.02831589754067192 0.0333034237011061
1066 0.4847017320460191 0.08659343384408055 0.011082945745273775 0.025190914772652385
1808 0.47397331030485035 0.05046501907142818 0.006331813231716587 0.014171594155801359
1811 0.46771876512531046 0.051137174915626825 0.00633181323171641 0.014171594155801359
1420 0.42211082845522296 0.10112749228606696 0.015770445745273774 0.025272735389503385
1853 0.3903841054843901 0.048224634737584995 0.007857951795398055 0.007948867694751694
1852 0.39112899404807167 0.05448827150706017 0.009420451795398143 0.00797614123370205
1660 0.4575488795866911 0.05330364691244961 0.006331813231716587 0.014171594155801359
1658 0.45535512051150473 0.0274814866040241 0.00633181323171641 0.014171594155801359
1663 0.4459210331774873 0.03747409537032206 0.010982951795397966 0.008003414772652383
1666 0.4279022862025494 0.04575419967239315 0.011001132513557365 0.011128414772652372
1164 0.41934489763886784 0.039354195208166284 0.004751132513557366 0.011019320616851024
1465 0.4164693616327102 0.13071953489974078 0.011082945745273954 0.025190914772652385
1842 0.41154148799794743 0.037655327513414584 0.007857951795398143 0.007948867694751694
1104 0.4037017169207086 0.04220645981866289 0.004760222872636888 0.012581820616851026
1111 0.39276876210024836 0.041234295046010505 0.007857951795398143 0.007948867694751694
1115 0.38260796692070864 0.04183826704283329 0.007857951795398143 0.007948867694751704
742 0.374005126561629 0.043250762578606425 0.007857951795398143 0.007948867694751694
1855 0.38332558440715125 0.05278940381230847 0.004760222872636888 0.012581820616851026
1859 0.37941933440715125 0.05272121996493262 0.004760222872636888 0.012581820616851003
1869 0.3692585392276115 0.053325191961755405 0.009420451795398143 0.00797614123370205
1868 0.3699988826117532 0.06037007873123057 0.006286361436318444 0.006359094155801381
1715 0.8109712570320827 0.6798481505626023 0.011092036104353298 0.026753414772652383
482 0.41759150009819584 0.07213942166921594 0.028261355386194252 0.023928423701106104
699 0.0843552566392994 0.40776368141174385 0.011019313231716565 0.014253414772652384
682 0.7788284610669761 0.16126574593621965 0.009465903590796288 0.01578864123370205