2729 0.061950596657430156 0.9436672617201923 0.021970088382282336 0.023176684145441228
3106 0.21095770433574437 0.8731416155131051 0.011032588382282337 0.022475777297896116
3104 0.21943305516558134 0.8752548280361765 0.011150987552445368 0.024038277297896114
3102 0.22958930516558135 0.875905670108897 0.011032588382282337 0.022475777297896116
3105 0.22675845786022936 0.975424808757845 0.011032588382282337 0.022475777297896116
3103 0.23582580454088142 0.9697255212809164 0.011032588382282337 0.022475777297896116
3101 0.24291625412596293 0.9693948542543381 0.0112693867226084 0.025600777297896116
2964 0.546966981930146 0.8522817095884105 0.011150987552445457 0.02403827729789576
2954 0.5559751290257167 0.8473636721114819 0.011150987552445457 0.02403827729789576
2947 0.5718718935478637 0.875858911932449 0.012713487552445456 0.02413840684754511
3411 0.8558091856644126 0.8791386104189762 0.02568708423309758 0.031189443244739934
3338 0.897323102056015 0.8182104048357353 0.04341995850815117 0.08052810919158375
140 0.34597408960846027 0.7593270442598755 0.04358497925407558 0.04166586829088228
3493 0.5068094589091364 0.5223450832779637 0.014512785892771518 0.027363536397194466
2908 0.6774682688718247 0.3629269177925452 0.016785680913749525 0.03683866594684382
2927 0.5997334325641347 0.3838518846345531 0.016785680913749525 0.03683866594684382
2916 0.5996276114032918 0.3438078755352545 0.027746491701630304 0.01732720234403846
2909 0.6557717902424489 0.30736853022333144 0.018016294191141213 0.012038925046142523
2910 0.6520906831888347 0.2937868915743834 0.018016294191141213 0.012038925046142523
2928 0.5650274684569061 0.3549363402177941 0.018016294191141213 0.012038925046142523
2930 0.5622343551795146 0.32963595156884606 0.011529495850815152 0.00851340684754529
2249 0.6216326659673952 0.35385350400516963 0.008759693361304244 0.013000647748246585
2249 0.5764986873380196 0.296793173191216 0.010203794191141213 0.011538277297895938
2249 0.5432349788298684 0.3731659060723529 0.008641294191141213 0.011438147748246585
2940 0.5310426321492162 0.37866493444998295 0.011032588382282427 0.02247577729789594
2952 0.5174178400326674 0.39270764805278835 0.012713487552445456 0.024138406847545292
2963 0.5093685416923414 0.3953320003045418 0.011032588382282427 0.02247577729789594
2644 0.5195373697016616 0.35437633327796375 0.004924298340326061 0.003425388648947969
2756 0.49898807136133555 0.35619964913252256 0.006605197510489091 0.005088018198597233
2769 0.48955387177625403 0.35638012183462664 0.006605197510489091 0.005088018198597233
2784 0.480841722606091 0.3573919093115554 0.004924298340326061 0.003425388648947969
2955 0.4821907350536456 0.38102966841085406 0.008759693361304244 0.013000647748246585
3032 0.47325252032171716 0.4471855945367308 0.01666728174358667 0.03527616594684382
2655 0.472011174265765 0.35996619678848407 0.008404495850815152 0.008313147748246586
2671 0.462517775095602 0.36092791949058817 0.0067235966806521216 0.006650518198597233
2682 0.453024375925439 0.36188964219269226 0.0067235966806521216 0.006650518198597322
3961 0.47263813629840107 0.3827726411129581 0.011150987552445457 0.024038277297895937
3023 0.4661629933520155 0.3957034376891855 0.011032588382282427 0.02247577729789594
3027 0.45036039459677096 0.3970458921926922 0.010677390871793336 0.01778827729789594
2249 0.4587765458415264 0.39994035471576356 0.008641294191141213 0.011438147748246585
2690 0.4411280271701944 0.3634824205703223 0.008404495850815152 0.008313147748246586
3962 0.435564188787912 0.385107096696199 0.018016294191141213 0.012038925046142523
2249 0.4224246487459558 0.40310612507382915 0.008641294191141213 0.011438147748246585
2693 0.4309125775851129 0.3636128284976018 0.008404495850815152 0.008313147748246586
2706 0.42225962800003136 0.3638433659745305 0.008404495850815152 0.008313147748246586
2714 0.41276622882986835 0.3648050886766346 0.008404495850815152 0.008313147748246586
2718 0.4048353296597053 0.36586694092838795 0.0067235966806521216 0.006650518198597233
2721 0.4001478296597053 0.36556655227944 0.008404495850815152 0.008313147748246586
3970 0.4177846929370969 0.3918181716500565 0.018134693361304244 0.013601425046142524
3975 0.40149684210725994 0.3892043113787387 0.018016294191141213 0.012038925046142523
3964 0.42209368463872715 0.37639343074935516 0.018134693361304244 0.013601425046142524
3974 0.4070131362984011 0.3785672000276866 0.018016294191141213 0.012038925046142523
3977 0.39048848712823814 0.37907833975636873 0.018016294191141213 0.012038925046142523
3817 0.38190639252217845 0.3887339420081221 0.018016294191141213 0.012038925046142523
3066 0.3955419174172877 0.43671036705426475 0.016785680913749525 0.03683866594684382
2249 0.38471116119351045 0.42424064543189477 0.010322193361304244 0.013100777297895938
3081 0.3582796383729936 0.37936943398855766 0.018016294191141213 0.012038925046142523
3082 0.3571790796597053 0.36281298966408365 0.018016294191141213 0.012038925046142523
2661 0.3673945292447868 0.3626825817368043 0.008641294191141213 0.011438147748246585
2843 0.3686726867133196 0.3768952760612782 0.008404495850815152 0.008313147748246586
3085 0.33007120538465157 0.40974854641934383 0.016785680913749525 0.03683866594684382
3098 0.2919218551795145 0.31231353947951357 0.018016294191141213 0.012038925046142523
3097 0.3125303531049221 0.3097089736249547 0.018016294191141213 0.012038925046142523
3092 0.3354826010303296 0.3072546020948699 0.018016294191141213 0.012038925046142523
3084 0.35551075849886243 0.3226688510151357 0.018134693361304154 0.013601425046142524
3978 0.3692889159673952 0.33768258173680427 0.018016294191141213 0.012038925046142523
3078 0.3435677881678565 0.28343637029346713 0.018016294191141213 0.012038925046142523
3076 0.3413899815291607 0.2707361111941685 0.019815592531467273 0.015264054595791877
3074 0.34017102364570945 0.25574216686969453 0.018134693361304244 0.013601425046142524
3075 0.35769041036831783 0.23174346236618773 0.018016294191141213 0.012038925046142523
3091 0.3244751686666875 0.24531580659837665 0.018016294191141213 0.012038925046142523
3067 0.4063036638928027 0.3361293761535633 0.007315592531467274 0.014463018198597322
3061 0.41898126264804725 0.3345866625507579 0.007197193361304244 0.012900518198597232
3053 0.4315996618182103 0.3338251989479525 0.007197193361304244 0.012900518198597232
3016 0.45252746845690617 0.34772701264304295 0.007197193361304244 0.012900518198597232
3017 0.45040886140329184 0.3342455035437443 0.007197193361304244 0.012900518198597232
3019 0.45733336762706917 0.3464649012919909 0.007197193361304244 0.012900518198597232
3011 0.45575921223312876 0.3361584569675169 0.006960395020978183 0.009775518198597233
3045 0.43206160310492214 0.3173688841731278 0.011529495850815152 0.00851340684754529
2966 0.49991195393475907 0.3232870195828733 0.011529495850815152 0.00851340684754529
2960 0.5095479856783456 0.2893626025562952 0.011529495850815152 0.00851340684754529
2843 0.4954971410722859 0.298667751384276 0.004924298340326061 0.003425388648947969
3971 0.5460765589137809 0.3356659060723529 0.007197193361304244 0.012900518198597232
3909 0.5512260002004927 0.3195099799464762 0.007197193361304244 0.012900518198597232
3914 0.5450235443916338 0.30812189697305425 0.007197193361304244 0.012900518198597232
3915 0.5361813406573674 0.30048986967515834 0.007197193361304244 0.012900518198597232
3904 0.5585891369231011 0.2948604333702488 0.007315592531467274 0.014463018198597234
3910 0.5469771306993237 0.2823406469730543 0.007197193361304244 0.012900518198597232
3916 0.5415675802844053 0.2812089435492816 0.007197193361304244 0.012900518198597232
3925 0.5369276244755464 0.26992099012550896 0.007197193361304244 0.012900518198597232
3906 0.5511085236457094 0.2692596560723529 0.007197193361304244 0.012900518198597232
3913 0.5424439186666875 0.25928387877445697 0.007197193361304244 0.012900518198597232
3922 0.5360046645175027 0.251020795801035 0.005634693361304244 0.01280038864894797
2945 0.5175623178368506 0.2561193059800678 0.011529495850815152 0.00851340684754529
2975 0.5128631624429103 0.2456126025562952 0.011529495850815152 0.00851340684754529
2996 0.5034289628578288 0.24579307525839927 0.011529495850815152 0.00851340684754529
3012 0.4923730636876657 0.24665466841085407 0.011529495850815152 0.00851340684754529
3055 0.38398022323079095 0.25776454425987555 0.011529495850815152 0.00851340684754529
3043 0.3953321203263615 0.25299670110742073 0.011529495850815063 0.00851340684754529
3025 0.405310771571117 0.25599129318014135 0.011529495850815152 0.00851340684754529
3036 0.4227467253053834 0.26417403300110853 0.009966995850815152 0.008413277297895937
3027 0.43678499190212283 0.2964753932724264 0.008641294191141213 0.011438147748246585
3047 0.42426168111424223 0.2752617273255825 0.008404495850815152 0.008313147748246586
2791 0.5670877985408187 0.3173862754429694 0.005042697510489092 0.004987888648947969
2833 0.5668393448065523 0.3103049606681448 0.0067235966806521216 0.006650518198597233
2843 0.5650283910722859 0.30312351634367074 0.004924298340326061 0.0034253886489478804
3267 0.565501987752938 0.29687351634367076 0.006605197510489091 0.005088018198597233
3326 0.5644722840186717 0.28974213679402144 0.005042697510489092 0.004987888648947969
3358 0.5649458806993237 0.2834921367940214 0.005042697510489092 0.004987888648947969
3438 0.5636793786247313 0.27948575724437213 0.005042697510489092 0.004987888648947969
3446 0.5634309248904649 0.2724044424695474 0.004924298340326061 0.003425388648947969
3488 0.5622828219860355 0.26683556291989813 0.006605197510489091 0.0050880181985973215
3554 0.5618567694965245 0.26209799814507345 0.005042697510489092 0.004987888648947969
3559 0.5616083157622581 0.25501668337024885 0.005042697510489092 0.004987888648947969
3586 0.5612414628578287 0.24949786859542417 0.005042697510489092 0.004987888648947969
3912 0.5475341603683178 0.24390920264858024 0.007197193361304244 0.012900518198597232
3917 0.5388103558042145 0.2347146753506843 0.007197193361304244 0.012900518198597232
3920 0.5332115512401111 0.22572040715208708 0.007197193361304244 0.012900518198597232
3627 0.5601525595384809 0.24314773904577486 0.005042697510489092 0.004987888648947969
3635 0.5597857066340515 0.23762892427095017 0.006605197510489091 0.0050880181985973215
3765 0.559418853729622 0.23211010949612548 0.004924298340326061 0.003425388648947969
4284 0.5591112004102741 0.22581004472130087 0.005042697510489092 0.004987888648947969
4340 0.5587443475058447 0.22029122994647618 0.005042697510489092 0.004987888648947969
4384 0.5583774946014153 0.21477241517165152 0.006605197510489091 0.005088018198597233
2926 0.5690423074638884 0.23979220156884606 0.011529495850815152 0.00851340684754529
2920 0.5801331728158725 0.26954955274086534 0.018016294191141213 0.012038925046142523
2914 0.6157154753053834 0.27654003238279967 0.018016294191141213 0.012038925046142523
2918 0.5926098620279918 0.24993795958841059 0.018016294191141213 0.012038925046142523
2917 0.5890238433566598 0.21438119138981332 0.018016294191141213 0.012038925046142523
2913 0.6109580429417413 0.2150017550849038 0.018016294191141213 0.012038925046142523
2843 0.5843130325687792 0.19366817319121601 0.006960395020978183 0.009775518198597278
2784 0.5953689317389421 0.19280658003876125 0.006960395020978183 0.009775518198597278
2923 0.5878407742704093 0.17819336751568998 0.018016294191141213 0.012038925046142523
2924 0.5780280663869581 0.16264871066814474 0.018016294191141213 0.012038925046142523
2925 0.5772351609930177 0.15239233111849543 0.019697193361304245 0.013701554595791875
2919 0.5780406443962782 0.12104220156884611 0.011032588382282427 0.02247577729789594
4402 0.5572885912820673 0.20842228562200224 0.0067235966806521216 0.006650518198597233
4421 0.557040137547801 0.20134097084717756 0.006605197510489091 0.005088018198597233
2809 0.5582357846433716 0.1959222856220022 0.006841995850815153 0.008213018198597322
2808 0.5555843813240237 0.18947202652270356 0.0067235966806521216 0.006650518198597277
2810 0.5568392280046758 0.18327209129752825 0.0067235966806521216 0.006650518198597277
2813 0.5540694255151648 0.1783843321982296 0.005161096680652122 0.006550388648947969
2817 0.5561055221958169 0.1722344617478789 0.0067235966806521216 0.006650518198597277
2818 0.553454118876469 0.16578420264858026 0.0067235966806521216 0.006650518198597277
2932 0.5493819255151647 0.17808394354928164 0.007197193361304244 0.012900518198597322
3905 0.5481387342284532 0.1944901935492816 0.007197193361304244 0.012900518198597277
3908 0.5434036900373119 0.20517736967515834 0.007197193361304244 0.012900518198597232
3919 0.5336142929417413 0.2100453423772624 0.007197193361304244 0.012900518198597232
3918 0.5357571333986162 0.19212665715208704 0.007197193361304244 0.012900518198597277
3907 0.5398885263450017 0.17904566625138568 0.007197193361304244 0.012900518198597277
3923 0.5296730767599203 0.1791760741786651 0.007197193361304244 0.012900518198597277
2934 0.534041268046632 0.16297008327796375 0.013091995850815153 0.008613536397194555
3924 0.5296973101631808 0.1477758798541911 0.011529495850815152 0.008513406847545247
2961 0.5041043916969858 0.20579913093392532 0.011529495850815152 0.00851340684754529
2953 0.5053475829836976 0.1893928809339253 0.007315592531467274 0.014463018198597277
2988 0.46608417344057235 0.16882076264304297 0.007197193361304244 0.012900518198597322
3010 0.45009232053614295 0.16230065237172506 0.008878092531467274 0.014563147748246585
3020 0.4420663329836977 0.1853376341731278 0.008878092531467274 0.014563147748246585
3022 0.44156942551516476 0.17117500462347848 0.007197193361304244 0.012900518198597322
3021 0.43951001804663203 0.15691224552417982 0.006960395020978183 0.009775518198597321
3028 0.4343246879627195 0.19426205119970585 0.011529495850815152 0.008513406847545247
3026 0.42792132261073534 0.16480508867663457 0.007197193361304244 0.012900518198597322
3049 0.41735067551516475 0.169622996603914 0.007197193361304244 0.012900518198597322
3046 0.416735368876469 0.15702286705426466 0.008878092531467274 0.014563147748246585
3062 0.36162089377157824 0.2005935919158371 0.007315592531467274 0.014463018198597234
3077 0.35493318588812706 0.18524919416759048 0.011529495850815152 0.008513406847545247
2249 0.3441965954312522 0.20261716686969455 0.008641294191141213 0.011438147748246585
3088 0.3230077570489699 0.223240547499078 0.018016294191141213 0.012038925046142523
3073 0.3542945684615505 0.15223643506829182 0.011529495850815152 0.008513406847545247
3086 0.3395808730256539 0.1599290191214479 0.011529495850815152 0.008513406847545247
3080 0.3510987134825287 0.14261111119416853 0.011529495850815152 0.008513406847545247
3070 0.3712811589184253 0.13526898056478504 0.018016294191141213 0.012038925046142523
2701 0.3401369800792682 0.17331039867109727 0.0067235966806521216 0.006650518198597277
3090 0.3248438668018766 0.14720897362495472 0.018016294191141213 0.012038925046142523
3095 0.30725362510024634 0.16178261335363686 0.018016294191141213 0.012038925046142523
3094 0.2902786900373119 0.1889563826319683 0.016667281743586494 0.03527616594684391
3093 0.287333134023316 0.08278672578442305 0.016785680913749525 0.03683866594684389
3087 0.3158599531095665 0.12072681677740946 0.018016294191141213 0.012038925046142523
2249 0.3453232327785606 0.08414776912144793 0.008641294191141213 0.011438147748246608
3083 0.3389422555990774 0.12691626002214929 0.018016294191141213 0.012038925046142523
3072 0.35816585227972947 0.12186781461794113 0.011032588382282337 0.02247577729789594
3068 0.36906838609790843 0.0919497771410124 0.011032588382282337 0.02247577729789594
3971 0.3761229468857891 0.11281298966408367 0.007197193361304244 0.012900518198597322
3973 0.3820769489603816 0.11711975786268096 0.007197193361304244 0.012900518198597277
3969 0.38610159813054457 0.11580758173680428 0.005634693361304244 0.01280038864894797
3063 0.3920672555990774 0.13032066471022621 0.011529495850815152 0.008513406847545247
3056 0.40161985435432196 0.12857769200812214 0.011529495850815152 0.008513406847545247
3039 0.4138355118228548 0.14349129318014137 0.011529495850815152 0.008513406847545247
3959 0.41683045725875134 0.13504773750461535 0.005634693361304244 0.01280038864894797
3958 0.4269867072587513 0.13569857957733594 0.007197193361304244 0.012900518198597277
3044 0.42426444896038157 0.11982325570321264 0.011529495850815152 0.008513406847545247
3967 0.3981046906620118 0.1024459885843495 0.005634693361304155 0.01280038864894797
3064 0.3897836277995387 0.07757639651162893 0.011529495850815152 0.008513406847545247
3966 0.4013480898321749 0.10108374768364814 0.005634693361304244 0.01280038864894797
3968 0.40462737779953867 0.07852762723329747 0.005634693361304244 0.01280038864894797
3972 0.39988067821445716 0.0790084885843495 0.005753092531467186 0.014362888648947969
3963 0.40873453734266396 0.09684683065707009 0.005634693361304244 0.01280038864894797
3960 0.4126999869277455 0.0963159045311934 0.007197193361304244 0.012900518198597277
3015 0.4407774427366043 0.10910580119970584 0.011032588382282427 0.02247577729789594
3024 0.42492822240559835 0.069622996603914 0.016667281743586494 0.035276165946843886
3957 0.451821686512827 0.09803789327242643 0.011032588382282427 0.02247577729789594
2992 0.4613859406620119 0.10650123534514702 0.011032588382282427 0.02247577729789594
2972 0.48442069896038153 0.12367824336471149 0.011032588382282427 0.02247577729789594
2949 0.4935239344382346 0.09678507633813345 0.011032588382282427 0.02247577729789594
2946 0.5058463356829901 0.099929862735328 0.011032588382282427 0.02247577729789594
3956 0.46404992199067985 0.07134498534514702 0.010914189212119396 0.020913277297895938
3952 0.4703591215757614 0.07096425354374429 0.011032588382282427 0.02247577729789594
3949 0.4751650207459244 0.06970214219269226 0.011032588382282427 0.02247577729789594
3948 0.48147422033100595 0.06932141039128956 0.011032588382282427 0.022475777297895915
3945 0.4877834199160874 0.06894067858988684 0.011032588382282427 0.02247577729789594
3942 0.4941518190862505 0.06777869678848411 0.011032588382282427 0.02247577729789594
3926 0.5144633964708707 0.12089320480804859 0.018016294191141213 0.012038925046142523
2249 0.5174583419067673 0.11244964913252257 0.008641294191141213 0.01143814774824663
2929 0.5518692307039681 0.09345861967515831 0.026183991701630306 0.017227072794389155
2915 0.6200873570536143 0.053082745985605154 0.016075285892771518 0.027463665946843886
997 0.2281666698928655 0.9943029646040978 0.010795790041956277 0.011394070791804368
995 0.23826372030778398 0.9958252930278704 0.008996491701630216 0.008349413944259254
993 0.24408766781827307 0.9952693345145814 0.0053978950209781825 0.009461330970837168
844 0.5650182423031083 0.873064578959027 0.010914189212119396 0.020913277297896115
851 0.5563060931329452 0.8740763664359559 0.007433991701630305 0.016025518198597412
861 0.5497008956224562 0.8783633482373585 0.0053978950209781825 0.009675388648948059
994 0.23058312010264687 0.9042309292081956 0.005516294191141214 0.011237888648948058
996 0.22193017051756542 0.9044614666851245 0.008996491701630216 0.016125647748246763
998 0.21327722093248389 0.9046920041620531 0.010795790041956277 0.019350777297896117
425 0.35807780621448854 0.41311337831303163 0.05355197510489074 0.05007914558877822
974 0.362552741277423 0.3851385726375056 0.008286096680652121 0.006750647748246586
419 0.41495476824712474 0.4395244864248811 0.04559776514684692 0.06822836829088245
410 0.4529283649277767 0.43567759561646485 0.04235436597668389 0.06646560919158376
837 0.5363337833939716 0.38135913787375564 0.005516294191141214 0.01123788864894797
384 0.5699867329790532 0.382730673191216 0.05511447510489074 0.05017927513842757
378 0.648266020946417 0.3649807711240327 0.05511447510489074 0.05017927513842757
805 0.6344412419021228 0.3091417813030655 0.016453794191141215 0.011938795496493172
806 0.633044685263427 0.29649158697859157 0.014654495850815153 0.008713665946843908
382 0.6007999477109818 0.3179765607604298 0.05355197510489074 0.05007914558877822
824 0.5632165147226397 0.3477548958933201 0.014654495850815153 0.008713665946843908
827 0.5618791576690254 0.3343234515688461 0.0067235966806521216 0.006650518198597233
849 0.514198674265765 0.3626696946290158 0.010795790041956365 0.019350777297895937
860 0.5055457246806835 0.3629002321059446 0.009114890871793336 0.017688147748246584
1164 0.4759882792447868 0.3696415854374321 0.0053978950209781825 0.00967538864894788
920 0.45717907965970533 0.36922128084164024 0.010795790041956365 0.019350777297895937
1164 0.4469044304895423 0.3701329387689197 0.010795790041956365 0.019350777297895937
1164 0.3723304829790532 0.3700642851605769 0.009114890871793246 0.017688147748246584
975 0.36127458380889016 0.37092587831303164 0.008286096680652121 0.006750647748246586
990 0.29523610932869937 0.32037636335363684 0.008286096680652121 0.006750647748246586
989 0.31584460725410696 0.317771797499078 0.014654495850815153 0.008713665946843818
984 0.33639390559443305 0.3159484816445192 0.008286096680652121 0.006750647748246586
977 0.3570849138928028 0.33297529533960973 0.008286096680652121 0.006750647748246586
971 0.3635134352634271 0.2792192396640837 0.014654495850815153 0.008713665946843818
969 0.3627797294545682 0.26818161011443437 0.016453794191141215 0.011938795496493172
961 0.39741391596739517 0.33948491363049205 0.005397895020978094 0.009675388648947968
955 0.4156786638928027 0.33673015345145924 0.005516294191141214 0.01123788864894797
946 0.4268529622331288 0.3343060602990045 0.005516294191141214 0.01123788864894797
938 0.43175394978557413 0.3110688193983031 0.0067235966806521216 0.006650518198597233
863 0.4988230506154111 0.31693689003322395 0.008286096680652121 0.006750647748246586
857 0.5007174373380195 0.29193689003322393 0.0067235966806521216 0.006650518198597233
816 0.5783814186666876 0.26158685841639134 0.008404495850815152 0.008313147748246586
810 0.6117383703263615 0.2668646437338517 0.016453794191141215 0.011938795496493172
814 0.591876156219133 0.23890033003876124 0.016453794191141215 0.011938795496493172
813 0.5906571983356816 0.22390638571428728 0.016453794191141215 0.011938795496493172
809 0.6092654883776379 0.20625781076042982 0.014654495850815153 0.008713665946843908
1164 0.5730795346433716 0.19687351634367076 0.0067235966806521216 0.006650518198597277
819 0.5712569255151648 0.17948575724437213 0.0067235966806521216 0.006650518198597277
822 0.5662249607832364 0.24589200724437213 0.0067235966806521216 0.006650518198597233
858 0.4938297425268228 0.2067107888612047 0.0067235966806521216 0.006650518198597233
850 0.49976043381353463 0.19060492751015268 0.005634693361304244 0.01280038864894797
842 0.5149701141025842 0.24888779688076917 0.0067235966806521216 0.006650518198597322
872 0.48131716451750267 0.24751626156330878 0.014654495850815153 0.008713665946843908
893 0.4677991161771766 0.24979016039128954 0.014654495850815153 0.008713665946843908
909 0.4559619670070136 0.25060168876891964 0.014654495850815153 0.008713665946843818
921 0.44094061825176906 0.2519942080472511 0.014654495850815153 0.008713665946843818
936 0.4282630194965245 0.25353692165005653 0.014654495850815153 0.008713665946843908
948 0.41486337032636145 0.2542483204780373 0.014654495850815153 0.008713665946843908
924 0.4339102908671489 0.19973080119970582 0.006605197510489091 0.0050880181985973215
1164 0.4411191396223934 0.19783763417312777 0.010203794191141213 0.011538277297895938
967 0.36240122115619855 0.25245648056478504 0.016453794191141215 0.011938795496493172
968 0.36166751534733965 0.2414188510151357 0.014654495850815153 0.008713665946843818
983 0.3364899165920951 0.24216052822074657 0.008286096680652121 0.006750647748246586
956 0.3621770008251926 0.21397497146548639 0.005516294191141214 0.01123788864894797
970 0.3554659821538606 0.17821794416759046 0.014654495850815153 0.008713665946843908
428 0.3159415408671489 0.1921710202011821 0.05343357593472771 0.04851664558877826
987 0.3138112784195942 0.1684831963270588 0.0067235966806521216 0.006650518198597277
982 0.3285841734405724 0.16000936227390267 0.008167697510489092 0.005188147748246585
979 0.328419152694648 0.12074660317460406 0.008286096680652121 0.006750647748246586
976 0.34063481016318076 0.13566020434662326 0.016453794191141215 0.011938795496493215
1164 0.3538918267599203 0.16791149984311649 0.016453794191141215 0.011938795496493215
966 0.3553834717808984 0.15858656461794113 0.006605197510489091 0.005088018198597277
978 0.3336385263450018 0.1658285656976753 0.0067235966806521216 0.006650518198597277
973 0.3491810159720396 0.14719848164451918 0.0067235966806521216 0.006650518198597322
965 0.3577039109930177 0.1383241293927658 0.005516294191141214 0.01123788864894797
964 0.3714704130676102 0.1431315453396097 0.0067235966806521216 0.006650518198597277
962 0.3689732977156261 0.11392490669066173 0.0053978950209781825 0.009675388648947968
957 0.3933221022797295 0.12412072948505086 0.0067235966806521216 0.006650518198597322
950 0.40125300144989245 0.12305887723329748 0.0067235966806521216 0.006650518198597277
942 0.4186996879627195 0.1932607557032126 0.005516294191141214 0.01123788864894797
939 0.41808438132402365 0.18066062615356332 0.0053978950209781825 0.009675388648947968
922 0.43321247385549083 0.1674992921004072 0.009114890871793336 0.017688147748246584
917 0.4473565616130733 0.23984466147102373 0.007433991701630305 0.01602551819859723
919 0.44637440206994805 0.22172571714654973 0.009114890871793336 0.017688147748246584
907 0.4507668267599203 0.1741195319213744 0.005516294191141214 0.01123788864894797
932 0.42170721140793627 0.14321069092838798 0.008286096680652121 0.006750647748246586
912 0.4405639551841588 0.13264343074935517 0.010914189212119396 0.020913277297895938
889 0.4588879026946479 0.12910742057032237 0.007552390871793335 0.017588018198597278
869 0.4763714006200555 0.1263025956164649 0.010795790041956365 0.019350777297895937
846 0.49463614854546306 0.12354783543743209 0.007552390871793335 0.017588018198597278
843 0.5025078481305446 0.1232672331856787 0.010914189212119396 0.020913277297895938
385 0.5442100960559522 0.12201441625138569 0.05355197510489074 0.05007914558877831
815 0.5705949973007076 0.12606036859542416 0.005516294191141214 0.01123788864894797
381 0.5881153066386957 0.050248840217794064 0.05189438672260849 0.028204145588778283
427 0.3140732327785606 0.08214517812846152 0.05355197510489074 0.05007914558877826
1793 0.24220862695112416 0.8233313826319684 0.022183575934727705 0.04651405459579187
1345 0.9258536116037845 0.6488992003322285 0.05047544191141142 0.11207849784053163
1793 0.5468173070396811 0.6159739697674433 0.024219672615379828 0.05286418414544123
1793 0.5419629410629971 0.6800364697674434 0.017164189212119395 0.02131379549649317
1793 0.20171552674598708 0.725746181367664 0.019792281743586493 0.035476425046142526
1793 0.17933288649889376 0.6481625994739761 0.015364890871793246 0.01808866594684382
1793 0.08997254334272664 0.7499871128922114 0.0971835759347277 0.05132027297895938
1793 0.07076244728677447 0.6616162253229977 0.047041865976683986 0.0667659978405318
1793 0.7409593159627509 0.5506958305001866 0.10980197510489056 0.05368380937615384
564 0.9052730375431566 0.41285227636582 0.017400987552445457 0.024438795496493172
564 0.9028351217762541 0.38286438771687215 0.017282588382282426 0.02287629549649317
564 0.8992966472960632 0.3363200547434501 0.017282588382282426 0.02287629549649317
277 0.9052730375431566 0.41285227636582 0.0053978950209781825 0.009675388648948059
277 0.9028943213613356 0.3820831377168721 0.0053978950209781825 0.009675388648947968
277 0.8992966472960632 0.3363200547434501 0.0053978950209781825 0.00967538864894788
1793 0.6886425672121506 0.3605028246400904 0.017045790041956367 0.01975129549649317
1793 0.4452449968765004 0.49563358651716627 0.017045790041956367 0.01975129549649317
1793 0.420777793142234 0.48700026372277705 0.015364890871793335 0.01808866594684382
1793 0.3479914885781306 0.47370042488925906 0.10572978174358649 0.040983550276855144
1793 0.23279899937530005 0.10833863587117079 0.023982874275053766 0.049739184145441186
1793 0.35777568858741937 0.09593637029346716 0.018111382573423464 0.033813795496493215
1793 0.3791654365128269 0.093381869213733 0.01643048340326043 0.032151165946843904
2234 0.4862629284149499 0.36872992751015266 0.005516294191141214 0.01123788864894797
2001 0.46667247882986834 0.36825955813953615 0.006605197510489091 0.005088018198597233
2234 0.4815754284149499 0.3684295388612047 0.005516294191141214 0.01123788864894797
2002 0.43387163422380864 0.3763631523717251 0.008286096680652121 0.006750647748246586
2004 0.42508863007462383 0.36794987507382915 0.008286096680652121 0.006750647748246586
2010 0.41693258795807503 0.38234304210040715 0.009966995850815152 0.008413277297895937
2014 0.4116297813193793 0.3694425239018099 0.009848596680652123 0.006850777297895938
2015 0.4028584325641347 0.3712355613787387 0.008167697510489092 0.005188147748246585
2017 0.3926429829790532 0.37136596930601806 0.008286096680652121 0.006750647748246586
1858 0.3821548462564448 0.3958152567829468 0.008286096680652121 0.006750647748246586
2018 0.3710998697016616 0.3448640260612782 0.008286096680652121 0.006750647748246586
1793 0.20726251264804732 0.32101910857327487 0.015601689212119307 0.021213665946843818
1997 0.44587933983217487 0.1039374398486538 0.0053978950209781825 0.009675388648947968
1998 0.4240985055990774 0.1323733204780373 0.005516294191141214 0.01123788864894797
1999 0.42013305601399586 0.132904246603914 0.005516294191141214 0.01123788864894797
2234 0.4377116423216858 0.10812429210040722 0.0053978950209781825 0.009675388648947968
2234 0.4314616423216858 0.10772377390180991 0.005516294191141214 0.01123788864894797
937 0.4147710497902185 0.1207849784053167 0.0067235966806521216 0.006650518198597277
2000 0.41391894481119673 0.11130984885566737 0.0053978950209781825 0.009675388648947968
2006 0.40274464647087066 0.11373394200812212 0.0053978950209781825 0.009675388648947968
2007 0.39799794688578916 0.11421480335917415 0.005516294191141214 0.01123788864894797
2009 0.39409169688578916 0.11396447948505087 0.0053978950209781825 0.009675388648947968
2013 0.3901262473007076 0.11449540561092757 0.0053978950209781825 0.009675388648947968
2011 0.3916178923216858 0.10517047038575225 0.008286096680652121 0.006750647748246586
2008 0.3931095373426639 0.09584553516057688 0.0053978950209781825 0.009675388648947968
2011 0.3884220373426639 0.09554514651162892 0.0053978950209781825 0.009675388648947948
958 0.3899728819487236 0.08543896128645359 0.008286096680652121 0.006750647748246607
1164 0.41611729439163386 0.2998612091269853 0.009966995850815152 0.008413277297895937
1164 0.41212853401867167 0.2799795057032126 0.005516294191141214 0.01123788864894797
1164 0.4241549373380195 0.2870305421004072 0.008286096680652121 0.006750647748246586
1164 0.4246285340186716 0.28078054210040715 0.009966995850815152 0.008413277297895937
1164 0.4304524815291607 0.2764434955241798 0.0053978950209781825 0.009675388648947968
1164 0.4315180740606279 0.2623809955241798 0.008286096680652121 0.006750647748246586
1164 0.4348323282098129 0.2704438193983031 0.0053978950209781825 0.00967538864894788
1164 0.4354476348485086 0.2830439489479525 0.005516294191141214 0.01123788864894797
1164 0.43937719563638933 0.30370690237172504 0.008286096680652121 0.006750647748246586
916 0.4538774035198406 0.3195519478682183 0.007552390871793335 0.017588018198597233
1164 0.45240999190212283 0.29747668876891964 0.007433991701630305 0.01602551819859723
913 0.4505873827739162 0.280088929669621 0.007433991701630305 0.01602551819859732
914 0.44954602364570945 0.262751235345147 0.007552390871793335 0.017588018198597323
1164 0.4408688406573674 0.29438196714654974 0.005516294191141214 0.01123788864894797
1164 0.44121238277391617 0.2794881523717251 0.008286096680652121 0.006750647748246586
1164 0.4387977777948944 0.26991289327242646 0.005516294191141214 0.01123788864894797
1164 0.4423963744755464 0.2638631523717251 0.005516294191141214 0.01123788864894797
1164 0.46365514522147083 0.30447766039128954 0.005516294191141214 0.01123788864894797
1164 0.4785105506154112 0.31563520588778277 0.005516294191141214 0.01123788864894797
1164 0.4770547943916338 0.30376626156330877 0.005516294191141214 0.01123788864894797
1164 0.4645314836037532 0.28255259561646484 0.009966995850815152 0.008413277297895937
1164 0.4571925802844053 0.27580194786821827 0.0053978950209781825 0.009675388648947968
1164 0.4612764290396498 0.27370852174234156 0.005516294191141214 0.01123788864894797
1164 0.46602312862473133 0.27322766039128954 0.005516294191141214 0.01123788864894797
1164 0.47107748152916074 0.27904686381506216 0.005516294191141214 0.01123788864894797
1164 0.4557960236457094 0.2631517535437443 0.005516294191141214 0.01123788864894797
1164 0.4606019228158725 0.2618896421926923 0.005516294191141214 0.01123788864894797
1164 0.46714792074128003 0.25838391039128955 0.008286096680652121 0.006750647748246586
1164 0.4747352777948943 0.2722158729143608 0.0053978950209781825 0.009675388648947968
1164 0.49098723982753045 0.296023612735328 0.005516294191141214 0.01123788864894797
1164 0.4826778323589977 0.28136033543743205 0.009966995850815152 0.008413277297895937
1164 0.4815297294545683 0.27579145588778275 0.008404495850815152 0.008313147748246586
1164 0.49288162655013884 0.271023612735328 0.0053978950209781825 0.009675388648947968
1164 0.47616772323079093 0.2636721876891855 0.0067235966806521216 0.006650518198597233
1164 0.475860069911443 0.2573721229143608 0.009966995850815152 0.008413277297895937
1164 0.4044120450163337 0.20569090453119337 0.008641294191141213 0.011438147748246585
1164 0.42032046493242115 0.24439245912698526 0.008286096680652121 0.006750647748246586
1164 0.4298138641025842 0.2434307364248812 0.008404495850815152 0.008313147748246586
1164 0.4403253116130733 0.23939407849760178 0.005516294191141214 0.01123788864894797
1164 0.43130550912356236 0.23410580119970584 0.005516294191141214 0.01123788864894797
1164 0.4352709587086439 0.23357487507382912 0.005516294191141214 0.01123788864894797
1164 0.4397100049743775 0.22679394894795246 0.005516294191141214 0.01123788864894797
1164 0.42144525704896996 0.22954870912698527 0.005516294191141214 0.01123788864894797
1164 0.4258843033147035 0.22276778300110855 0.005516294191141214 0.01123788864894797
1164 0.43465565206994805 0.2209747455241798 0.005516294191141214 0.01123788864894797
1164 0.4537841603683178 0.237901429669621 0.005516294191141214 0.01123788864894797
1164 0.4595489082937254 0.2343456330933936 0.0067235966806521216 0.006650518198597233
1164 0.4671838095384809 0.23719003084164023 0.0053978950209781825 0.009675388648947968
1164 0.4549089524848665 0.223057679669621 0.006605197510489091 0.0050880181985973215
1164 0.45376084958043716 0.21748880011997168 0.008286096680652121 0.006750647748246586
1164 0.4607328999953556 0.2187206330933936 0.005516294191141214 0.01123788864894788
1164 0.4662608495804371 0.21828983651716624 0.0053978950209781825 0.009675388648947968
1164 0.4705339524848665 0.22405897516611423 0.005634693361304244 0.01280038864894797
1164 0.4770799504102741 0.2205532433647115 0.008286096680652121 0.006750647748246586
1164 0.4759318475058446 0.2149843638150622 0.0067235966806521216 0.006650518198597233
1164 0.47104343796271947 0.1966150956164649 0.008286096680652121 0.006750647748246586
885 0.46742153049418667 0.18225220696751693 0.005516294191141214 0.01123788864894797
1164 0.48186253879255647 0.19887850246401012 0.005516294191141214 0.01123788864894797
1164 0.4887395008251926 0.22208546498708143 0.005516294191141214 0.01123788864894797
820 0.5615626168018766 0.1623786003968269 0.0067235966806521216 0.006650518198597322
821 0.5613141630676102 0.1552972856220022 0.008404495850815152 0.008313147748246586
829 0.5336268709510614 0.16843883327796375 0.014654495850815153 0.008713665946843908
831 0.5330115643123656 0.15583870372831443 0.016453794191141215 0.011938795496493215
72 0.354893606629407 0.41369436921373304 0.02869368506293437 0.02982720234403846
72 0.41483636907696164 0.4410869864248811 0.024598180913749525 0.03733931369509058
72 0.4528099657576138 0.4372400956164649 0.02279888257342346 0.03411418414544123
72 0.5723896825641347 0.38209961751569 0.02701278589277134 0.02816457279438911
72 0.6515094201165801 0.36361853022333135 0.02845688672260831 0.026702202344038462
72 0.6024216472960633 0.31729544031007917 0.02689438672260831 0.026602072794389107
72 0.5900922037342664 0.044880219767443386 0.029190592531467274 0.01586483189368777
72 0.5458909952261152 0.12055204580103503 0.02713118506293437 0.029727072794389152
72 0.31167028319347906 0.08277623380398753 0.03025618506293446 0.02992733189368777
72 0.31431984128206736 0.19285214065153275 0.02869368506293446 0.02982720234403846
1713 0.5420519097436178 0.3369780821982296 0.005634693361304244 0.01280038864894797
1693 0.5464793006154112 0.3199908412975282 0.005516294191141214 0.01123788864894797
1698 0.5407620968811447 0.31255907309893094 0.005516294191141214 0.01123788864894797
1699 0.5392471410722859 0.30147137877445696 0.005516294191141214 0.01123788864894797
1688 0.5528127336037532 0.28820991517165157 0.005516294191141214 0.01123788864894797
1694 0.5439229856783456 0.29156545264858025 0.005516294191141214 0.01123788864894788
1700 0.5375429311142422 0.28252111967515836 0.005634693361304244 0.012800388648947881
1690 0.5431184248904649 0.27110275832410624 0.005634693361304244 0.01280038864894797
1708 0.5327845761352203 0.2727956662513857 0.005634693361304244 0.01280038864894797
1697 0.5389045215711169 0.2645523696751583 0.005634693361304244 0.012800388648947881
1705 0.5318616161771766 0.2538954719269117 0.005634693361304244 0.01280038864894797
1696 0.5396032611981548 0.24497105490033366 0.005634693361304244 0.01280038864894797
1701 0.533045607878807 0.2382704719269117 0.005516294191141214 0.01123788864894797
1704 0.5300273516550296 0.22630139805278843 0.005634693361304244 0.01280038864894797
1692 0.5375205429417413 0.21029566625138568 0.005634693361304244 0.01280038864894797
1703 0.5288675933566598 0.21052620372831443 0.005634693361304244 0.01280038864894797
1689 0.5429067825687792 0.19101474012550898 0.005516294191141214 0.01123788864894797
1691 0.5352602259300833 0.17796402760243774 0.005634693361304244 0.01280038864894797
1702 0.5277670346433716 0.19396975940384045 0.005634693361304244 0.01280038864894797
1706 0.5257668267599203 0.1789257503045418 0.005516294191141214 0.01123788864894797
1707 0.5228436589184253 0.1449815468807692 0.005634693361304244 0.01280038864894797
1709 0.5155522997902185 0.1272433343576979 0.009848596680652123 0.006850777297895938
1224 0.3985089389884047 0.6669183011997057 0.29470272905358286 0.3391974120893327
1793 0.8716630190723172 0.6595572956441516 0.04592965186945541 0.0931282387412331