2729 0.06953125 0.12734375 0.0171875 0.01796875
3106 0.22265625 0.184375 0.00703125 0.02265625
3104 0.23125 0.18125 0.00703125 0.0234375
3102 0.24140625 0.1796875 0.00703125 0.021875
3105 0.23046875 0.08046875 0.00703125 0.02265625
3103 0.23984375 0.0859375 0.00703125 0.02265625
3101 0.246875 0.08515625 0.00546875 0.02421875
2964 0.55859375 0.1734375 0.00703125 0.0234375
2954 0.5671875 0.17734375 0.00625 0.0234375
2947 0.58125 0.14765625 0.00703125 0.02109375
3411 0.8625 0.11796875 0.0203125 0.0265625
3338 0.90859375 0.175 0.0265625 0.075
140 0.36640625 0.284375 0.0359375 0.03359375
3493 0.5453125 0.50546875 0.009375 0.02578125
2908 0.72734375 0.6484375 0.009375 0.03359375
2927 0.6484375 0.634375 0.009375 0.03515625
2916 0.6515625 0.67421875 0.02421875 0.01328125
2909 0.71015625 0.70546875 0.015625 0.009375
2910 0.7078125 0.71953125 0.015625 0.01015625
2928 0.61640625 0.66640625 0.01640625 0.00859375
2930 0.615625 0.6921875 0.009375 0.00703125
2249 0.67265625 0.6625 0.00703125 0.0109375
2249 0.6328125 0.7234375 0.0078125 0.009375
2249 0.59375 0.65078125 0.00703125 0.01015625
2940 0.58125 0.64609375 0.00703125 0.02265625
2952 0.56640625 0.63359375 0.0078125 0.02265625
2963 0.5578125 0.63125 0.00625 0.021875
2644 0.57109375 0.67109375 0.0046875 0.00390625
2756 0.55078125 0.671875 0.00546875 0.00390625
2769 0.54140625 0.671875 0.00546875 0.003125
2784 0.5328125 0.671875 0.0046875 0.003125
2955 0.53203125 0.6484375 0.00703125 0.0109375
3032 0.51796875 0.58359375 0.009375 0.0328125
2655 0.5234375 0.6703125 0.00546875 0.00703125
2671 0.5140625 0.6703125 0.0046875 0.00703125
2682 0.5046875 0.6703125 0.0046875 0.00703125
3961 0.52265625 0.64765625 0.00703125 0.0234375
3023 0.51484375 0.63515625 0.00703125 0.02265625
3027 0.49921875 0.63515625 0.00703125 0.01640625
2249 0.5078125 0.63203125 0.00703125 0.01015625
2690 0.49296875 0.66953125 0.00546875 0.00703125
3962 0.48515625 0.6484375 0.01484375 0.009375
2249 0.47109375 0.63203125 0.00703125 0.01015625
2693 0.4828125 0.6703125 0.00546875 0.00625
2706 0.47421875 0.67109375 0.00546875 0.00625
2714 0.46484375 0.67109375 0.00546875 0.00625
2718 0.45625 0.6703125 0.0046875 0.00625
2721 0.4515625 0.67109375 0.00546875 0.00625
3970 0.4671875 0.64375 0.01640625 0.0109375
3975 0.4515625 0.64765625 0.015625 0.00859375
3964 0.47265625 0.65859375 0.01484375 0.0109375
3974 0.4578125 0.6578125 0.01484375 0.009375
3977 0.44140625 0.65859375 0.015625 0.009375
3817 0.43203125 0.65 0.015625 0.009375
3066 0.44140625 0.60078125 0.00859375 0.03359375
2249 0.43203125 0.6140625 0.0078125 0.0109375
3081 0.409375 0.66171875 0.015625 0.009375
3082 0.409375 0.678125 0.015625 0.01015625
2661 0.41953125 0.67734375 0.00546875 0.01015625
2843 0.41953125 0.66328125 0.00546875 0.00703125
3085 0.37890625 0.63359375 0.009375 0.03359375
3098 0.34921875 0.734375 0.015625 0.01015625
3097 0.36953125 0.73515625 0.015625 0.009375
3092 0.3921875 0.73515625 0.015625 0.009375
3084 0.4109375 0.71796875 0.01640625 0.0109375
3978 0.4234375 0.70234375 0.015625 0.009375
3078 0.40234375 0.75859375 0.015625 0.009375
3076 0.4015625 0.77109375 0.01640625 0.0109375
3074 0.4015625 0.7859375 0.015625 0.0109375
3075 0.42109375 0.80859375 0.015625 0.009375
3091 0.38671875 0.79765625 0.01484375 0.01015625
3067 0.46015625 0.7 0.0046875 0.0140625
3061 0.4734375 0.7 0.0046875 0.01328125
3053 0.4859375 0.7 0.0046875 0.01328125
3016 0.50546875 0.684375 0.0046875 0.0125
3017 0.5046875 0.69765625 0.0046875 0.01328125
3019 0.51015625 0.68515625 0.0046875 0.01328125
3011 0.509375 0.6953125 0.0046875 0.009375
3045 0.4875 0.71640625 0.009375 0.00703125
2966 0.5546875 0.70390625 0.01015625 0.00703125
2960 0.56640625 0.73671875 0.009375 0.00703125
2843 0.55234375 0.72890625 0.0046875 0.00390625
3971 0.59921875 0.6875 0.0046875 0.01328125
3909 0.60546875 0.703125 0.0046875 0.01328125
3914 0.60078125 0.71484375 0.0046875 0.01328125
3915 0.5921875 0.7234375 0.0046875 0.01328125
3904 0.61484375 0.72734375 0.0046875 0.0140625
3910 0.6046875 0.740625 0.0046875 0.0125
3916 0.59921875 0.7421875 0.0046875 0.01328125
3925 0.5953125 0.75390625 0.0046875 0.01328125
3906 0.609375 0.753125 0.0046875 0.01328125
3913 0.6015625 0.7640625 0.0046875 0.0125
3922 0.59609375 0.77265625 0.00390625 0.01328125
2945 0.57734375 0.76953125 0.01015625 0.00703125
2975 0.5734375 0.78046875 0.009375 0.00703125
2996 0.5640625 0.78125 0.009375 0.00703125
3012 0.553125 0.78125 0.009375 0.00625
3055 0.44453125 0.78046875 0.009375 0.00703125
3043 0.45625 0.78359375 0.009375 0.00703125
3025 0.465625 0.7796875 0.00859375 0.00703125
3036 0.4828125 0.7703125 0.0078125 0.00703125
3027 0.49375 0.73671875 0.00546875 0.009375
3047 0.48359375 0.75859375 0.00703125 0.00625
2791 0.621875 0.70390625 0.0046875 0.0046875
2833 0.621875 0.7109375 0.00546875 0.0046875
2843 0.62109375 0.71796875 0.0046875 0.00390625
3267 0.621875 0.72421875 0.00546875 0.00390625
3326 0.62109375 0.73125 0.0046875 0.0046875
3358 0.621875 0.7375 0.0046875 0.0046875
3438 0.62109375 0.7421875 0.0046875 0.0046875
3446 0.621875 0.74921875 0.0046875 0.00390625
3488 0.62109375 0.7546875 0.00546875 0.00390625
3554 0.62109375 0.759375 0.0046875 0.0046875
3559 0.62109375 0.76640625 0.0046875 0.0046875
3586 0.62109375 0.771875 0.0046875 0.0046875
3912 0.60859375 0.77890625 0.0046875 0.01328125
3917 0.6 0.7890625 0.0046875 0.01328125
3920 0.5953125 0.7984375 0.0046875 0.01328125
3627 0.62109375 0.778125 0.0046875 0.0046875
3635 0.62109375 0.78359375 0.00546875 0.00390625
3765 0.62109375 0.7890625 0.0046875 0.00390625
4284 0.62109375 0.7953125 0.0046875 0.0046875
4340 0.62109375 0.8015625 0.0046875 0.0046875
4384 0.62109375 0.80703125 0.00546875 0.00390625
2926 0.6296875 0.78046875 0.01015625 0.00625
2920 0.63828125 0.75 0.01640625 0.009375
2914 0.6734375 0.73984375 0.01640625 0.01015625
2918 0.65234375 0.76875 0.01640625 0.00859375
2917 0.6515625 0.80390625 0.015625 0.009375
2913 0.6734375 0.8015625 0.015625 0.009375
2843 0.6484375 0.825 0.0046875 0.01015625
2784 0.66015625 0.825 0.0046875 0.00859375
2923 0.65390625 0.840625 0.01640625 0.00859375
2924 0.6453125 0.85703125 0.01484375 0.009375
2925 0.6453125 0.8671875 0.01640625 0.009375
2919 0.6484375 0.8984375 0.00703125 0.02265625
4402 0.62109375 0.81328125 0.00546875 0.0046875
4421 0.62109375 0.8203125 0.00546875 0.00390625
2809 0.62265625 0.82578125 0.0046875 0.0078125
2808 0.6203125 0.83203125 0.0046875 0.00703125
2810 0.62265625 0.83828125 0.0046875 0.00625
2813 0.6203125 0.84296875 0.00390625 0.00703125
2817 0.62265625 0.84921875 0.0046875 0.00703125
2818 0.6203125 0.85625 0.0046875 0.00703125
2932 0.615625 0.84375 0.0046875 0.01328125
3905 0.6125 0.828125 0.0046875 0.01328125
3908 0.60703125 0.81796875 0.0046875 0.01328125
3919 0.596875 0.8140625 0.0046875 0.01328125
3918 0.60078125 0.83125 0.0046875 0.01328125
3907 0.60625 0.84375 0.0046875 0.01328125
3923 0.59609375 0.84453125 0.0046875 0.0125
2934 0.6015625 0.86015625 0.01015625 0.00546875
3924 0.5984375 0.87578125 0.01015625 0.00625
2961 0.56796875 0.8203125 0.01015625 0.00703125
2953 0.57109375 0.83671875 0.0046875 0.0140625
2988 0.53359375 0.8609375 0.0046875 0.01328125
3010 0.51796875 0.86875 0.00546875 0.01328125
3020 0.50859375 0.846875 0.00546875 0.01328125
3022 0.50859375 0.8609375 0.0046875 0.01328125
3021 0.5078125 0.875 0.0046875 0.01015625
3028 0.5 0.83828125 0.01015625 0.00625
3026 0.49609375 0.86875 0.0046875 0.01328125
3049 0.48515625 0.86484375 0.0046875 0.0125
3046 0.48515625 0.87734375 0.00546875 0.0125
3062 0.42734375 0.8390625 0.0046875 0.0140625
3077 0.421875 0.8546875 0.009375 0.00625
2249 0.409375 0.83828125 0.00703125 0.01015625
3088 0.38671875 0.8203125 0.015625 0.00859375
3073 0.4234375 0.8875 0.01015625 0.00703125
3086 0.40859375 0.88125 0.009375 0.00703125
3080 0.42109375 0.89765625 0.009375 0.00703125
3070 0.4421875 0.903125 0.01640625 0.01015625
2701 0.4078125 0.86796875 0.0046875 0.00703125
3090 0.39453125 0.8953125 0.015625 0.009375
3095 0.3765625 0.8828125 0.015625 0.01015625
3094 0.35703125 0.85703125 0.00859375 0.0328125
3093 0.36328125 0.96328125 0.009375 0.03359375
3087 0.38828125 0.92265625 0.015625 0.009375
2249 0.4203125 0.95625 0.00703125 0.01015625
3083 0.4109375 0.9140625 0.015625 0.00859375
3072 0.43046875 0.91796875 0.00625 0.02109375
3068 0.44296875 0.94609375 0.00625 0.021875
3971 0.4484375 0.925 0.0046875 0.0125
3973 0.45390625 0.9203125 0.0046875 0.0125
3969 0.45859375 0.92109375 0.00390625 0.01328125
3063 0.46328125 0.90625 0.009375 0.00703125
3056 0.47265625 0.90703125 0.009375 0.00703125
3039 0.48359375 0.890625 0.009375 0.00703125
3959 0.4875 0.89921875 0.00390625 0.01171875
3958 0.49765625 0.89765625 0.0046875 0.01328125
3044 0.49609375 0.91328125 0.01015625 0.00625
3967 0.47109375 0.93359375 0.00390625 0.0125
3064 0.46484375 0.95859375 0.009375 0.00703125
3966 0.475 0.934375 0.00390625 0.01328125
3968 0.4796875 0.95625 0.00390625 0.01328125
3972 0.475 0.95625 0.00390625 0.0140625
3963 0.48203125 0.93828125 0.00390625 0.01328125
3960 0.48671875 0.93828125 0.0046875 0.01328125
3015 0.51328125 0.92265625 0.00625 0.02265625
3024 0.50078125 0.96328125 0.00859375 0.0328125
3957 0.525 0.9328125 0.00703125 0.021875
2992 0.53359375 0.9234375 0.00625 0.02265625
2972 0.55546875 0.90390625 0.00703125 0.021875
2949 0.56640625 0.9296875 0.00625 0.021875
2946 0.57890625 0.92578125 0.00625 0.021875
3956 0.5390625 0.9578125 0.00625 0.0203125
3952 0.5453125 0.9578125 0.00546875 0.02109375
3949 0.55078125 0.95859375 0.00546875 0.021875
3948 0.55703125 0.95859375 0.00625 0.02109375
3945 0.56328125 0.95859375 0.00546875 0.02109375
3942 0.56953125 0.95859375 0.00625 0.02109375
3926 0.58515625 0.90390625 0.015625 0.00859375
2249 0.5890625 0.9125 0.00703125 0.009375
2929 0.625 0.928125 0.0234375 0.0125
2915 0.69609375 0.965625 0.00859375 0.03359375
997 0.2296875 0.0578125 0.00703125 0.01875
995 0.23984375 0.05546875 0.0046875 0.01640625
993 0.24609375 0.059375 0.003125 0.01015625
844 0.57421875 0.1515625 0.00625 0.0203125
851 0.565625 0.15078125 0.00390625 0.01640625
861 0.55859375 0.14765625 0.003125 0.01015625
994 0.23984375 0.1515625 0.003125 0.0109375
996 0.23125 0.1515625 0.0046875 0.01640625
998 0.22265625 0.15234375 0.00703125 0.01953125
425 0.40625 0.628125 0.04453125 0.040625
974 0.41328125 0.65546875 0.0078125 0.0046875
419 0.4609375 0.59609375 0.03125 0.0609375
410 0.4984375 0.596875 0.02890625 0.0609375
837 0.5859375 0.64296875 0.003125 0.0109375
384 0.61953125 0.63828125 0.0453125 0.040625
378 0.6984375 0.64921875 0.0453125 0.03984375
805 0.6890625 0.70546875 0.0140625 0.009375
806 0.6890625 0.71875 0.0125 0.00703125
382 0.6546875 0.7 0.04453125 0.03984375
824 0.615625 0.67421875 0.01171875 0.00625
827 0.61484375 0.6875 0.00703125 0.0046875
849 0.565625 0.66328125 0.00625 0.01953125
860 0.55703125 0.6640625 0.0046875 0.0171875
1164 0.5265625 0.66015625 0.00234375 0.01015625
920 0.50859375 0.6625 0.00703125 0.01953125
1164 0.4984375 0.6625 0.00703125 0.01953125
1164 0.42421875 0.66953125 0.0046875 0.0171875
975 0.41328125 0.66953125 0.0078125 0.0046875
990 0.3515625 0.72578125 0.0078125 0.0046875
989 0.371875 0.7265625 0.0125 0.00703125
984 0.39296875 0.7265625 0.0078125 0.0046875
977 0.41171875 0.7078125 0.0078125 0.0046875
971 0.42265625 0.7609375 0.01171875 0.00625
969 0.42265625 0.771875 0.0140625 0.00859375
961 0.4515625 0.69765625 0.003125 0.01015625
955 0.46953125 0.6984375 0.003125 0.0109375
946 0.48125 0.7 0.003125 0.0109375
938 0.4875 0.72265625 0.00703125 0.0046875
863 0.55390625 0.7109375 0.0078125 0.0046875
857 0.5578125 0.73515625 0.00703125 0.0046875
816 0.6375 0.75859375 0.00703125 0.00546875
810 0.6703125 0.75 0.0140625 0.009375
814 0.65234375 0.7796875 0.0140625 0.00859375
813 0.65234375 0.79453125 0.0140625 0.009375
809 0.67265625 0.81015625 0.0125 0.00703125
1164 0.6375 0.8234375 0.00703125 0.0046875
819 0.63671875 0.840625 0.00703125 0.0046875
822 0.6265625 0.775 0.00703125 0.0046875
858 0.5578125 0.8203125 0.00703125 0.0046875
850 0.56484375 0.8359375 0.003125 0.01171875
842 0.57578125 0.7765625 0.00703125 0.0046875
872 0.5421875 0.78125 0.0125 0.00625
893 0.52890625 0.78046875 0.0125 0.00625
909 0.51640625 0.78046875 0.01171875 0.00546875
921 0.5015625 0.78046875 0.0125 0.00703125
936 0.4890625 0.78046875 0.01171875 0.00703125
948 0.47578125 0.78046875 0.01171875 0.00625
924 0.49921875 0.8328125 0.00625 0.003125
1164 0.50625 0.834375 0.0078125 0.01015625
967 0.4234375 0.7875 0.0140625 0.009375
968 0.42421875 0.7984375 0.01171875 0.00703125
983 0.3984375 0.8 0.0078125 0.0046875
956 0.4265625 0.82578125 0.00234375 0.0109375
970 0.42265625 0.86171875 0.0125 0.00703125
428 0.3828125 0.8515625 0.04375 0.0390625
987 0.38203125 0.87578125 0.00703125 0.0046875
982 0.39765625 0.8828125 0.0078125 0.00390625
979 0.40078125 0.921875 0.0078125 0.0046875
976 0.41171875 0.90546875 0.0140625 0.00859375
1164 0.421875 0.87265625 0.0140625 0.009375
966 0.42421875 0.88125 0.00703125 0.00390625
978 0.40234375 0.87578125 0.00703125 0.0046875
973 0.41875 0.89296875 0.00703125 0.0046875
965 0.428125 0.9015625 0.00390625 0.0109375
964 0.44140625 0.8953125 0.00703125 0.0046875
962 0.44140625 0.92421875 0.003125 0.01015625
957 0.46484375 0.9125 0.00703125 0.0046875
950 0.47265625 0.9125 0.00703125 0.0046875
942 0.484375 0.84140625 0.003125 0.0109375
939 0.48515625 0.85390625 0.003125 0.009375
922 0.50078125 0.865625 0.00390625 0.0171875
917 0.509375 0.7921875 0.00390625 0.01640625
919 0.509375 0.81015625 0.0046875 0.0171875
907 0.51796875 0.85703125 0.003125 0.0109375
932 0.49140625 0.890625 0.0078125 0.0046875
912 0.5109375 0.89921875 0.00625 0.0203125
889 0.5296875 0.90078125 0.00390625 0.0171875
869 0.546875 0.90234375 0.00703125 0.01953125
846 0.565625 0.903125 0.00390625 0.0171875
843 0.5734375 0.903125 0.00703125 0.0203125
385 0.61484375 0.9 0.04453125 0.04140625
815 0.640625 0.89375 0.003125 0.0109375
381 0.66640625 0.97734375 0.04453125 0.03984375
2249 0.640625 0.98984375 0.00703125 0.009375
427 0.38984375 0.9609375 0.04375 0.03984375
1793 0.2578125 0.23046875 0.01171875 0.04453125
1345 0.95078125 0.340625 0.0265625 0.10703125
1793 0.57734375 0.40859375 0.01328125 0.04921875
1793 0.5671875 0.3453125 0.01328125 0.01953125
1793 0.22578125 0.33125 0.0125 0.0328125
1793 0.21015625 0.4109375 0.01171875 0.01640625
1793 0.1125 0.31796875 0.08984375 0.03125
1793 0.10078125 0.40703125 0.03203125 0.059375
1793 0.775 0.45546875 0.10234375 0.03125
564 0.95 0.57734375 0.0125 0.02109375
564 0.95 0.6078125 0.0125 0.0203125
564 0.95 0.65390625 0.01328125 0.0203125
277 0.95 0.57734375 0.003125 0.009375
277 0.95 0.60859375 0.00390625 0.009375
277 0.95 0.65390625 0.00390625 0.01015625
1793 0.7390625 0.64921875 0.01171875 0.0171875
1793 0.4859375 0.5375 0.01171875 0.0171875
1793 0.4625 0.5484375 0.01171875 0.015625
1793 0.39140625 0.56875 0.1015625 0.01796875
1793 0.30703125 0.94296875 0.01171875 0.04765625
1793 0.43203125 0.94375 0.0109375 0.03046875
1793 0.453125 0.94375 0.01015625 0.0296875
1793 0.73046875 0.975 0.0109375 0.015625
2234 0.5375 0.66015625 0.003125 0.0109375
2001 0.51796875 0.6625 0.00703125 0.00390625
2234 0.5328125 0.6609375 0.00234375 0.0109375
2002 0.484375 0.6578125 0.0078125 0.0046875
2004 0.4765625 0.66640625 0.0078125 0.0046875
2010 0.4671875 0.653125 0.0078125 0.00546875
2014 0.46328125 0.66640625 0.00859375 0.0046875
2015 0.45390625 0.665625 0.0078125 0.00390625
2017 0.44375 0.66640625 0.0078125 0.0046875
1858 0.43203125 0.64296875 0.0078125 0.0046875
2018 0.425 0.69453125 0.0078125 0.0046875
1793 0.2640625 0.73359375 0.0109375 0.01796875
1997 0.51875 0.92734375 0.00390625 0.009375
1998 0.49453125 0.90078125 0.003125 0.0109375
1999 0.490625 0.90078125 0.003125 0.0109375
2234 0.51015625 0.92421875 0.00234375 0.01015625
2234 0.50390625 0.925 0.003125 0.0109375
937 0.48671875 0.91328125 0.00703125 0.0046875
2000 0.4859375 0.92265625 0.003125 0.009375
2006 0.475 0.921875 0.00234375 0.009375
2007 0.4703125 0.921875 0.00234375 0.0109375
2009 0.46640625 0.921875 0.00234375 0.009375
2013 0.4625 0.921875 0.003125 0.01015625
2011 0.46484375 0.93125 0.0078125 0.0046875
2008 0.4671875 0.940625 0.003125 0.009375
2011 0.4625 0.940625 0.00234375 0.01015625
958 0.46484375 0.95078125 0.0078125 0.0046875
1164 0.4734375 0.73515625 0.0078125 0.00546875
1164 0.47109375 0.75546875 0.003125 0.0109375
1164 0.48203125 0.74765625 0.0078125 0.0046875
1164 0.4828125 0.753125 0.0078125 0.00546875
1164 0.4890625 0.75703125 0.003125 0.009375
1164 0.49140625 0.77109375 0.0078125 0.0046875
1164 0.49375 0.7625 0.003125 0.01015625
1164 0.49375 0.75 0.003125 0.0109375
1164 0.49609375 0.72890625 0.0078125 0.0046875
916 0.509375 0.71171875 0.00390625 0.0171875
1164 0.509375 0.734375 0.00390625 0.01640625
913 0.509375 0.7515625 0.00390625 0.015625
914 0.509375 0.76875 0.00390625 0.0171875
1164 0.4984375 0.73828125 0.003125 0.0109375
1164 0.5 0.753125 0.0078125 0.0046875
1164 0.4984375 0.7625 0.003125 0.0109375
1164 0.50234375 0.76875 0.00234375 0.0109375
1164 0.5203125 0.7265625 0.00390625 0.0109375
1164 0.53359375 0.7140625 0.003125 0.0109375
1164 0.53359375 0.72578125 0.003125 0.0109375
1164 0.52265625 0.74765625 0.0078125 0.00546875
1164 0.515625 0.75546875 0.003125 0.009375
1164 0.5203125 0.75703125 0.003125 0.0109375
1164 0.525 0.75703125 0.003125 0.0109375
1164 0.5296875 0.75078125 0.003125 0.0109375
1164 0.515625 0.76796875 0.003125 0.0109375
1164 0.5203125 0.76875 0.003125 0.0109375
1164 0.52734375 0.771875 0.0078125 0.0046875
1164 0.53359375 0.75703125 0.003125 0.01015625
1164 0.54765625 0.73203125 0.003125 0.0109375
1164 0.540625 0.74765625 0.0078125 0.00625
1164 0.53984375 0.753125 0.00703125 0.00546875
1164 0.5515625 0.75703125 0.00234375 0.01015625
1164 0.5359375 0.765625 0.00703125 0.0046875
1164 0.5359375 0.771875 0.0078125 0.00546875
1164 0.46953125 0.8296875 0.00546875 0.01015625
1164 0.48203125 0.78984375 0.0078125 0.0046875
1164 0.49140625 0.78984375 0.00703125 0.00546875
1164 0.50234375 0.79296875 0.00390625 0.0109375
1164 0.49375 0.79921875 0.003125 0.0109375
1164 0.49765625 0.79921875 0.003125 0.0109375
1164 0.50234375 0.80546875 0.00390625 0.0109375
1164 0.484375 0.8046875 0.003125 0.0109375
1164 0.4890625 0.8109375 0.003125 0.0109375
1164 0.49765625 0.81171875 0.00390625 0.0109375
1164 0.515625 0.79296875 0.00234375 0.0109375
1164 0.521875 0.79609375 0.00703125 0.0046875
1164 0.52890625 0.79296875 0.00234375 0.009375
1164 0.51796875 0.8078125 0.00703125 0.00390625
1164 0.5171875 0.8140625 0.0078125 0.0046875
1164 0.52421875 0.81171875 0.003125 0.0109375
1164 0.5296875 0.81171875 0.00390625 0.01015625
1164 0.53359375 0.80546875 0.003125 0.01171875
1164 0.53984375 0.80859375 0.0078125 0.0046875
1164 0.53984375 0.8140625 0.00703125 0.0046875
1164 0.5359375 0.8328125 0.0078125 0.0046875
885 0.53359375 0.84765625 0.003125 0.0109375
1164 0.546875 0.8296875 0.003125 0.0109375
1164 0.5515625 0.80546875 0.003125 0.0109375
820 0.62890625 0.85859375 0.00703125 0.0046875
821 0.62890625 0.865625 0.00703125 0.00546875
829 0.60078125 0.8546875 0.0125 0.00625
831 0.60078125 0.86796875 0.0140625 0.01015625
72 0.403125 0.62734375 0.0234375 0.025
72 0.46015625 0.59453125 0.0171875 0.03359375
72 0.4984375 0.5953125 0.01640625 0.03125
72 0.621875 0.6390625 0.02265625 0.0234375
72 0.7015625 0.65 0.0234375 0.021875
72 0.65703125 0.70078125 0.02265625 0.02265625
72 0.66875 0.97890625 0.025 0.0234375
72 0.61640625 0.9015625 0.02265625 0.02421875
72 0.3875 0.9609375 0.02421875 0.025
72 0.38046875 0.85078125 0.0234375 0.02421875
1713 0.5953125 0.68671875 0.003125 0.01171875
1693 0.60078125 0.703125 0.00390625 0.0109375
1698 0.59609375 0.7109375 0.00390625 0.0109375
1699 0.5953125 0.721875 0.00390625 0.0109375
1688 0.61015625 0.734375 0.003125 0.0109375
1694 0.60078125 0.73125 0.003125 0.0109375
1700 0.5953125 0.74140625 0.003125 0.01171875
1690 0.6015625 0.75234375 0.003125 0.01171875
1708 0.59140625 0.7515625 0.00390625 0.01171875
1697 0.59765625 0.759375 0.00390625 0.01171875
1705 0.5921875 0.7703125 0.003125 0.01171875
1696 0.6 0.778125 0.003125 0.01171875
1701 0.59453125 0.7859375 0.00390625 0.0109375
1704 0.5921875 0.79765625 0.00390625 0.01171875
1692 0.60078125 0.81328125 0.00390625 0.0125
1703 0.5921875 0.81328125 0.00390625 0.01328125
1689 0.6078125 0.83203125 0.00390625 0.0109375
1691 0.6015625 0.8453125 0.00390625 0.01171875
1702 0.59296875 0.83046875 0.00390625 0.0125
1706 0.5921875 0.8453125 0.00390625 0.0109375
1707 0.59140625 0.8796875 0.003125 0.01171875
1709 0.5859375 0.89765625 0.00859375 0.0046875
1224 0.42578125 0.371875 0.228125 0.2890625
1793 0.89609375 0.33515625 0.02421875 0.08828125