1556 0.6592471963664577 0.05599600343171929 0.03769118969849785 0.04162521034569899
1557 0.6209021734876405 0.056328624043974984 0.03769118969849785 0.04162521034569897
1559 0.5826846963664577 0.05822374465623066 0.03781873545613248 0.043187710345698974
1560 0.5450571506088232 0.05775238321517502 0.04094373545613248 0.04327863855894436
1561 0.5074933777300059 0.05806227177411936 0.03925368969849785 0.041670674452321664
1562 0.4699296048511886 0.05837216033306371 0.04094373545613248 0.043278638558944336
1563 0.43242960485118864 0.059463298892008055 0.04094373545613248 0.043278638558944336
1564 0.39486583197237135 0.059773187450952406 0.04081618969849794 0.041716138558944335
1337 0.20483076333591957 0.06295332640560816 0.22063097758022465 0.12488765439406194
724 0.525557593641301 0.11626957686782657 0.11581618969849786 0.04389841567683304
1899 0.5892691494008752 0.16766694081616468 0.05114791181871077 0.015517351411925784
1840 0.5913098815230278 0.1926669408161647 0.051020366061076315 0.013954851411925784
539 0.638838843641301 0.1129734291376822 0.05880091515269079 0.03288670783841652
540 0.4172986834895801 0.11393785022479157 0.06179836939505616 0.031415136051661866
1806 0.742585468037327 0.16555520836714194 0.05258286606107632 0.0140003155185485
2189 0.7433187916747486 0.1937256724737646 0.052710411818710765 0.0155628155185485
2156 0.745550842433353 0.22106942247376465 0.05258286606107632 0.014000315518548412
2080 0.7455029160707746 0.24926261863369864 0.05114791181871077 0.015517351411925784
4453 0.5928722525850738 0.23099365492278734 0.05982128121376693 0.045386707838416564
1571 0.3444670903073211 0.1043104491294349 0.06441318636451801 0.02525606426490725
1851 0.3501589809142046 0.12607178886287818 0.052710411818710765 0.0155628155185485
1611 0.35357089439990536 0.14868257475625551 0.070663186364518 0.02543792069139794
1617 0.35301278500678884 0.17062577091618952 0.070663186364518 0.02543792069139794
1818 0.27538212152108804 0.15017453008738957 0.05089282030344169 0.012392351411925785
1829 0.275477716370337 0.17053249419401223 0.05089282030344178 0.012392351411925785
1566 0.19630039940087518 0.17910116363176898 0.070663186364518 0.02543792069139794
1085 0.15280561985409813 0.14512698040395872 0.047767820303441774 0.012301423198680439
1910 0.11095283076442337 0.1792352074427051 0.04958541181871081 0.015471887305303111
1933 0.11261092561367234 0.1995477074427051 0.049330320303441776 0.012346887305303112
1096 0.11355154334173856 0.22066418949601646 0.05245532030344173 0.0124378155185485
489 0.12365986697916018 0.24856186896290308 0.08915809484924897 0.02285848997087019
1933 0.1739788603112004 0.21264108933773188 0.015593049091614386 0.019159176959604098
2211 0.13953982955647537 0.2896044061099216 0.021300915152690704 0.03179556927947225
1347 0.19741610243529265 0.2887034841648824 0.05500623545613248 0.0436878155185485
2222 0.16291342773970424 0.32651337272382674 0.05114791181871081 0.015517351411925784
720 0.1577154868332583 0.3971441214701855 0.12649834030732107 0.1174723079967011
1574 0.2814722380412063 0.28234217240725756 0.0697384151526907 0.03320495658477522
1382 0.276880590766363 0.22609217240725762 0.1576846963664577 0.07941001834240007
1575 0.5965710795564754 0.2763061549227873 0.07117336939505617 0.03168792069139794
1166 0.7071894572864813 0.34591630977906773 0.0998719384905499 0.15410848997087018
1327 0.8653053619781904 0.20113970421050684 0.19623598183228844 0.37981919530200425
1335 0.8877692618381076 0.5051141503704409 0.1860642721299115 0.2361146594086268
1876 0.7597081636548786 0.4712512789002553 0.04958541181871077 0.015471887305303156
1865 0.7620039872923002 0.49937627890025543 0.05114791181871077 0.015517351411925872
1888 0.7634547880509046 0.5267427609535666 0.05114791181871077 0.015517351411925872
740 0.6290964081948669 0.3293940510035791 0.051020366061076315 0.013954851411925784
951 0.6308820488017504 0.3512690510035791 0.051020366061076315 0.013954851411925784
852 0.632476370772182 0.3708003010035791 0.05089282030344187 0.012392351411925785
1419 0.41903575304411583 0.3558669374509524 0.19250597758022464 0.12406930047485379
1036 0.43888548062434046 0.4743214207579049 0.051020366061076315 0.013954851411925873
1474 0.31012236502230617 0.585353512140701 0.05497428454774687 0.062392351411925874
721 0.16107921608047293 0.5246924599499876 0.12337334030732108 0.11738137978345584
1807 0.25454204471886444 0.5760072558724947 0.04802291181871077 0.015426423198680438
2200 0.2559290725986515 0.6025924879258062 0.05114791181871077 0.015517351411925872
3766 0.694929218037327 0.1669418636191337 0.03227036606107632 0.013409282132453626
4157 0.6948812916747487 0.1951350597790677 0.03239791181871077 0.014971782132453626
4122 0.6972408881909875 0.22404130977906772 0.03227036606107632 0.013409282132453626
4046 0.6986279160707747 0.2506265418323791 0.03227036606107632 0.013409282132453626
4265 0.7749350666795978 0.32201815703435843 0.02806109818322895 0.038227425705962936
2518 0.622783280005819 0.13693376636384302 0.09815045757634522 0.01844377461060622
3767 0.6464119697043169 0.17696773297774815 0.05114791181871077 0.015517351411925784
3800 0.6473525874323831 0.1980842150310595 0.05114791181871077 0.015517351411925784
4285 0.6454870695545357 0.2231978752976162 0.035395366061076315 0.013500210345698972
2844 0.6332259277397043 0.3128286766303997 0.033832866061076314 0.013454746239076342
2955 0.631009465621431 0.3912037292168245 0.03396041181871077 0.015017246239076344
3057 0.5942587647130454 0.41106759982908014 0.037085411818710765 0.015108174452321599
3753 0.7434455638046599 0.4255212417532368 0.028603232122152634 0.025772889812585475
4374 0.7810731095622944 0.4259926031942925 0.03064396424430509 0.05077288981258547
3833 0.7038089789573505 0.4579987726320492 0.05283795757634539 0.01712531551854841
3822 0.7034102372923002 0.5010811828986059 0.05114791181871077 0.015517351411925872
3844 0.7033623109297219 0.5292743790585399 0.05283795757634522 0.017125315518548588
2489 0.794003028508007 0.5939840852476038 0.025191189698497853 0.04126149749271768
2486 0.7728136836587579 0.5742398865803873 0.028316189698497852 0.04135242570596276
2485 0.7517517556291896 0.5944303661264161 0.025191189698497853 0.04126149749271768
2468 0.7302275709316616 0.580177649512511 0.027518964244305267 0.05068196159934022
2467 0.7091178454774688 0.5901891470052286 0.029081464244305265 0.05072742570596276
2476 0.6844686607799406 0.5760273586045688 0.025191189698497853 0.04126149749271768
2475 0.6641879827503724 0.5961951060972863 0.02675368969849785 0.04130696159934022
2474 0.6405911150223063 0.5757378535900038 0.025191189698497853 0.04126149749271768
2473 0.6195929598715552 0.5967095831360327 0.02675368969849785 0.04130696159934022
2472 0.5952786150223062 0.5770563126820616 0.023756235456132303 0.04277853338609496
2471 0.5757154141139205 0.5964200781214678 0.02675368969849785 0.04130696159934022
2470 0.5521185463858543 0.5759628256141853 0.025191189698497853 0.04126149749271768
2469 0.5319654141139205 0.5976930731069029 0.025191189698497853 0.0412614974927175
2466 0.5052435463858543 0.5773267488128658 0.02675368969849785 0.04130696159934022
2465 0.48496286835628605 0.5974944963055833 0.025191189698497853 0.0412614974927175
2446 0.4610471362341334 0.5731309937983008 0.029081464244305265 0.05072742570596276
2445 0.4399214353257479 0.5925402233443297 0.027774055759574166 0.05380696159934004
2454 0.4191785006282198 0.5782647746771132 0.02206618969849785 0.04117056927947225
2453 0.3973353225986515 0.5984779862764534 0.02675368969849785 0.04130696159934022
2452 0.3751734091129507 0.5764127696625483 0.025191189698497853 0.0412614974927175
2451 0.35267652684101697 0.5982112133151999 0.02531873545613248 0.0428239974927175
2447 0.26117455305381415 0.6188850776592494 0.04789536606107632 0.013863923198680439
2450 0.35969205926273196 0.5306600004622184 0.02831618969849794 0.04135242570596294
3767 0.2524215642637018 0.5596237379258061 0.04802291181871077 0.015426423198680438
2448 0.2783145135050974 0.5314616340065978 0.0594386439408634 0.040699207838416386
2449 0.3128645988114487 0.618947262140701 0.04139027454580724 0.010557066772189571
2444 0.19701645820456518 0.6003911419241567 0.02519118969849794 0.0412614974927175
2339 0.1745037294163925 0.5932151394168741 0.027231921820650484 0.06626149749271767
2253 0.15256495653757524 0.5930703869095917 0.028666876063015944 0.06474446159934022
2608 0.11295993578478987 0.7218689883215175 0.03338606909549373 0.12255696159934022
2249 0.11037681184780582 0.786158808854631 0.008322683030538158 0.006477320533113407
2323 0.11769497533350659 0.8086559344814515 0.023660640606883464 0.022511497492717324
2705 0.11938489215318722 0.8485451485880742 0.02337359818322886 0.03809103338609461
2277 0.13314527684101699 0.6045989202956866 0.02480855242559432 0.03657399749271768
2501 0.9147768826102896 0.8935317926903089 0.06833541181871076 0.0160174565847754
2500 0.9099141683659845 0.8435545247436202 0.06364791181871113 0.015881064264907253
2499 0.9498376666989945 0.8337787079714307 0.0563136439408634 0.040608279625170954
2498 0.9486419574556593 0.8095372259181192 0.056313643940863044 0.04060827962517131
2488 0.9471114083640447 0.7907872259181191 0.056568735456132654 0.043733279625171304
2487 0.9430457906359784 0.7697616720780532 0.06281873545613266 0.04391513605166182
2494 0.9434763542714606 0.7462559759181191 0.05931109818322895 0.039136707838416385
2493 0.9416907136645769 0.7243809759181191 0.05931109818322895 0.039136707838416385
2490 0.9415313459365107 0.7032417618114966 0.0594386439408634 0.04069920783841656
2492 0.9354568180567236 0.6767929220780532 0.04630091515269079 0.032522994985435004
2269 0.9400327477532819 0.6656962977048739 0.05982128121376675 0.04538670783841638
2491 0.9327783571463986 0.6439804220780532 0.04617336939505634 0.030960494985435006
2268 0.9352656283582256 0.6360769938648078 0.06269118969849785 0.04235263605166182
2279 0.5708854244057243 0.2974142767886843 0.16871804909161447 0.023614659408626882
2410 0.58035524562725 0.5477325255350431 0.20803564060688337 0.027876262074194004
2535 0.7283303600213363 0.5473424174591998 0.06664536606107632 0.014409492478152685
2320 0.33295421608047293 0.5196914082214927 0.0363518303053814 0.06340928213245363
2379 0.16350400379302182 0.13228599960428858 0.09333541181871081 0.016744882290738162
2519 0.44363804288269665 0.09124449630558332 0.10114791181871077 0.01697220282385161
2605 0.42085386031120037 0.20545776049134828 0.1325254575763454 0.019443984956305192
4204 0.5493618843979657 0.09130066910855233 0.08552291181871077 0.016517561757624775
3573 0.5485963519762507 0.15867002553504306 0.021556006667959694 0.03492056927947216
3574 0.5305638290974335 0.1584116127612039 0.019738415152690793 0.03175010517284953
3576 0.5150026019762507 0.1596475038274307 0.01986596091032524 0.03331260517284949
3577 0.4985963519762507 0.16012487694696884 0.016868506667959693 0.0347841769596041
3578 0.48368882909743344 0.1597755359598843 0.018431006667959694 0.03482964106622681
3579 0.4680000562186161 0.15944892702611113 0.018303460910325243 0.033267141066226816
3580 0.45243882909743344 0.16068481809233795 0.019993506667959692 0.03487510517284949
3581 0.4351237833397989 0.15962242326518744 0.021428460910325242 0.03335806927947216
3811 0.4136793469752808 0.13675322459797096 0.04802291181871077 0.015426423198680438
3188 0.4065523731880781 0.15497202718439568 0.03552291181871077 0.015062710345698971
3199 0.40711035364324066 0.17140100923770704 0.03552291181871077 0.015062710345698971
2680 0.47187409743432285 0.25487508729266783 0.020025457576345218 0.016170569279472247
2685 0.44681032455550557 0.2548212629986307 0.018462957576345397 0.01612510517284953
2692 0.42649782455550556 0.25541229638472557 0.020025457576345395 0.016170569279472156
2701 0.404495278797871 0.25448629387744315 0.020025457576345395 0.016170569279472156
2710 0.382620278797871 0.2551227913701607 0.020025457576345395 0.016170569279472156
2715 0.3606815059190537 0.2549780388628782 0.020025457576345395 0.016170569279472247
2671 0.47330892273873443 0.2916393013992905 0.020153003333980023 0.017733069279472158
2682 0.4505888998599171 0.29151728094531937 0.021587957576345396 0.016216033386094876
2690 0.4287138998599171 0.2921537784380369 0.020025457576345395 0.016170569279472156
2693 0.40677512698109985 0.29200902593075445 0.020025457576345395 0.016170569279472247
2706 0.38405510410228255 0.29188700547678337 0.021587957576345396 0.016216033386094876
2714 0.3629613541022826 0.29250077091618953 0.016900457576345396 0.016079641066226814
2655 0.5208534734973387 0.31766459230723276 0.02576527454580706 0.010102425705962936
2784 0.5245364539525014 0.33400264614729874 0.013392820303441865 0.011301212852981468
2769 0.5256205928923949 0.34728389614729877 0.014955320303441866 0.011346676959604096
2756 0.5267685047111057 0.3613463961472988 0.015082866061076316 0.012909176959604095
2728 0.5271351665298166 0.3754316282006101 0.01326527454580706 0.009738712852981469
2644 0.5275018283485273 0.3895168602539214 0.013392820303441865 0.01130121285298138
2661 0.5821736107702424 0.32057899214894825 0.029017820303441865 0.011755853919208192
2645 0.5809139997101359 0.3339284383088822 0.028890274545807237 0.010193353919208281
2775 0.5765931615288468 0.3481500626820616 0.015082866061076316 0.012909176959604095
2766 0.5777410733475575 0.36221256268206165 0.013392820303441865 0.01130121285298138
2745 0.5788889851662684 0.3762750626820616 0.013265274545807237 0.00973871285298138
2700 0.5791918741061619 0.38957904473537297 0.014955320303441688 0.011346676959604096
2538 0.5994721653218686 0.4845278318823915 0.21715554909161447 0.025024046713929948
3630 0.5275492389592902 0.5148123769469688 0.2979590100019397 0.06010975204506401
4341 0.502453901985949 0.41843748211981835 0.026913186364518005 0.024164925705962938
2753 0.4768639706224008 0.4215313898790926 0.020025457576345395 0.016170569279472247
2751 0.45648769774358355 0.4213411732651874 0.020025457576345218 0.016170569279472247
2749 0.43305019774358355 0.42202313486452764 0.020025457576345218 0.016170569279472247
2747 0.4102664019859491 0.4211198644105565 0.020025457576345218 0.016170569279472247
2741 0.3892364248647663 0.4225148798499627 0.020025457576345395 0.016170569279472247
2739 0.367297651985949 0.4223701273426803 0.020025457576345395 0.016170569279472247
2754 0.4741374544115433 0.455284264252272 0.020025457576345395 0.016170569279472247
2752 0.4506999544115434 0.4559662258516122 0.020280549091614475 0.019295569279472246
2750 0.42882495441154334 0.45660272334432966 0.017028003333979847 0.017642141066226812
2748 0.4060411586539088 0.4556994528903585 0.020025457576345395 0.016170569279472247
2746 0.3841661586539088 0.4563359503830761 0.020025457576345395 0.016170569279472247
2740 0.36066488577509154 0.45623666198241636 0.020153003333979846 0.017733069279472248
3153 0.38738675350315777 0.4766029862764534 0.03239791181871077 0.014971782132453626
4168 0.2463149565375752 0.5903425405122308 0.03695786606107632 0.013545674452321776
4234 0.21855661835628606 0.6052461264847505 0.022735869395056164 0.030278533386094965
3439 0.10679007093166157 0.5983178280549608 0.024425915152690703 0.031886497492717505
2842 0.23778523729230025 0.5146294866721648 0.03064396424430509 0.05077288981258547
2841 0.2331937189554109 0.4200073084589195 0.03376896424430509 0.05086381802583091
2738 0.2583691910756237 0.39264918659302256 0.02732777454580724 0.010147889812585565
2736 0.25715750637809565 0.37780543659302257 0.029017820303441688 0.01175585391920828
2733 0.25607336743820214 0.36452418659302255 0.029017820303441688 0.01175585391920828
2729 0.25420797849830856 0.3512656686463339 0.028890274545807237 0.010193353919208281
2723 0.2537775438007805 0.3363991865930226 0.025765274545807237 0.010102425705962936
2721 0.25425590486088695 0.3230724724863999 0.02901782030344178 0.01175585391920828
2737 0.31858921395444106 0.39168006848804937 0.02589282030344169 0.011664925705962937
2734 0.3174413021357302 0.3776175684880494 0.02589282030344169 0.011664925705962937
2732 0.3163571631958367 0.36433631848804937 0.02589282030344169 0.011664925705962937
2724 0.3144917742559431 0.35107780054136073 0.02901782030344178 0.01175585391920828
2722 0.31406133955841503 0.33621131848804936 0.027455320303441777 0.011710389812585565
2718 0.3153209506185215 0.3228618723281153 0.02589282030344169 0.011664925705962937
2278 0.2930155159209934 0.30863188776752154 0.1419004575763454 0.019716769596041316
4190 0.20854479213379057 0.329101163631769 0.026785640606883467 0.022602425705962936
4376 0.3436540183368894 0.08475646707612357 0.06677291181871077 0.015971992478152598
4375 0.29996779121570666 0.08681071206155863 0.02429836939505616 0.030323997492717525
3751 0.34048083409840324 0.18978494787579367 0.04958541181871077 0.015471887305303111
3778 0.22343698424818442 0.14698734560593804 0.04958541181871077 0.015471887305303111
3789 0.22295862318807802 0.16031405971256074 0.04958541181871077 0.015471887305303156
3866 0.10967737318807802 0.1636102074427051 0.05114791181871081 0.015517351411925784
3210 0.1558348960668953 0.16305026629733602 0.03227036606107632 0.013409282132453626
3889 0.15258222137130686 0.19995087272382675 0.024170823637421623 0.028761497492717503
3878 0.19012988985797746 0.24741089443143913 0.024425915152690703 0.031886497492717505
3221 0.0911981822816321 0.23462740109535668 0.03227036606107627 0.013409282132453626
2340 0.1714754847072264 0.2683144278175339 0.024170823637421623 0.028761497492717503
3232 0.09197930334367822 0.2729768472552907 0.023660640606883488 0.022511497492717504
4179 0.11388612531410991 0.2919170638691958 0.02366064060688351 0.022511497492717504
1345 0.5223188313926432 0.7577273026529318 0.8187809194047546 0.31064123027094476
571 0.4697056906165818 0.2666847655059132 0.013137728788172608 0.008176212852981469
570 0.4707260566776581 0.2791847655059132 0.01470022878817261 0.008221676959604097
573 0.44776691773776456 0.2665400129986307 0.013137728788172608 0.008176212852981379
575 0.4250468948589473 0.2664179925446596 0.01470022878817261 0.008221676959604097
578 0.40232687198013 0.2662959720906885 0.013010183030538159 0.006613712852981379
580 0.38123312198013004 0.26690973753009467 0.016262728788172698 0.008267141066226813
582 0.35851309910131274 0.26678771707612353 0.014700228788172698 0.008221676959604097
572 0.44878728379884086 0.2790400129986307 0.01326527454580706 0.00973871285298138
574 0.4269760566776581 0.2804577604913483 0.013265274545807237 0.00973871285298138
576 0.40497351092002354 0.2795317579840658 0.014827774545807238 0.009784176959604096
579 0.38153601092002354 0.280213719583406 0.013265274545807237 0.009738712852981469
581 0.35966101092002356 0.2808502170761235 0.014827774545807238 0.009784176959604096
569 0.5609523150126078 0.3196302575883544 0.013265274545807237 0.00973871285298138
568 0.5405760421337906 0.3194400409744492 0.01470022878817261 0.008221676959604097
567 0.5621002268313187 0.33369275758835437 0.013010183030538159 0.006613712852981379
613 0.5393802039525013 0.33357073713438323 0.014572683030538158 0.006659176959604096
612 0.5632481386500295 0.34775525758835435 0.01470022878817261 0.008221676959604097
611 0.5420906157712122 0.3475877730277606 0.013010183030538159 0.006613712852981379
610 0.5636148004687402 0.3618404896416657 0.013137728788172608 0.008176212852981469
609 0.542457277589923 0.3616730050810719 0.01639027454580706 0.009829641066226812
599 0.564762712287451 0.37590298964166574 0.01613518303053816 0.006704641066226813
588 0.5428239394086338 0.3757582371343833 0.013137728788172608 0.008176212852981469
577 0.565910624106162 0.3899654896416657 0.01470022878817261 0.008221676959604097
566 0.5431268283485273 0.38906221918769457 0.014572683030538158 0.006659176959604096
607 0.47931929092584263 0.4324234257724699 0.013137728788172608 0.008176212852981379
608 0.48040342986573614 0.4457046757724699 0.013010183030538159 0.006613712852981379
605 0.45666304092584264 0.43308265531849877 0.01482777454580706 0.009784176959604096
606 0.45846465698691885 0.4455599232651874 0.013265274545807237 0.00973871285298138
604 0.43580840698691886 0.44621915281121627 0.013265274545807237 0.00973871285298138
603 0.4347242680470253 0.43293790281121625 0.013010183030538159 0.006613712852981379
601 0.412785495168208 0.4327931503039338 0.01326527454580706 0.00973871285298138
598 0.390910495168208 0.43342964779665144 0.013010183030538159 0.006613712852981379
596 0.3681904722893908 0.4333076273426803 0.014827774545807238 0.009784176959604096
602 0.4146508841081015 0.4460516682506225 0.01326527454580706 0.00973871285298138
600 0.3919946341081016 0.44671089779665146 0.013137728788172699 0.008176212852981379
597 0.3700558612292843 0.44656614528936894 0.013265274545807237 0.00973871285298138
583 0.29650717773970425 0.32262619160758754 0.011575228788172697 0.008130748746358751
584 0.27456840486088696 0.3224814391003051 0.011702774545807237 0.00969324874635884
586 0.2748712938007805 0.33578542115361637 0.013137728788172699 0.008176212852981469
589 0.2760829784983086 0.35062917115361636 0.014827774545807238 0.009784176959604096
591 0.2771671174382021 0.3639104211536164 0.013265274545807237 0.009738712852981469
593 0.27753377925691297 0.3779956532069277 0.013010183030538159 0.006613712852981379
595 0.27868169107562374 0.3920581532069277 0.01470022878817261 0.008221676959604097
585 0.29609258955841505 0.33673415571421017 0.013137728788172699 0.008176212852981469
587 0.2963954784983086 0.3500381377675216 0.013265274545807237 0.00973871285298138
590 0.29754339031701943 0.36410063776752155 0.013265274545807237 0.00973871285298138
592 0.2986913021357302 0.37816313776752153 0.01470022878817261 0.008221676959604097
594 0.29905796395444106 0.3922483698208329 0.014572683030538158 0.006659176959604096
565 0.09720932409646359 0.1451784561890639 0.03616064060688351 0.02287521034569897
211 0.742585468037327 0.16555520836714194 0.01782522878817261 0.00831260517284953
211 0.7424737687959313 0.19296715452707597 0.017697683030538158 0.006750105172849486
211 0.745550842433353 0.22106942247376465 0.017697683030538158 0.00675010517284953
211 0.7470654160707746 0.24921715452707596 0.016390274545807236 0.009829641066226812
230 0.6378662750048492 0.11065241119099353 0.02720022878817261 0.008585389812585564
211 0.5899866265220579 0.16686295876285334 0.01926018303053816 0.006795569279472158
224 0.5905286315230278 0.19268967286947603 0.01938772878817261 0.008358069279472158
30 0.7181907301652986 0.34637931103270897 0.044929604851188645 0.07301160266556703
236 0.7604256407760615 0.4704472968469441 0.01951527454580706 0.009920569279472246
236 0.761940214413483 0.4985950289002554 0.01951527454580724 0.009920569279472246
211 0.7634547880509046 0.5267427609535666 0.01613518303053816 0.006704641066226813
230 0.4148911606107628 0.11322479638472557 0.02732777454580724 0.010147889812585565
230 0.34925018515657 0.12453202091618953 0.01613518303053816 0.006704641066226813
211 0.2583365954774688 0.6033055417658721 0.0178252287881727 0.00831260517284953
209 0.2537607947188644 0.5760299879258061 0.01938772878817261 0.008358069279472247
209 0.1629772006185215 0.32729462272382676 0.021077774545807237 0.009966033386094874
211 0.1379135566776581 0.28886862021654425 0.013265274545807237 0.00973871285298138
249 0.17391508743238315 0.21185983933773186 0.010395366061076317 0.012772784639736124
270 0.11182967561367234 0.19957043949601644 0.014700228788172698 0.008221676959604097
230 0.10939033076442337 0.17928067154932778 0.01613518303053816 0.006704641066226813
262 0.275477716370337 0.17053249419401223 0.016390274545807236 0.009829641066226812
262 0.2745370986422708 0.1494160121407009 0.017697683030538158 0.006750105172849486