1556 0.06366886461650231 0.36953125 0.042605670671545234 0.0359375
1557 0.0647859219446389 0.4078125 0.042605670671545234 0.0359375
1559 0.06590297927277551 0.44609375 0.044168170671545236 0.0359375
1560 0.06624787726768484 0.48359375 0.04420453333863612 0.0390625
1561 0.06737402526259416 0.52109375 0.04262385200509067 0.0375
1562 0.06771892325750348 0.55859375 0.04420453333863612 0.0390625
1563 0.06962632125241282 0.59609375 0.04420453333863612 0.0390625
1564 0.07075246924732213 0.63359375 0.04264203333863612 0.0390625
1337 0.0755746872215506 0.8234375 0.12592834269572595 0.2140625
724 0.12538651993159405 0.50390625 0.04351473734881743 0.1140625
1899 0.17532343260663913 0.4421875 0.014644302673454224 0.05
1840 0.20033252327341183 0.44140625 0.013081802673454223 0.05
539 0.12044557594686607 0.39140625 0.031922709341181486 0.0578125
540 0.12412291725018565 0.6125 0.030396572008272348 0.0609375
1806 0.17163645329409272 0.2890625 0.013099984006999677 0.0515625
2189 0.1997614532940927 0.2890625 0.014662484006999677 0.0515625
2156 0.2271142939608654 0.28828125 0.013099984006999677 0.0515625
2080 0.25523020329409274 0.2890625 0.014644302673454313 0.05
4453 0.23862286394018456 0.440625 0.04442270934118149 0.0578125
1571 0.11546498524032245 0.68515625 0.02416475334181776 0.0625
1851 0.1374036199077315 0.6796875 0.014662484006999677 0.0515625
1611 0.16008714190804968 0.67734375 0.02579997867599957 0.06875
1617 0.18195305124127698 0.678125 0.02579997867599957 0.06875
1818 0.16152182523077746 0.75546875 0.011519302673454223 0.05
1829 0.18183432523077744 0.75546875 0.011519302673454223 0.05
1566 0.1918445772199598 0.83515625 0.02579997867599957 0.06875
1085 0.15854118121423275 0.87734375 0.011482940006363362 0.046875
1910 0.19319744454173304 0.9203125 0.01462612133990877 0.0484375
1933 0.21351903520850576 0.91953125 0.01150112133990877 0.0484375
1096 0.23384062587527846 0.91875 0.011537484006999676 0.0515625
489 0.26208380454332386 0.90859375 0.022893154678544914 0.0875
1933 0.2259559478835508 0.8578125 0.018913632001908987 0.0140625
2211 0.30364459587846016 0.8953125 0.0314863573360908 0.0203125
1347 0.3011923052196416 0.8375 0.042805665340545127 0.053125
2222 0.3398457252148691 0.87265625 0.014644302673454224 0.05
720 0.4100764092139146 0.8796875 0.1185692813494537 0.11875
1574 0.2935803472310956 0.753125 0.03204997867599957 0.06875
1382 0.23729398456400475 0.75625 0.07834427068745357 0.153125
1575 0.28396263594050275 0.43828125 0.03206816000954502 0.0703125
1166 0.35241373862191117 0.3296875 0.15416133601209037 0.0890625
1327 0.20585800664386467 0.16796875 0.37856244668999894 0.171875
1335 0.5099278886457738 0.15390625 0.2363567653564534 0.1703125
1876 0.47719610996181994 0.28125 0.01462612133990877 0.0484375
1865 0.5053392912953655 0.2796875 0.014644302673454134 0.05
1888 0.532692131962138 0.27890625 0.014644302673454134 0.05
740 0.3374512626114116 0.40703125 0.013081802673454223 0.05
951 0.35933535327818433 0.40625 0.013081802673454223 0.05
852 0.37887569394495707 0.40546875 0.011519302673454223 0.05
1419 0.36624678258277654 0.61796875 0.1240385786919079 0.1859375
1036 0.48441552725177656 0.60078125 0.013081802673454134 0.05
1474 0.5961604545671865 0.7328125 0.06151930267345414 0.05
721 0.5382014092139146 0.8796875 0.11697041868236298 0.115625
1807 0.5884837672263231 0.78828125 0.014607940006363406 0.046875
2200 0.615046267226323 0.78828125 0.014644302673454134 0.05
3766 0.17342567262095665 0.33671875 0.014426126670908878 0.03125
4157 0.20232283195418393 0.3375 0.01598862667090888 0.03125
4122 0.23045692262095666 0.33671875 0.014426126670908878 0.03125
4046 0.25702851328772935 0.3359375 0.014426126670908878 0.03125
4265 0.32820462663113803 0.26171875 0.03937158267027261 0.0265625
2518 0.1452455812778662 0.40859375 0.01831474267981754 0.096875
3767 0.18457171061427516 0.3859375 0.014644302673454224 0.05
3800 0.2056745512810479 0.38515625 0.014644302673454224 0.05
4285 0.23063818861395696 0.38828125 0.014462489337999785 0.034375
2844 0.32109046594527524 0.403125 0.014444308004454332 0.0328125
2955 0.3991700126114116 0.40703125 0.01600680800445442 0.0328125
3057 0.41904616060632094 0.44453125 0.016043170671545325 0.0359375
3753 0.43171088729313817 0.29609375 0.026889764003817974 0.028125
4374 0.43214723929822885 0.25859375 0.051871582670272434 0.0265625
3833 0.46483192262095663 0.33671875 0.016224984006999676 0.0515625
3822 0.5077824912874112 0.33828125 0.014644302673454134 0.05
3844 0.5358984006206385 0.3390625 0.016224984006999676 0.0515625
2489 0.6002159866327288 0.25 0.0408977200031817 0.0234375
2486 0.5804392886298653 0.27109375 0.042496582670272606 0.0265625
2485 0.6005063406270018 0.2921875 0.0408977200031817 0.0234375
2468 0.5869705519573656 0.3140625 0.050272720003181705 0.0234375
2467 0.5968813539545021 0.33515625 0.05185340133672707 0.025
2476 0.5833182932845478 0.359375 0.0408977200031817 0.0234375
2475 0.6033944359484569 0.3796875 0.04247840133672707 0.025
2474 0.5835904659452752 0.403125 0.0408977200031817 0.0234375
2473 0.6044387679424117 0.42421875 0.04247840133672707 0.025
2472 0.5854069572724574 0.4484375 0.04244203866963616 0.021875
2471 0.6047018499363666 0.46875 0.04247840133672707 0.025
2470 0.5849069705999577 0.49140625 0.0408977200031817 0.0234375
2469 0.6065365225970941 0.5125 0.0408977200031817 0.0234375
2466 0.5867052805935943 0.53828125 0.04247840133672724 0.025
2465 0.6067723325907307 0.559375 0.0408977200031817 0.0234375
2446 0.5830712032543218 0.58203125 0.05185340133672707 0.025
2445 0.6023479145846856 0.60390625 0.0533977200031817 0.0234375
2454 0.5888303072485949 0.62421875 0.040861357336090795 0.0203125
2453 0.6088791779121859 0.646875 0.04247840133672724 0.025
2452 0.5875399799093224 0.66796875 0.0408977200031817 0.0234375
2451 0.6091422599061407 0.69140625 0.042460220003181705 0.0234375
2447 0.6307349018937322 0.7828125 0.013045440006363406 0.046875
2450 0.5412825979074134 0.68203125 0.042496582670272606 0.0265625
3767 0.5720593358927777 0.78984375 0.014607940006363406 0.046875
2448 0.5434621685630502 0.76328125 0.039735209341181486 0.0578125
2449 0.6297723859007318 0.73125 0.011410214672181595 0.040625
2444 0.613583217218369 0.846875 0.0408977200031817 0.0234375
2339 0.6062974285487327 0.86875 0.06587953866963617 0.021875
2253 0.6068241398790966 0.890625 0.0658977200031817 0.0234375
2608 0.7360116532065968 0.93359375 0.12218408267027243 0.0265625
2249 0.8000286998727331 0.9375 0.006340906667727353 0.0078125
2323 0.8227576752069149 0.93125 0.022129538669636163 0.021875
2705 0.862601425206915 0.93125 0.03775453866963616 0.021875
2277 0.6175252825430058 0.9109375 0.0377727200031817 0.0234375
2501 0.8976006113144553 0.1390625 0.014844297342454382 0.0671875
2500 0.8475642486473646 0.1421875 0.014789753341817757 0.0625
2499 0.8370903726527732 0.10234375 0.03969884667409076 0.0546875
2498 0.8136437819860006 0.103125 0.039698846674090404 0.0546875
2488 0.7948937819860007 0.103125 0.04282384667409041 0.0546875
2487 0.7737636693189097 0.10625 0.04289657200827239 0.0609375
2494 0.7503352599856825 0.10546875 0.038172709341181485 0.0578125
2493 0.7284511693189097 0.10625 0.038172709341181485 0.0578125
2490 0.7073574193189097 0.10625 0.039735209341181486 0.0578125
2492 0.681503443984728 0.1125 0.03333975867281787 0.0453125
2269 0.6698483286521371 0.10703125 0.04286020934118149 0.0578125
2491 0.6486818533179552 0.11328125 0.030214758672817865 0.0453125
2268 0.6401244659850461 0.11015625 0.039771572008272395 0.0609375
2279 0.3055376439370029 0.4640625 0.02382040268936265 0.1671875
2410 0.5555558252705484 0.4625 0.028962436027998705 0.20625
2535 0.5541489612905929 0.31484375 0.013263616008908663 0.065625
2320 0.5308263559039135 0.7078125 0.06442612667090888 0.03125
2379 0.14538720054905085 0.86640625 0.01669769867918127 0.0921875
2519 0.10177574992045821 0.5859375 0.016788605346908448 0.1
2605 0.21554734858373106 0.6109375 0.020277232017817327 0.13125
4204 0.09987798993477573 0.48046875 0.016606792011454007 0.084375
3573 0.16703821793445756 0.4828125 0.034611357336090796 0.0203125
3574 0.16761038259868494 0.50078125 0.031468176002545346 0.01875
3576 0.1682098192632305 0.51640625 0.03303067600254535 0.01875
3577 0.16880016526100333 0.5328125 0.03455681333545444 0.015625
3578 0.1694086925923216 0.54765625 0.034574994668999895 0.0171875
3579 0.16922687925686714 0.56328125 0.033012494668999894 0.0171875
3580 0.1698263159214127 0.57890625 0.03459317600254534 0.01875
3581 0.1696263212524128 0.59609375 0.033048857336090795 0.0203125
3811 0.1467246232495493 0.6171875 0.014607940006363318 0.046875
3188 0.1646115572485948 0.62421875 0.016024989337999784 0.034375
3199 0.1810178072485948 0.62421875 0.016024989337999784 0.034375
2680 0.2645575605904126 0.56171875 0.015843176002545346 0.01875
2685 0.2650479092536855 0.58671875 0.015824994668999892 0.0171875
2692 0.2655928019175947 0.60703125 0.015843176002545346 0.01875
2701 0.2653382632479585 0.62890625 0.015843176002545346 0.01875
2710 0.26586497457832226 0.65078125 0.015843176002545346 0.01875
2715 0.266391685908686 0.67265625 0.015843176002545346 0.01875
2671 0.3012763105904126 0.56171875 0.017405676002545344 0.01875
2682 0.30179393125400367 0.584375 0.015861357336090797 0.0203125
2690 0.3023206425843674 0.60625 0.015843176002545346 0.01875
2693 0.3028473539147312 0.628125 0.015843176002545346 0.01875
2706 0.3025837245783222 0.65078125 0.015861357336090797 0.0203125
2714 0.3039007765754588 0.671875 0.015806813335454438 0.015625
2655 0.32682175059677593 0.51484375 0.011228401336727067 0.025
2784 0.3424831132638668 0.51171875 0.011082950668363534 0.0125
2769 0.3557734539306395 0.5109375 0.011101132001908987 0.0140625
2756 0.36983595393063956 0.5109375 0.012663632001908986 0.0140625
2728 0.3839075445974123 0.51015625 0.009520450668363534 0.0125
2644 0.39797004459741225 0.51015625 0.011082950668363623 0.0125
2661 0.3290933226050483 0.45390625 0.012827264003817973 0.028125
2645 0.34235639127150286 0.45546875 0.011264764003817974 0.028125
2775 0.3563643472708665 0.46015625 0.012663632001908986 0.0140625
2766 0.3704268472708665 0.46015625 0.011082950668363623 0.0125
2745 0.38450752860441195 0.45859375 0.009520450668363534 0.0125
2700 0.397788778604412 0.45859375 0.011101132001908987 0.0140625
2538 0.4925200232734118 0.44140625 0.025946524029271424 0.215625
3630 0.5237058412635487 0.5140625 0.06124877204008907 0.2953125
4341 0.42812971192713967 0.53671875 0.02530908267027243 0.0265625
2753 0.4309638105904126 0.56171875 0.015843176002545256 0.01875
2751 0.4315087032543218 0.58203125 0.015843176002545433 0.01875
2749 0.4320172332511401 0.60546875 0.015843176002545433 0.01875
2747 0.43175360391473117 0.628125 0.015843176002545433 0.01875
2741 0.4330706559118678 0.64921875 0.015843176002545433 0.01875
2739 0.4335973672422314 0.67109375 0.015843176002545433 0.01875
2754 0.4645121072565489 0.565625 0.015843176002545433 0.01875
2752 0.4658018872533674 0.5890625 0.018968176002545432 0.01875
2750 0.46632859858373105 0.6109375 0.01736931333545435 0.015625
2748 0.4660649692473221 0.63359375 0.015843176002545433 0.01875
2746 0.46659168057768596 0.65546875 0.015843176002545433 0.01875
2740 0.46710021057450424 0.67890625 0.017405676002545434 0.01875
3153 0.48694054324477676 0.65234375 0.01598862667090888 0.03125
4168 0.6024462698918231 0.796875 0.014480670671545326 0.0359375
4234 0.6177440058880052 0.825 0.029942038669636163 0.021875
3439 0.6125377905395059 0.93671875 0.0315227200031817 0.0234375
2842 0.5273735445576413 0.803125 0.051871582670272434 0.0265625
2841 0.4328150225573232 0.80546875 0.051907945337363516 0.0296875
2738 0.4042178552275958 0.77890625 0.011246582670272431 0.0265625
2736 0.3893559238940504 0.78046875 0.012827264003817973 0.028125
2733 0.37607467389405036 0.78046875 0.012827264003817973 0.028125
2729 0.3627752425605049 0.78203125 0.011264764003817974 0.028125
2723 0.34793149256050493 0.78203125 0.011228401336727067 0.025
2721 0.3346593332272776 0.78125 0.012827264003817973 0.028125
2737 0.40335533656909545 0.71875 0.012790901336727067 0.025
2734 0.38927465523555 0.7203125 0.012790901336727067 0.025
2732 0.37599340523554997 0.7203125 0.012790901336727067 0.025
2724 0.36269397390200453 0.721875 0.012827264003817973 0.028125
2722 0.34785022390200454 0.721875 0.01280908267027261 0.0265625
2718 0.33458715523555 0.7203125 0.012790901336727067 0.025
2278 0.32027011656591375 0.7421875 0.018823820019090044 0.140625
4190 0.34193548388768696 0.82734375 0.023728401336727066 0.025
4376 0.09593373524032246 0.68515625 0.014826116008908685 0.065625
4375 0.09854965790105001 0.72890625 0.02996022000318166 0.0234375
3751 0.20054850990614068 0.69140625 0.01462612133990877 0.0484375
3778 0.15935934122377776 0.80703125 0.01462612133990877 0.0484375
3789 0.17264059122377776 0.80703125 0.01462612133990877 0.0484375
3866 0.17757244454173302 0.9203125 0.014644302673454224 0.05
3210 0.17576504388132363 0.87421875 0.014426126670908878 0.03125
3889 0.2132014092139146 0.8796875 0.028397720003181703 0.0234375
3878 0.2597224205522325 0.84296875 0.0315227200031817 0.0234375
3221 0.2492019965388695 0.94140625 0.014426126670908878 0.03125
2340 0.2813701538829145 0.8625 0.028397720003181703 0.0234375
3232 0.28748324653886953 0.94140625 0.02212953866963625 0.021875
4179 0.3056883538749603 0.92109375 0.022129538669636163 0.021875
1345 0.7665291405951852 0.5265625 0.3093088427752676 0.8
571 0.2762399479233217 0.56484375 0.007957950668363623 0.0125
570 0.28874903859009443 0.5640625 0.007976132001908987 0.0140625
573 0.2767666592536855 0.58671875 0.007957950668363533 0.0125
575 0.2765030299172765 0.609375 0.007976132001908987 0.0140625
578 0.27702065058086756 0.63203125 0.006395450668363533 0.0125
580 0.2775564525780041 0.653125 0.007994313335454528 0.015625
582 0.2780740732415951 0.67578125 0.007976132001908987 0.0140625
572 0.28927574992045824 0.5859375 0.009520450668363534 0.0125
574 0.29058371125082194 0.6078125 0.009520450668363623 0.0125
576 0.29032917258118573 0.6296875 0.009538632001908987 0.0140625
579 0.2908377025780041 0.653125 0.009520450668363623 0.0125
581 0.2921456639083678 0.675 0.009538632001908987 0.0140625
569 0.3280666246021848 0.475 0.009520450668363534 0.0125
568 0.328611517266094 0.4953125 0.007976132001908987 0.0140625
567 0.3421382152689575 0.47421875 0.006395450668363533 0.0125
613 0.34265583593254856 0.496875 0.006413632001908987 0.0140625
612 0.35620980593573026 0.4734375 0.007976132001908987 0.0140625
611 0.3567456079328667 0.49453125 0.006395450668363533 0.0125
610 0.3702632152689575 0.47421875 0.007957950668363533 0.0125
609 0.370799017266094 0.4953125 0.00955681333545444 0.015625
599 0.38434389660250295 0.47265625 0.006431813335454439 0.015625
588 0.3848706079328667 0.49453125 0.007957950668363533 0.0125
577 0.39841548726927567 0.471875 0.007976132001908987 0.0140625
566 0.3981518579328667 0.49453125 0.006413632001908987 0.0140625
607 0.44192858259073076 0.559375 0.007957950668363623 0.0125
608 0.4552098325907307 0.559375 0.006395450668363623 0.0125
605 0.4432274532543218 0.58203125 0.009538632001908987 0.0140625
606 0.4557365439210946 0.58125 0.009520450668363623 0.0125
604 0.45625416458468565 0.60390625 0.009520450668363623 0.0125
603 0.44297291458468563 0.60390625 0.006395450668363623 0.0125
601 0.4434996259150493 0.62578125 0.009520450668363623 0.0125
598 0.4440263372454131 0.64765625 0.006395450668363623 0.0125
596 0.4445439579090042 0.6703125 0.009538632001908987 0.0140625
602 0.4567899665818221 0.625 0.009520450668363623 0.0125
600 0.45730758724541315 0.64765625 0.007957950668363623 0.0125
597 0.45783429857577695 0.66953125 0.009520450668363623 0.0125
583 0.3343689792330046 0.7390625 0.00793976933481808 0.0109375
584 0.3348956905633684 0.7609375 0.00950226933481808 0.0109375
586 0.3481769405633684 0.7609375 0.007957950668363533 0.0125
589 0.3630297812301411 0.76015625 0.009538632001908987 0.0140625
591 0.37632012189691383 0.759375 0.009520450668363534 0.0125
593 0.3903735312301411 0.76015625 0.006395450668363533 0.0125
595 0.4036729625636865 0.75859375 0.007976132001908987 0.0140625
585 0.34842238856623187 0.73984375 0.007957950668363623 0.0125
587 0.3617036385662319 0.73984375 0.009520450668363623 0.0125
590 0.37577522923300466 0.7390625 0.009520450668363623 0.0125
592 0.38983772923300464 0.7390625 0.007976132001908987 0.0140625
594 0.4039093198997773 0.73828125 0.006413632001908987 0.0140625
565 0.15867699387336948 0.9328125 0.023837489337999784 0.034375
211 0.17163645329409272 0.2890625 0.008012494668999892 0.0171875
211 0.19897111262732 0.28984375 0.0064499946689998925 0.0171875
211 0.2271142939608654 0.28828125 0.0064499946689998925 0.0171875
211 0.25524838462763816 0.2875 0.00955681333545444 0.015625
230 0.11809273528009337 0.3921875 0.009684082670272565 0.0265625
211 0.17455127327341186 0.44140625 0.006468176002545345 0.01875
224 0.20032343260663912 0.4421875 0.008030676002545345 0.01875
30 0.3533222579567293 0.31875 0.07391021467218159 0.040625
236 0.47642395062859266 0.28046875 0.009593176002545434 0.01875
236 0.5045580412953654 0.2796875 0.009593176002545434 0.01875
211 0.532692131962138 0.27890625 0.006431813335454351 0.015625
230 0.12331439524986747 0.61484375 0.011246582670272565 0.0265625
230 0.1358320292409588 0.68046875 0.006431813335454439 0.015625
211 0.6150735392266412 0.7859375 0.008012494668999892 0.0171875
209 0.5884746765595503 0.7890625 0.008030676002545433 0.01875
209 0.34062697521486907 0.87265625 0.009611357336090798 0.0203125
211 0.3028451645449147 0.896875 0.009520450668363623 0.0125
249 0.22517469788355085 0.8578125 0.012609088001272717 0.009375
270 0.213509944541733 0.9203125 0.007976132001908987 0.0140625
230 0.1931792632081876 0.921875 0.006431813335454439 0.015625
262 0.18183432523077744 0.75546875 0.00955681333545444 0.015625
262 0.1607314845640047 0.75625 0.0064499946689998925 0.0171875