1556 0.07265625 0.3546875 0.040625 0.03515625
1557 0.07265625 0.39296875 0.04140625 0.03515625
1559 0.0734375 0.43125 0.0421875 0.03515625
1560 0.07265625 0.46875 0.0421875 0.0375
1561 0.07265625 0.50625 0.04140625 0.0359375
1562 0.07265625 0.54375 0.0421875 0.03671875
1563 0.0734375 0.58125 0.0421875 0.03671875
1564 0.0734375 0.61875 0.04140625 0.0375
1337 0.07421875 0.80859375 0.115625 0.209375
724 0.13125 0.49140625 0.0390625 0.1125
1899 0.1828125 0.43125 0.01171875 0.04921875
1840 0.2078125 0.43125 0.0109375 0.05078125
539 0.12890625 0.378125 0.0296875 0.05703125
540 0.12734375 0.59921875 0.028125 0.06015625
1806 0.1828125 0.278125 0.0109375 0.0515625
2189 0.2109375 0.27890625 0.0125 0.0515625
2156 0.23828125 0.27890625 0.0109375 0.0515625
2080 0.26640625 0.28046875 0.01171875 0.04921875
4453 0.24609375 0.43203125 0.0421875 0.05546875
1571 0.1171875 0.671875 0.02265625 0.06171875
1851 0.1390625 0.6671875 0.01328125 0.0515625
1611 0.16171875 0.665625 0.02265625 0.06953125
1617 0.18359375 0.6671875 0.021875 0.06796875
1818 0.16171875 0.74375 0.01015625 0.05
1829 0.18203125 0.74453125 0.01015625 0.04921875
1566 0.18984375 0.82421875 0.02109375 0.06796875
1085 0.15546875 0.865625 0.009375 0.04765625
1910 0.1890625 0.909375 0.01171875 0.0484375
1933 0.209375 0.909375 0.01015625 0.0484375
1096 0.23046875 0.909375 0.01015625 0.0515625
489 0.25859375 0.90078125 0.01796875 0.08828125
1933 0.2234375 0.8484375 0.01796875 0.0140625
2211 0.3 0.88828125 0.03203125 0.01796875
1347 0.29921875 0.83046875 0.040625 0.0515625
2222 0.33671875 0.8671875 0.01171875 0.05078125
720 0.40703125 0.8765625 0.11171875 0.115625
1574 0.29375 0.74609375 0.0296875 0.0671875
1382 0.2375 0.746875 0.07265625 0.14921875
1575 0.29140625 0.43125 0.02890625 0.06796875
1166 0.3625 0.325 0.14921875 0.084375
1327 0.21953125 0.1578125 0.371875 0.159375
1335 0.5234375 0.1546875 0.228125 0.1625
1876 0.48828125 0.28046875 0.01171875 0.0484375
1865 0.51640625 0.28046875 0.0125 0.04921875
1888 0.54375 0.28046875 0.01171875 0.04921875
740 0.3453125 0.4015625 0.0109375 0.05
951 0.3671875 0.4015625 0.0109375 0.04921875
852 0.38671875 0.4015625 0.01015625 0.04921875
1419 0.36953125 0.61328125 0.11484375 0.18046875
1036 0.4875 0.60078125 0.0109375 0.05
1474 0.596875 0.73671875 0.05859375 0.0484375
721 0.53515625 0.88125 0.1125 0.11328125
1807 0.5875 0.79140625 0.0125 0.046875
2200 0.6140625 0.7921875 0.01171875 0.04921875
3766 0.18359375 0.32578125 0.0125 0.03203125
4157 0.21171875 0.32734375 0.0140625 0.03203125
4122 0.240625 0.32734375 0.0125 0.03203125
4046 0.2671875 0.32734375 0.01328125 0.03203125
4265 0.33984375 0.25625 0.0375 0.02578125
2518 0.153125 0.39609375 0.0140625 0.09765625
3767 0.19296875 0.375 0.0125 0.04921875
3800 0.2140625 0.375 0.01328125 0.05078125
4285 0.2390625 0.37890625 0.01328125 0.03359375
2844 0.32890625 0.396875 0.0125 0.0328125
2955 0.40703125 0.40390625 0.0140625 0.0328125
3057 0.4265625 0.4421875 0.0140625 0.0359375
3753 0.4421875 0.29375 0.02421875 0.0265625
4374 0.44375 0.25625 0.05078125 0.02578125
3833 0.47421875 0.3359375 0.0140625 0.0515625
3822 0.5171875 0.3390625 0.01328125 0.05
3844 0.5453125 0.340625 0.0140625 0.0515625
2489 0.61171875 0.25390625 0.04140625 0.02265625
2486 0.59140625 0.27421875 0.040625 0.02421875
2485 0.6109375 0.29609375 0.040625 0.021875
2468 0.596875 0.3171875 0.05078125 0.02265625
2467 0.60625 0.3390625 0.05 0.0234375
2476 0.5921875 0.3625 0.04140625 0.021875
2475 0.61171875 0.38359375 0.040625 0.0234375
2474 0.59140625 0.40625 0.040625 0.02109375
2473 0.61171875 0.428125 0.04140625 0.0234375
2472 0.5921875 0.4515625 0.0421875 0.0203125
2471 0.6109375 0.47265625 0.04140625 0.0234375
2470 0.590625 0.49453125 0.040625 0.02109375
2469 0.61171875 0.51640625 0.040625 0.02265625
2466 0.59140625 0.54140625 0.040625 0.0234375
2465 0.6109375 0.56328125 0.040625 0.021875
2446 0.58671875 0.58515625 0.05 0.0234375
2445 0.60546875 0.6078125 0.05234375 0.02109375
2454 0.59140625 0.62734375 0.040625 0.01953125
2453 0.6109375 0.65078125 0.04140625 0.0234375
2452 0.5890625 0.67109375 0.040625 0.021875
2451 0.61015625 0.6953125 0.0421875 0.02265625
2447 0.6296875 0.7875 0.0109375 0.046875
2450 0.54296875 0.68359375 0.04140625 0.02421875
3767 0.57109375 0.7921875 0.0125 0.046875
2448 0.54296875 0.76484375 0.03671875 0.05703125
2449 0.63046875 0.7359375 0.009375 0.040625
2444 0.6109375 0.85078125 0.03984375 0.02265625
2339 0.603125 0.87265625 0.06484375 0.0203125
2253 0.603125 0.89453125 0.06484375 0.021875
2608 0.73125 0.9421875 0.12109375 0.02109375
2249 0.7953125 0.9484375 0.00625 0.0078125
2323 0.81796875 0.94296875 0.02265625 0.02109375
2705 0.8578125 0.94375 0.03671875 0.0203125
2277 0.6140625 0.91484375 0.03671875 0.02109375
2501 0.91171875 0.153125 0.01328125 0.0671875
2500 0.86171875 0.1546875 0.0125 0.06328125
2499 0.85234375 0.1140625 0.03671875 0.053125
2498 0.828125 0.1140625 0.03828125 0.05234375
2488 0.809375 0.1140625 0.040625 0.05390625
2487 0.78828125 0.11640625 0.03984375 0.06015625
2494 0.76484375 0.11484375 0.0359375 0.05703125
2493 0.74296875 0.11484375 0.0359375 0.05625
2490 0.721875 0.1140625 0.03671875 0.05625
2492 0.69609375 0.11875 0.03046875 0.04296875
2269 0.684375 0.11328125 0.04140625 0.05546875
2491 0.66328125 0.11875 0.02890625 0.04375
2268 0.6546875 0.115625 0.03828125 0.05859375
2279 0.3125 0.4578125 0.015625 0.1671875
2410 0.5625 0.46484375 0.01875 0.20703125
2535 0.5640625 0.3171875 0.0109375 0.06640625
2320 0.53203125 0.709375 0.06328125 0.0296875
2379 0.14296875 0.85390625 0.01171875 0.0921875
2519 0.10546875 0.571875 0.0125 0.10078125
2605 0.21875 0.6015625 0.0140625 0.13046875
4204 0.10625 0.46640625 0.0125 0.084375
3573 0.1734375 0.47109375 0.03359375 0.01796875
3574 0.1734375 0.4890625 0.03203125 0.0171875
3576 0.17421875 0.5046875 0.0328125 0.0171875
3577 0.17421875 0.52109375 0.03359375 0.0140625
3578 0.17421875 0.5359375 0.03359375 0.015625
3579 0.1734375 0.5515625 0.0328125 0.01640625
3580 0.17421875 0.5671875 0.03359375 0.0171875
3581 0.1734375 0.584375 0.0328125 0.01875
3811 0.15 0.6046875 0.01328125 0.046875
3188 0.16796875 0.6125 0.0140625 0.03359375
3199 0.184375 0.61328125 0.0140625 0.03515625
2680 0.26875 0.55390625 0.01640625 0.01875
2685 0.26875 0.57890625 0.01640625 0.0171875
2692 0.26875 0.59921875 0.01640625 0.01796875
2701 0.26796875 0.62109375 0.01640625 0.01796875
2710 0.26796875 0.64296875 0.015625 0.01875
2715 0.26796875 0.66484375 0.01640625 0.01796875
2671 0.30546875 0.5546875 0.0171875 0.01953125
2682 0.30546875 0.57734375 0.015625 0.0203125
2690 0.30546875 0.59921875 0.015625 0.01796875
2693 0.30546875 0.62109375 0.015625 0.01796875
2706 0.3046875 0.64375 0.015625 0.0203125
2714 0.30546875 0.66484375 0.015625 0.01640625
2655 0.33203125 0.509375 0.009375 0.02578125
2784 0.3484375 0.50625 0.0109375 0.01328125
2769 0.36171875 0.50625 0.0109375 0.0140625
2756 0.37578125 0.50625 0.0125 0.0140625
2728 0.38984375 0.50625 0.01015625 0.01328125
2644 0.40390625 0.50703125 0.0109375 0.0125
2661 0.3359375 0.4484375 0.0109375 0.028125
2645 0.34921875 0.45 0.01015625 0.028125
2775 0.36328125 0.45546875 0.01171875 0.0140625
2766 0.37734375 0.45546875 0.0109375 0.0125
2745 0.39140625 0.4546875 0.01015625 0.0125
2700 0.4046875 0.45546875 0.0109375 0.0140625
2538 0.5 0.44140625 0.01640625 0.21484375
3630 0.52890625 0.51484375 0.046875 0.29453125
4341 0.4328125 0.534375 0.0234375 0.02578125
2753 0.43515625 0.559375 0.01640625 0.01953125
2751 0.43515625 0.5796875 0.015625 0.01953125
2749 0.43515625 0.603125 0.015625 0.01796875
2747 0.434375 0.62578125 0.01484375 0.01875
2741 0.43515625 0.646875 0.01484375 0.01796875
2739 0.43515625 0.66875 0.015625 0.01796875
2754 0.46875 0.56484375 0.01640625 0.01796875
2752 0.46953125 0.58828125 0.01875 0.01953125
2750 0.46953125 0.61015625 0.0171875 0.01640625
2748 0.46875 0.6328125 0.01640625 0.01953125
2746 0.46875 0.6546875 0.01640625 0.01796875
2740 0.46875 0.678125 0.0171875 0.01875
3153 0.4890625 0.65234375 0.0140625 0.03203125
4168 0.6015625 0.80078125 0.01328125 0.0359375
4234 0.615625 0.82890625 0.0296875 0.0203125
3439 0.6078125 0.940625 0.03125 0.02265625
2842 0.52578125 0.80390625 0.05078125 0.02578125
2841 0.43125 0.803125 0.05 0.02734375
2738 0.40390625 0.77578125 0.01015625 0.0265625
2736 0.3890625 0.7765625 0.0109375 0.02734375
2733 0.37578125 0.7765625 0.0109375 0.02890625
2729 0.3625 0.77734375 0.009375 0.02734375
2723 0.34765625 0.7765625 0.01015625 0.02578125
2721 0.334375 0.77578125 0.0109375 0.02734375
2737 0.40390625 0.715625 0.0109375 0.02578125
2734 0.38984375 0.71640625 0.0109375 0.025
2732 0.3765625 0.71640625 0.0109375 0.02578125
2724 0.36328125 0.7171875 0.0109375 0.02734375
2722 0.3484375 0.71640625 0.0109375 0.0265625
2718 0.33515625 0.71484375 0.0109375 0.025
2278 0.3203125 0.7359375 0.01171875 0.140625
4190 0.33984375 0.821875 0.021875 0.02421875
4376 0.09765625 0.67109375 0.01171875 0.06484375
4375 0.09921875 0.71484375 0.0296875 0.021875
3751 0.20234375 0.68125 0.0125 0.0484375
3778 0.15859375 0.7953125 0.01328125 0.0484375
3789 0.171875 0.79609375 0.0125 0.0484375
3866 0.1734375 0.909375 0.01328125 0.05078125
3210 0.1734375 0.86328125 0.01328125 0.03203125
3889 0.21015625 0.86953125 0.02890625 0.02109375
3878 0.2578125 0.834375 0.03046875 0.021875
3221 0.24453125 0.9328125 0.0125 0.03203125
2340 0.27890625 0.8546875 0.02734375 0.02109375
3232 0.2828125 0.934375 0.02109375 0.021875
4179 0.3015625 0.9140625 0.02109375 0.021875
1345 0.771875 0.5359375 0.27265625 0.78984375
571 0.28046875 0.55703125 0.0078125 0.01171875
570 0.29296875 0.55703125 0.0078125 0.0140625
573 0.28046875 0.57890625 0.0078125 0.01328125
575 0.2796875 0.6015625 0.0078125 0.0140625
578 0.2796875 0.62421875 0.00703125 0.0125
580 0.2796875 0.6453125 0.0078125 0.01484375
582 0.2796875 0.66796875 0.0078125 0.0140625
572 0.29296875 0.57890625 0.00859375 0.01328125
574 0.29375 0.60078125 0.00859375 0.0125
576 0.29296875 0.62265625 0.009375 0.0140625
579 0.29296875 0.64609375 0.00859375 0.01328125
581 0.29375 0.66796875 0.009375 0.0140625
569 0.334375 0.46953125 0.00859375 0.01328125
568 0.334375 0.48984375 0.0078125 0.0140625
567 0.3484375 0.46875 0.00703125 0.0125
613 0.3484375 0.49140625 0.00625 0.0140625
612 0.3625 0.46875 0.0078125 0.0140625
611 0.3625 0.48984375 0.00703125 0.01328125
610 0.3765625 0.46953125 0.0078125 0.0125
609 0.3765625 0.490625 0.00859375 0.015625
599 0.390625 0.46875 0.00703125 0.015625
588 0.390625 0.490625 0.0078125 0.0125
577 0.4046875 0.46875 0.0078125 0.0140625
566 0.40390625 0.49140625 0.00703125 0.0140625
607 0.44609375 0.5578125 0.0078125 0.0125
608 0.459375 0.5578125 0.00703125 0.01328125
605 0.446875 0.58046875 0.00859375 0.0140625
606 0.459375 0.5796875 0.00859375 0.0125
604 0.459375 0.60234375 0.00859375 0.01171875
603 0.44609375 0.60234375 0.00703125 0.01171875
601 0.44609375 0.62421875 0.00859375 0.0125
598 0.44609375 0.64609375 0.00703125 0.01328125
596 0.44609375 0.66875 0.00859375 0.0140625
602 0.459375 0.6234375 0.00859375 0.01171875
600 0.459375 0.64609375 0.0078125 0.01171875
597 0.459375 0.66796875 0.00859375 0.01171875
583 0.334375 0.73359375 0.0078125 0.0109375
584 0.334375 0.75546875 0.00859375 0.0109375
586 0.34765625 0.75546875 0.0078125 0.01328125
589 0.3625 0.75546875 0.009375 0.0140625
591 0.37578125 0.75546875 0.009375 0.01328125
593 0.38984375 0.75625 0.00703125 0.01328125
595 0.40390625 0.75546875 0.0078125 0.0140625
585 0.3484375 0.734375 0.0078125 0.01171875
587 0.36171875 0.73515625 0.00859375 0.01171875
590 0.37578125 0.73515625 0.00859375 0.01171875
592 0.38984375 0.73515625 0.0078125 0.0140625
594 0.40390625 0.73515625 0.00625 0.0140625
565 0.1546875 0.92109375 0.021875 0.03515625
211 0.1828125 0.278125 0.0078125 0.0171875
211 0.21015625 0.2796875 0.00703125 0.0171875
211 0.23828125 0.27890625 0.00703125 0.0171875
211 0.26640625 0.27890625 0.00859375 0.015625
230 0.1265625 0.37890625 0.0078125 0.0265625
211 0.18203125 0.43046875 0.00625 0.01796875
224 0.2078125 0.43203125 0.0078125 0.01875
30 0.36328125 0.3140625 0.07265625 0.0375
236 0.4875 0.2796875 0.00859375 0.01796875
236 0.515625 0.28046875 0.009375 0.01953125
211 0.54375 0.28046875 0.00703125 0.015625
230 0.1265625 0.6015625 0.00859375 0.0265625
230 0.1375 0.66796875 0.00703125 0.015625
211 0.6140625 0.78984375 0.0078125 0.0171875
209 0.5875 0.7921875 0.0078125 0.01796875
209 0.3375 0.8671875 0.00859375 0.0203125
211 0.29921875 0.88984375 0.01015625 0.01171875
249 0.22265625 0.8484375 0.0125 0.01015625
270 0.209375 0.91015625 0.0078125 0.0140625
230 0.1890625 0.9109375 0.00703125 0.01484375
262 0.18203125 0.74453125 0.00859375 0.015625
262 0.1609375 0.74453125 0.00703125 0.0171875