735 0.79765625 0.15859375 0.2796875 0.29609375
735 0.7765625 0.65234375 0.271875 0.28984375
1456 0.37421875 0.17421875 0.078125 0.10390625
1456 0.41484375 0.65859375 0.08984375 0.0921875
4439 0.590625 0.253125 0.05390625 0.06875
4439 0.58046875 0.80390625 0.05859375 0.071875
4439 0.578125 0.340625 0.05390625 0.059375
4439 0.68984375 0.36015625 0.0578125 0.06796875
1346 0.43671875 0.30625 0.075 0.0453125
1346 0.43046875 0.3734375 0.07734375 0.03203125
717 0.4640625 0.1828125 0.059375 0.059375
717 0.5109375 0.67109375 0.065625 0.06171875
1182 0.075 0.3828125 0.06171875 0.36015625
1182 0.240625 0.253125 0.0625 0.15703125
1182 0.228125 0.70234375 0.06328125 0.17578125
1182 0.92421875 0.8484375 0.0609375 0.12421875
1182 0.91640625 0.4 0.06640625 0.11875
736 0.35546875 0.275 0.01796875 0.0484375
736 0.4578125 0.1203125 0.05234375 0.0203125
736 0.52421875 0.19140625 0.0234375 0.0421875
736 0.51171875 0.34453125 0.0203125 0.05859375
736 0.50625 0.596875 0.05 0.028125
736 0.56640625 0.6734375 0.021875 0.0484375
1803 0.446875 0.25625 0.0578125 0.02109375
1803 0.5125 0.25703125 0.05 0.025
1803 0.6046875 0.178125 0.025 0.0546875
1803 0.63203125 0.33984375 0.0125 0.046875
1803 0.609375 0.671875 0.01796875 0.05234375
1803 0.50390625 0.74609375 0.04609375 0.021875
1803 0.571875 0.74375 0.0484375 0.0265625
1803 0.65703125 0.81171875 0.0578125 0.02578125
1803 0.76953125 0.371875 0.0453125 0.0234375