719 0.5822717388018452 0.7097613402608838 0.8354565223963096 0.5804773194782324
717 0.5834673858974158 0.21814355034590122 0.3715719597575511 0.266107830792914
718 0.21241078591599333 0.9682414607723885 0.09547936597668398 0.06351707845522299
1346 0.22333813714681564 0.4019039093463328 0.10059384108157472 0.1114738311856975
1165 0.33215610747782154 0.36427262002052546 0.11439623195336797 0.12873405405833438
1803 0.12748487594866084 0.6106289486721401 0.07216026514684701 0.06601588544042354
1803 0.20264251577154693 0.15970277380771336 0.08390324855010753 0.09732042759490125
1803 0.6719351222004614 0.05622987850653658 0.10667697510489056 0.04747496369925477
1803 0.7933257927412487 0.1123804054375079 0.07395956348717299 0.06914997579950315
1803 0.8178307305034755 0.2296588090283041 0.07466995850815117 0.07852497579950315
1803 0.8512962711701316 0.34152300477357794 0.0685616684661948 0.059747704722264317
736 0.751699012871762 0.3565616766129426 0.08044636182749905 0.07231133723582168
736 0.39995430103961843 0.09447372530852385 0.131890462657336 0.07104881908544905
736 0.24184152864330882 0.5121192466803504 0.08743006763635792 0.06141928903121965