1802 0.5783834924005558 0.19915309403673562 0.22456881458888917 0.25509146276527794
1802 0.6435760005686809 0.38054725798069394 0.23358013867708358 0.2396846683123613
1802 0.724447406913195 0.5303095622172563 0.22725740349472243 0.236414197947639
1802 0.7988876285121881 0.7060167706141313 0.17097103590354196 0.233542464665139
1182 0.6325573797464591 0.881074588052812 0.09520470364722229 0.06468205547083343
1182 0.5055396316463201 0.830877179142847 0.11635496466513899 0.16824346656499997
4439 0.36185060904180577 0.23233318921083304 0.04327852773541672 0.04785692496187499
4439 0.4230277644363893 0.4091307721327427 0.04149782218833344 0.03844555737069442
4439 0.489364545305938 0.5725198184855204 0.041643292553055565 0.044695557370694416
4439 0.5508683558107645 0.7297679676118399 0.03855466014423605 0.04618532218833345
1346 0.4136683353904516 0.27568249249746496 0.04476829255305557 0.04476829255305557
1346 0.48073181487322963 0.43670960505465234 0.037173998100139015 0.05396145459715278
1346 0.5344594929692367 0.5957020921368745 0.043569468464861136 0.06035692496187508
1346 0.6012683993137506 0.7457917046940621 0.044913762917777864 0.051018292553055566
1803 0.3257501080918752 0.2597503276035761 0.03215918977951393 0.039789851823611146
1803 0.29568140159486134 0.277646995631597 0.041570557370694414 0.041570557370694414
1803 0.39130563896142395 0.42315755775194414 0.033903527735416716 0.04763871941479163
1803 0.3661062704203129 0.4487576230064233 0.02903418977951393 0.039717116641249994
1803 0.45702482399128525 0.5935960379003121 0.029143292553055568 0.04440461664124999
1803 0.43333340406340326 0.6168159855636107 0.028852351823611143 0.031904616641250175
1803 0.5240519358828826 0.7530606504574996 0.03546602773541672 0.0476750870059723
718 0.31868575655260456 0.42641115074184005 0.026018292553055565 0.04433188145888885
718 0.35228081297336844 0.4928531151226386 0.032268292553055564 0.04447735182361114
718 0.37352133975885465 0.5658360202328817 0.03521145459715278 0.036737587005972114
718 0.40242889617961863 0.6323870873872218 0.04142508700597229 0.035320557370694415
717 0.3744434876509031 0.3367842998681594 0.10821384992374998 0.08684799620027786
717 0.44021722406753516 0.5095665300165274 0.08946384992375016 0.08641158510611113
717 0.5049733211414937 0.6722106939604857 0.09883884992375017 0.08662979065319458
717 0.5757612126683688 0.8253343875397217 0.08470361474138902 0.0831774823325695