1456 0.18518229123726462 0.3987564853176916 0.20418402749150974 0.269597678245597
1346 0.34749662093867684 0.3813978190638066 0.19984645273377613 0.18529545285270288
717 0.2762232824351883 0.16393418320799574 0.1900779688253195 0.22377575599585603
736 0.4919025487788332 0.28611320595307477 0.14909233590559853 0.23899834160399785
736 0.6026215274915098 0.2881552030575906 0.15010853268728983 0.23125861621110372
736 0.06883139951546738 0.1714062731593638 0.12586264951546738 0.17406254631872758
736 0.8400069130091208 0.26416985524833975 0.07657320767745475 0.07053513192686936
736 0.8714979415859112 0.06862406885440964 0.07424588317182242 0.05952485731976358
1346 0.8886632982746303 0.15819599110415064 0.08860331411407216 0.08666955417661044
1803 0.923813830457717 0.23770370863916193 0.08013525025210129 0.07693068114108118
1803 0.8643341956964106 0.48957011558742203 0.10441398441265974 0.11232452564056317
1803 0.8856296775111803 0.6159335624442688 0.15216306956195352 0.12700776385373888
1803 0.9923560168478481 0.5992812175305021 0.01528796630430378 0.07271406203449331
736 0.976547477501345 0.9171386515670674 0.046905044997309985 0.07595037799792799
736 0.9955081500196705 0.7094010802269491 0.008983699960658953 0.06809933664159917