1182 0.48958166070887205 0.7545724526853592 0.1880296542193456 0.22334610207923689
2235 0.9449764983718516 0.6261906954126747 0.0790171185055307 0.14642655933798815
2235 0.8878088806771001 0.622699765123625 0.07254893019392768 0.13345296265733603
2235 0.8274889894433979 0.6178831331749015 0.06777960957707663 0.12841026514684692
2235 0.7680321688265469 0.6176948016410965 0.070768241882325 0.12083456348717299
2235 0.7083980702065187 0.6073502201072912 0.0641636858759707 0.10004846680652087
2235 0.6456935186643911 0.6003674369138123 0.06923301542127547 0.12227866431700996
2235 0.5895253392812421 0.6093173070396811 0.07372960064862308 0.11169636182749905
2235 0.5268480612780648 0.603897023846202 0.06432732710967279 0.10942346680652086
2235 0.4641435097359373 0.5969142406527231 0.0658625535707225 0.1079793659766839
2235 0.40227475527171047 0.5929972578741625 0.06101141233702041 0.0982491684661948
2235 0.3466560008074836 0.5886066784149498 0.06715231818121907 0.09247276514684692
2235 0.2871173595737816 0.5837308468811446 0.06742505357072241 0.10809776514684692
2235 0.2206429257264057 0.5848565616130733 0.062437544642268694 0.09055506763635783
2235 0.16028212418427817 0.5776961796643497 0.06915119480442451 0.11759116431700996
2235 0.10093439772322851 0.5837578481305445 0.07529210064862309 0.11181476099766208
2235 0.03979234618110096 0.5766566657669026 0.061475062499176183 0.1248116684661948
1372 0.9669125848203105 0.3988227120094142 0.06617483035937895 0.29607136182749916
1372 0.9150496704514 0.3906442817203646 0.07250584009531628 0.30977866431701007
1372 0.8596354675293008 0.39797245226115197 0.06560127516050826 0.2718050676363578
1372 0.7977667130650736 0.3940554694825914 0.06886264285525989 0.27985436597668406
1372 0.734349095370322 0.39103813587419384 0.06910810470581286 0.29391686597668387
1372 0.67559170413662 0.3861031047553073 0.06746378408896199 0.28911096680652093
1372 0.6140229586008469 0.3993736219767467 0.06573764285525989 0.2796175676363579
1372 0.5549928319776415 0.3788135908578601 0.06387513392680617 0.2623116684661949
1372 0.4947274878218401 0.3771219589091365 0.06867172808260733 0.2689168659766839
1372 0.4353252142828897 0.3800586273753314 0.0656012751605081 0.27180506763635803
1372 0.376431455354436 0.36731109625644487 0.07535810470581286 0.2943904626573361
1372 0.31305474796810984 0.36663751264804734 0.07223310470581286 0.29415366431701007
1372 0.24981440827653537 0.3737764290396498 0.06403877516050809 0.2716866684661949
1372 0.1893990596565071 0.3634910470909262 0.07870129301741562 0.3071272609976621
1372 0.12998314934808158 0.3656464655571211 0.08018197240056461 0.3025581601678251
1372 0.0696905316533299 0.3623923336083975 0.0676274253226639 0.29848596680652106
1346 0.9284730166357962 0.4874125379441419 0.025183006492821746 0.10177598755244528
1346 0.8712235783241933 0.4792341076550922 0.02819891233702023 0.09576278589277151
1346 0.8096139224799949 0.49016087487653176 0.02671823295387128 0.10033188672260848
1346 0.7531593709378673 0.4827044950024006 0.02819891233702041 0.09576278589277135
1346 0.6935525458567894 0.4739224134685955 0.0251011858759707 0.09708848755244545
1346 0.6341366355483639 0.4760778319347905 0.02469208279171564 0.07365098755244545
1346 0.5746252678536121 0.4727645004009853 0.026581865259119652 0.09251938672260848
1346 0.5136059472367611 0.4726945680373433 0.0251011858759707 0.09708848755244545
1346 0.454916739850435 0.4716657869184567 0.028444374187573375 0.10982528589277134
1346 0.39459684861673294 0.46684915496973306 0.028389827109672795 0.10670028589277133
1346 0.33649797645775437 0.45482367426576503 0.030225062499176225 0.12244368506293454
1346 0.2755468396882792 0.45865999190212287 0.020140950486467357 0.08110829004195637
1346 0.21456842937985368 0.46093380953848084 0.02170345048646727 0.0812266892121194
1346 0.15579740137667647 0.45521752841959423 0.028117091720169362 0.09107528589277133
1346 0.09782126014297444 0.4502232977156261 0.026554591720169385 0.09095688672260849
1346 0.03762409983454893 0.4524379157669026 0.026663685875970743 0.0972068867226085
718 0.9378286513766765 0.3959587437530007 0.025845479707460584 0.050331886722608396
718 0.8797706895261234 0.3862770130490326 0.01786933847375849 0.04036489087179325
718 0.8186559115229463 0.38073833068539054 0.02600912094116268 0.05970688672260831
718 0.7623240909060952 0.3803132008112594 0.030860262174864594 0.0694370842330975
718 0.7035803364418683 0.3761594196923728 0.02935230925276535 0.07244368506293446
718 0.642533742286067 0.3745269873287308 0.026172762174864594 0.06908188672260832
718 0.5838172613607904 0.3719357062098442 0.030860262174864594 0.0694370842330974
718 0.522920671669216 0.3788970238462021 0.027735262174864595 0.06920028589277143
718 0.4617786201270883 0.37179584148256006 0.030914809252765352 0.07256208423309748
718 0.4046110024323367 0.36830491119351044 0.029297762174864593 0.06931868506293437
718 0.3465666773512588 0.3594044304895423 0.02907957386326192 0.05681868506293446
718 0.2862604228870319 0.3553690485408187 0.02781708279171564 0.07388778589277142
718 0.22680360227018093 0.3551807170070136 0.03236821509696393 0.06643048340326044
718 0.1642626919617554 0.3575729338135346 0.026063668019063256 0.0628318867226084
718 0.10475132426700369 0.35425960227972947 0.023047762174864594 0.06884508838228234
718 0.04436324918592581 0.3455367203310059 0.02455571509696395 0.06583848755244529
1803 0.94937803165333 0.29573360080661504 0.028117091720169185 0.09107528589277133
1803 0.8891672345754292 0.29716696885789146 0.022938668019063257 0.06259508838228234
1803 0.8319314330333016 0.28976978856884184 0.02940685633066593 0.07556868506293438
1803 0.7717479094943513 0.2927656566201183 0.026500044642268607 0.0878318867226083
1803 0.7098927917995996 0.2896299238415577 0.021485262174864593 0.0687266892121193
1803 0.6527660844132734 0.2884827435525081 0.02639095048646727 0.0815818867226084
1803 0.5946263019458694 0.27411351284853996 0.024828450486467445 0.08146348755244537
1803 0.5344700519458694 0.2786718808998164 0.028280732953871457 0.10045028589277134
1803 0.4732870900953163 0.26922694853617435 0.0282261858759707 0.09732528589277142
1803 0.4169143591700397 0.26645806866204313 0.031514827109672794 0.1069370842330974
1803 0.3527973120921391 0.26818743463872713 0.03146028003177213 0.1038120842330974
1803 0.29505299593951495 0.2764744539347591 0.032968232953871454 0.10080548340326043
1803 0.23847571347211086 0.2619868240606279 0.041189836038126516 0.12483497925407558
1803 0.1758120722384088 0.2573477908671489 0.033104600648623084 0.10861798340326043
1803 0.11364330884572822 0.23624330808858832 0.03283186525911974 0.09299298340326052
1803 0.052842176540479915 0.24867337572494624 0.030252336038126514 0.12400618506293437
718 0.38268677840362375 0.7704952958415263 0.02951595048646736 0.08181868506293437
1182 0.754208033278183 0.1132228037272998 0.3494580779204517 0.2264456074545996
1182 0.3535125580349493 0.10496999730070763 0.35077511606989864 0.20993999460141527