1794 0.8575402202048732 0.87734375 0.2849195595902536 0.1953125
1456 0.4216901300305822 0.45859375 0.711847061283675 0.3453125
717 0.38869500282507513 0.7234375 0.2706887155129752 0.15625
1803 0.4697380421733399 0.91328125 0.084273180687266 0.0875
1803 0.3335958242855156 0.909375 0.09660940637700666 0.084375
1803 0.19868523575090485 0.9140625 0.08748006784239584 0.0890625
1803 0.6917004941186479 0.70625 0.09216756784239592 0.0890625
1803 0.8933825028250751 0.7234375 0.15582727611928177 0.0515625
1803 0.8767062579134578 0.64375 0.17161605042954128 0.0546875
1803 0.8826043758467108 0.5625 0.1651203889641522 0.05
1803 0.8776468809350935 0.4828125 0.16059666327441136 0.053125
1803 0.877049337402957 0.396875 0.17622166327441136 0.053125
1803 0.8665412053362098 0.315625 0.17794793758467123 0.05625
736 0.8008575723649516 0.21015625 0.3415810696514182 0.1375
736 0.3223198145630355 0.2171875 0.39717597241038016 0.125
1803 0.1763211555840371 0.7109375 0.09923643939369335 0.1046875
736 0.5776379941186478 0.70625 0.08254690637700665 0.084375
736 0.6110624050182102 0.91171875 0.0953744549975255 0.090625