736 0.13184755850805624 0.8266659762740037 0.2312552256830558 0.27791804745199256
736 0.2566546159756599 0.2421251971108002 0.15494337955902787 0.0843643656270503
736 0.15659614532659724 0.04210263387865805 0.08873649810013892 0.05669035178688593
4439 0.5586457946403479 0.7858155528148377 0.12289459897381967 0.11583985870696818
4439 0.6460152420193062 0.6086535335374659 0.13524912860909738 0.11009919467652321
4439 0.3137625204203129 0.444679852738288 0.12100479065319458 0.1017136917107738
4439 0.46319947596739625 0.4479746546017237 0.11617182028847228 0.0952726907221905
4439 0.6469568801277087 0.4475250325488826 0.14273432028847227 0.0963550296574951
4439 0.4701910923243059 0.2779977356283629 0.1522184230620141 0.10142453163466154
4439 0.6462269154625697 0.28177269855649384 0.1333229526972918 0.09441052768032883
4439 0.315045078172257 0.0630160172630245 0.13811955547083343 0.09928902866891205
4439 0.838104637727153 0.22703482452648654 0.13016158510611114 0.09272069368794007
4439 0.8455501957634375 0.04533179220615914 0.11929682028847247 0.09066358441231828
1803 0.2345276556789239 0.3665813690499104 0.05705008700597229 0.036667011862998145
1803 0.44551001500507015 0.7966814100389311 0.0472399823325695 0.08465884288963732
1803 0.46236694063253525 0.6137906555903069 0.03906380642076392 0.06871550790866543
1803 0.5302447716545838 0.6071148912558508 0.03604790919430556 0.07327567391627668
1803 0.6632066612815979 0.8097066975679107 0.042116071238402775 0.06571784190105419
1803 0.7295947274860076 0.8062196002296492 0.04088087955902786 0.07971667490485998
1803 0.872755007502535 0.3718552346025987 0.04589568787965277 0.09397017589344295
1803 0.942591462765278 0.1805498022833651 0.04524107123840295 0.06584517589344294
1803 0.9461859753987154 0.032607050800490346 0.04520470364722229 0.06428267589344297