717 0.3265625 0.48984375 0.35234375 0.32421875
717 0.70703125 0.39140625 0.103125 0.1
717 0.7046875 0.571875 0.109375 0.13515625
4439 0.61328125 0.48125 0.05546875 0.06015625
4439 0.61640625 0.3859375 0.0515625 0.059375
2235 0.8625 0.35625 0.09296875 0.0578125
2235 0.86015625 0.6265625 0.09765625 0.06640625
1803 0.784375 0.615625 0.01953125 0.0421875
1803 0.78515625 0.3546875 0.01484375 0.03828125
1803 0.784375 0.41484375 0.01875 0.04375
1803 0.53203125 0.35546875 0.015625 0.0359375
1803 0.56484375 0.3640625 0.01953125 0.04375
1803 0.61796875 0.340625 0.0375 0.01875
1803 0.5484375 0.43359375 0.03359375 0.0234375
1803 0.546875 0.459375 0.03046875 0.021875
1803 0.5484375 0.48203125 0.0328125 0.02109375
1803 0.54765625 0.50859375 0.03671875 0.01875
1803 0.546875 0.53671875 0.03828125 0.0234375
718 0.54375 0.56328125 0.04296875 0.0234375
718 0.54921875 0.40859375 0.0484375 0.01953125
1803 0.6171875 0.52578125 0.03203125 0.0234375
1182 0.88046875 0.49375 0.125 0.1328125
736 0.5296875 0.615625 0.02421875 0.04453125
736 0.56328125 0.61484375 0.01953125 0.04375
1346 0.61953125 0.59765625 0.0296875 0.06640625
1346 0.78359375 0.55703125 0.025 0.04140625
736 0.78125 0.49140625 0.01484375 0.046875