2235 0.31509436441227184 0.8730685984051385 0.309910746456621 0.24608144509784752
2235 0.8914459778522994 0.7740562961653465 0.21710804429540112 0.24778810904180587
717 0.7044122254052287 0.16531130300229147 0.41507445081045746 0.33062260600458293
1803 0.7746875529873757 0.37603898309506884 0.05579862141421188 0.07779899810013893
1803 0.7015228714990299 0.385560759880555 0.057470248818873595 0.08096036569131951
1803 0.6133234670525262 0.38995927878225645 0.05267362141421188 0.07772626291777777
1803 0.36212054328391086 0.04786727023288164 0.07798115626060227 0.04240701196784728
1803 0.3631126136096636 0.09866670402847193 0.06542659255827141 0.04055357123840282
1346 0.24695933475372306 0.06383972198024286 0.10805060217691827 0.05403549620027785
1346 0.24697918212131792 0.10918858957142341 0.1129563569862417 0.06039459897381953
736 0.2334102446425224 0.19082044927881925 0.052237111795565117 0.06522626291777786
736 0.9529241364751545 0.1959663573357631 0.051165685116542646 0.07925239532659725