719 0.2500541051063425 0.5044156594028149 0.4232007854311589 0.34786212577315184
1165 0.6883557386507219 0.6212509257828502 0.2270004206913981 0.08711658909937299
717 0.8649911318285198 0.4774524836684563 0.08406877461060631 0.10350737939699588
717 0.8751881489172785 0.6403988938201772 0.07272209765100186 0.0885520590935542
1346 0.6535224344149444 0.46876378350897674 0.030034492478152687 0.06792082363742172
736 0.865519980733163 0.5491999379108218 0.04769335391920819 0.03195137272903601
736 0.8673014410788621 0.583638710789639 0.0680513180258309 0.03517196757828493
1803 0.6948150241483878 0.46823749608629195 0.023693564264907253 0.06428564060688338
1803 0.7323377562016992 0.47207984426952077 0.023602636051661817 0.06116064060688355
1803 0.7682297920950765 0.4734508966951151 0.03146060015828454 0.06336086939505617
1803 0.6682047115328332 0.544784149570053 0.04782974623907634 0.03663887272903601
1803 0.7578211409997199 0.5443055306340387 0.05720474623907634 0.037404147274843244
1803 0.9508831677218972 0.4829050003383557 0.033568669437756785 0.08223841515269079
1803 0.963628523290458 0.6530739791265284 0.049102741224511345 0.08038887272903601