1372 0.5515625 0.14453125 0.15859375 0.16875
1372 0.534375 0.3765625 0.125 0.1796875
1372 0.53671875 0.62421875 0.1375 0.1671875
1372 0.5453125 0.8703125 0.14609375 0.1609375
2235 0.23984375 0.8671875 0.1125 0.10703125
1803 0.33203125 0.1515625 0.0546875 0.06953125
1182 0.7703125 0.08046875 0.18828125 0.08203125
1182 0.78515625 0.20703125 0.20859375 0.09921875
1182 0.77734375 0.3234375 0.18359375 0.08515625
1182 0.78984375 0.4515625 0.2171875 0.08671875
1182 0.78984375 0.575 0.20078125 0.09296875
1182 0.78125 0.69609375 0.2171875 0.08984375
1182 0.78359375 0.81640625 0.18828125 0.08828125
1182 0.78515625 0.9421875 0.2171875 0.10234375
1182 0.21328125 0.51015625 0.42578125 0.41171875
718 0.2171875 0.1578125 0.1 0.0375