4439 0.31764242398175857 0.4739414543466232 0.11636768119435104 0.10700906847545255
1803 0.4695594751063803 0.3102467990402375 0.04132412252816078 0.05709060919158375
1803 0.5906589429232936 0.3964822925618325 0.057528276735205 0.044129534237726274
1803 0.5639818284409046 0.4300865345422681 0.0586537341605581 0.03797966378737563
1803 0.5423746262113316 0.4585224151716515 0.04949725544788173 0.040503886489479515
1803 0.515134783016266 0.4889515923772624 0.0539662341605581 0.03767927513842757
736 0.2528808014535978 0.5247239019102997 0.06712179802252863 0.04785531153562204
736 0.4557490753388114 0.5526345581395361 0.06109031930985189 0.05057979333702498
736 0.40255873733952596 0.6174992921004072 0.05763753737886681 0.045692034237726276
736 0.3822408835007986 0.6499415522794401 0.048481058666190346 0.04821625693983016
736 0.3313232396853144 0.7047501657899604 0.05073197351689647 0.03591651603912886
736 0.2977951916627858 0.7465476395717985 0.05258940445914595 0.062479016039128865
736 0.6383259006007481 0.33204835517718884 0.06087179802252862 0.04745479333702489
736 0.6132659164401899 0.3649714767072737 0.05116901609154336 0.04216651603912895
1182 0.24270204416413083 0.32239064389073524 0.1529493094224949 0.27423614126984164
1346 0.4825354504648621 0.5174678161591005 0.05204310124083733 0.054666516039128865