717 0.8179998919081248 0.24800359565225624 0.1653029173624308 0.2583969943004168
717 0.6936363247537845 0.22356925294670077 0.15269381458888914 0.25341855357097237
717 0.5687097131465275 0.18977809403673565 0.15069490349472225 0.2346321859797918
717 0.4349347784010068 0.16712445687826355 0.15069490349472242 0.2346321859797918
717 0.30980814504225684 0.14192704796829833 0.15560060904180578 0.24411628875333347
1456 0.6980776372553813 0.737249893239305 0.127292464665139 0.1684980397032639
1369 0.4815109991469787 0.5814402235957635 0.21108688962701408 0.2126130220358334
2235 0.33421646542763833 0.6699786595755552 0.08899237765916679 0.13325021751493066
2235 0.25392955338354106 0.664039090521354 0.09357077488562507 0.1286718202884723
2235 0.17702221447770777 0.6470892862847915 0.10000261284152794 0.13662979065319458
4439 0.71544893484243 0.6283106511230896 0.04197060087368065 0.058758057370694415
1346 0.7605068617041661 0.6381934909788536 0.04960126291777769 0.05112739532659738
1346 0.36276361198850654 0.44990189570784694 0.07645470364722229 0.06424564437666672
717 0.7429401148382981 0.5206975196642007 0.11947865824437506 0.10116506933854179
717 0.6213735861529509 0.5438285079806939 0.0978959053945836 0.18030705547083342
717 0.5869589525098605 0.7140689260087147 0.08982883225631966 0.16918771751493064
717 0.44709701871427027 0.7181050754193746 0.06780705547083343 0.09527743882958326
717 0.3687395486338884 0.5286263077519442 0.05069229065319458 0.09800239532659738
1803 0.6796205376159717 0.6244596057202425 0.02612739532659738 0.049019381458888844
1803 0.696245646373437 0.5811271798084369 0.02725348423243048 0.030305749050069507
1803 0.5182498925737149 0.4790776365897912 0.03840918977951393 0.03993532218833344
1803 0.4513533333031593 0.46814144301055516 0.03666485182361114 0.03208645459715278
736 0.5702124360767009 0.4606900060808329 0.03023301386770836 0.02412848423243048
736 0.5633441870266316 0.48739797644555505 0.03502961664125 0.028925087005972294
736 0.24163284118694403 0.4878584502287498 0.15599934612402794 0.1941526563445141
736 0.3325299449104162 0.5076059461446872 0.019768292553055566 0.044186411094166544
736 0.3168497403132634 0.5438889382609025 0.031868249050069505 0.027289851823611145
736 0.30999967505878423 0.5698156586256247 0.028706881458888844 0.025654616641249996
1803 0.8642345398001732 0.4757097151432978 0.030778527735416717 0.04756598423243048
1803 0.8812583856398607 0.4823409216403117 0.02300239532659738 0.04894664627652787
1803 0.3873414654276383 0.6687421614754163 0.03357621941479172 0.03357621941479181
1803 0.3821448191511105 0.690726264248958 0.033394381458888844 0.02576371941479163
1803 0.37609418769222164 0.7158535508180899 0.030342116641249993 0.02881598423243048
1803 0.37006174002892295 0.7401995873872218 0.028670513867708358 0.02409211664125017
1803 0.5046542923656243 0.7612725407501036 0.02707164627652787 0.022493249050069507
736 0.5133032469627772 0.7251532027942009 0.030378484232430482 0.030378484232430482