1182 0.5418849978739682 0.12491155806535514 0.6267531739466822 0.1973043304001305
735 0.6671103304260676 0.7527905974893583 0.18596867728066221 0.2119192587805987
718 0.3996183942307274 0.30846492233034395 0.10306084030732113 0.11460792154477702
718 0.5356516180179304 0.3256337207313377 0.08743584030732095 0.1145170179539809
718 0.6747460689263158 0.34356558841417206 0.08498052000387943 0.1035704275949012
718 0.3694530489224365 0.4484177566392994 0.07653029121570665 0.09571247579950323
718 0.5066023625579186 0.4710462146812134 0.09406847758022466 0.11924087939029952
718 0.639893223618025 0.48354569380036627 0.09068838606495558 0.11609769867214012
1803 0.345154034837611 0.2869171752572102 0.06218074879205204 0.11124657220870696
1803 0.48029443832137203 0.3150234736582038 0.06167056576151388 0.10499657220870695
1803 0.619006251956854 0.3376428413410383 0.05554811151914833 0.10652271077238851
1803 0.31092307180125384 0.44797739510478507 0.06218074879205204 0.11124657220870696
1803 0.4465576828613603 0.46046323868531847 0.05529302000387944 0.1033977107723885
1803 0.5832446108909286 0.4791899919067724 0.053220336973341276 0.09713862041330898
1803 0.19402287210081623 0.5408012202403583 0.10650483363936133 0.08026928298109545
1803 0.4017717281599529 0.5786365217646099 0.09770391848667045 0.048982921544777014
1803 0.11532443194327638 0.7013392653217022 0.05889625212603189 0.1284068011314682
1803 0.32052224391176837 0.7321614975641131 0.0661666181871082 0.14094316256778647
2235 0.21111529300338283 0.714056913058766 0.18635131455356593 0.2166067587805987
2235 0.4150056964871439 0.7417632356602564 0.192856406068835 0.21976812021691713