735 0.445553815550017 0.5430283051602143 0.24749197100406112 0.2115071159934022
718 0.6399618430047964 0.8921775443396616 0.11235790252860856 0.09840405925034226
718 0.5766083467054243 0.7856296791376822 0.12758238433001132 0.09260870031656906
718 0.5178922856312275 0.6797266716158348 0.11235790252860856 0.09840405925034226
718 0.34449886258766976 0.3798727387837359 0.12758238433001132 0.09260870031656906
718 0.28759562538759614 0.27001801715526585 0.1347941070321154 0.08346102084968247
718 0.2312931654854186 0.15078829552679576 0.11910855027685514 0.10639841567683303
736 0.30276764728682126 0.15494694662215241 0.05366522054263569 0.0343128155185485
736 0.39270462754706453 0.30906849379830087 0.06041586829088228 0.04230717194503919
736 0.4239558251107409 0.36898305139929055 0.04429022054263569 0.034040030878812376
736 0.5643155050941291 0.6245701586837111 0.05114099784053181 0.04359688730530316
736 0.6012357117571041 0.6812005919115214 0.04957849784053163 0.04355142319868044
736 0.689029201116646 0.8322653352476038 0.05859255243632351 0.06252874373179367