1372 0.89184253462439 0.4191466826361504 0.07202473137238705 0.21822389448011278
1372 0.8288343004094056 0.4155637609636392 0.07075065770898092 0.19634889448011297
1372 0.7681775214702105 0.42520754221322726 0.0687177208490434 0.2150443474022122
1372 0.705760821456093 0.41146837054071606 0.06633617349399668 0.20095457386326193
1372 0.6446868135635853 0.4148757885597793 0.06779225768074629 0.22595457386326193
1372 0.5874658477644522 0.4057286595009419 0.06228571032569956 0.21181025324641087
1372 0.5273928977503347 0.39194857752000517 0.06339318401734033 0.20402502678536116
1372 0.47320592668953 0.3843094013832671 0.060177178755668595 0.20240797970746058
1372 0.41088793721287364 0.3822753429412806 0.060177178755668595 0.20240797970746058
1372 0.35169494773621734 0.3801867374213936 0.060177178755668595 0.20240797970746058
1372 0.29190271878290475 0.3749867686709817 0.060814215587371476 0.21334547970746048
1372 0.230638995091264 0.3682515734595201 0.06283174189573071 0.22118525324641086
1372 0.17029302929213103 0.3591589914785834 0.058978699802355906 0.20863070616851012
1372 0.11215430560049026 0.3523692491892211 0.05577810509226264 0.18047843262955982
1182 0.7692897843420413 0.12471266437220585 0.4392276419239657 0.1980979496723932
1182 0.2875462316547357 0.07896475121781599 0.4280325366905286 0.15792950243563197
1182 0.9483046372269911 0.38772335877288855 0.06880872611071531 0.2166068474022122
1182 0.03513422770848181 0.2530880438314898 0.07026845541696362 0.1855204886359143
1182 0.02953776862761298 0.6086386144483409 0.05907553725522596 0.3514727711033183
1182 0.41750560337905995 0.7778508957012242 0.24817843671876344 0.13388762499835244
1182 0.4749023324735469 0.9313792702958347 0.09754139988706054 0.12033186525911965
1346 0.8446890006352845 0.6525455637235827 0.03862142619541977 0.12710797077900687
1346 0.7846692585277923 0.6512518449731708 0.03945588410204515 0.11463524431795698
1346 0.7257492848361515 0.6444757394532837 0.03569384727034208 0.1036431972400564
1346 0.6646675716678544 0.6346155442418222 0.03752936305535748 0.10835797077900686
1346 0.6099723663920653 0.6223025048745592 0.034328768345264396 0.0802056972400564
1346 0.5474268637612293 0.6241746964325728 0.03247784200867017 0.10202615016215581
1346 0.49816261113039334 0.6258150629095086 0.03469278939195171 0.08645569724005639
1346 0.42301839796209634 0.6162003295486 0.035602842008670164 0.10208069724005639
1346 0.37398165848543996 0.6139344460255358 0.03754477360693613 0.08182274431795715
1346 0.3159339400554711 0.6055822037361736 0.038909852532013914 0.10526024431795715
1346 0.258758476887174 0.5956538246773361 0.034419773606936134 0.08176819724005639
1346 0.1983747137329944 0.6006101059269242 0.03385833148532651 0.0989284237011061
1346 0.1380287479338614 0.5915175239459874 0.03385833148532651 0.0989284237011061
1346 0.07580176371887698 0.5879209655040011 0.03542083148532649 0.0989556972400564
1346 0.7047626796733016 0.750203588073312 0.0416106473268119 0.04443183847375849
1346 0.6409731954583172 0.746634303170276 0.04575211575678075 0.035138659090609536
1346 0.1840553375234572 0.712465223621676 0.048968121018452535 0.036755706168510115
1346 0.12297362435516015 0.7026050284102142 0.04362817363517104 0.052271612012708954
717 0.68022614028135 0.8364820073101914 0.06474431043863901 0.09322389448011278
717 0.16497984285571624 0.7853805722417041 0.06585178413027988 0.08543866801906326
736 0.6946155929968906 0.924422338073312 0.028655621018452492 0.03640115016215582
736 0.6647915851043829 0.9272842853133685 0.042065673635170955 0.05224433847375849
736 0.18249429557125674 0.8732663559269241 0.02911064732681181 0.04421365016215582
736 0.14745914291218595 0.8450010340922571 0.05934417889684287 0.05410684740221257
718 0.6278222061228353 0.892028623787127 0.04637374203690499 0.07261138555165943
718 0.23477713238884226 0.846598715911038 0.04544827886860796 0.08352161201270861
1346 0.2823423771271704 0.8473293729730529 0.03756018415851479 0.05528751785690744
1346 0.5654888060946004 0.8634593388840909 0.05024219468185844 0.05863070616851011
1803 0.6688119561934225 0.965456441157567 0.057235647326811724 0.044704573863261744
1803 0.6034522667026487 0.9486468165629566 0.038303636803468065 0.04125229139585791
1803 0.5582076561369528 0.9080724095009419 0.04215667889684287 0.053806838473758486
1803 0.3094971403519372 0.917096402194046 0.052168715728545756 0.06490797970746058
1803 0.23113692192196833 0.909098715911038 0.04509966837349921 0.05073638555165942
1803 0.16202290087528087 0.916548751624853 0.04602513154179624 0.039826159090609534
1803 0.07989294033781977 0.9062754991892211 0.05356461575678066 0.035275026785361166
2235 0.9662642239034023 0.21336824107813684 0.04599431043863902 0.09289661201270887