1372 0.5217839847416359 0.6169464498696154 0.4759497668478481 0.29674590698691894
1372 0.47952397301269334 0.153856776381975 0.44720205397461327 0.26332762910713176
1346 0.27051106184515805 0.6035066057692726 0.09428486758448215 0.1708224251546305
1346 0.23242691777757232 0.7323970092530336 0.1051238146182751 0.23695760818516867
1346 0.19589809998032953 0.3334176331900177 0.11434599530842302 0.1911029742462448
1346 0.2289887414500252 0.18604829667571846 0.09214321337743776 0.1846298336393613
718 0.8936704203754623 0.8044451604900766 0.08276821337743812 0.1838645590935542
718 0.8498696879796149 0.3184441454871671 0.0816756069408207 0.1682395590935541
1346 0.8519363884444772 0.8057526979127614 0.08127141535490914 0.14024210485118865
1346 0.7969085789451077 0.3117638397275929 0.06775521857321784 0.1469066930324779
4439 0.781027944764879 0.6624653413945829 0.08871257475773361 0.09113492515463051
4439 0.7292672468979069 0.18917162048231795 0.0844621173323807 0.0970022878817268
1803 0.895227930514921 0.9507142536723358 0.08504127153942491 0.08306733363936161
1803 0.8432704906937205 0.45776173700243616 0.06712179802252863 0.048979376063016035
1803 0.7805783746218478 0.17450308472662307 0.04096348960843983 0.07480855242559432
1803 0.8330821176613569 0.6596431013965225 0.04943155347040999 0.08482128121376693
1803 0.7833113466261349 0.5848664998793138 0.07526207995351371 0.05430460485118864
1803 0.7397837658394419 0.0949592348764043 0.0725741225281606 0.06029951333591956
1182 0.47003654239941994 0.8625779432016557 0.1479454631253363 0.11616661818710838
1182 0.41013556260146267 0.39333399350121806 0.15074268119435102 0.11173420970237728
1182 0.1307911780922579 0.4905288893989355 0.2615823561845158 0.8654327787978711
1182 0.672457066032532 0.9597565413002955 0.15746257475773362 0.08048691739940886