735 0.42963699487834395 0.8147705498800019 0.25420797849830856 0.37045890023999634
735 0.1813110651817857 0.8110512565770899 0.2532832072864813 0.3778974868458203
717 0.9347487469801301 0.7276920465080006 0.13050250603973979 0.24999854195220053
717 0.9068392866737789 0.2409810017837899 0.18147236697916042 0.26093604195220044
717 0.3794156594028148 0.2569142128153612 0.16428486697916017 0.25993498407381016
736 0.7104404557886692 0.8640111651779658 0.10299719636645772 0.0806423262236546
736 0.6331134548705852 0.6215814704961075 0.13928538273097574 0.10608194198043534
736 0.7776939206127025 0.22101857032669825 0.14139001666989942 0.093763952503779
736 0.20940630621861614 0.18403190770898115 0.07461684697528082 0.15207771046687393
736 0.11638924304217615 0.32090330517696725 0.09808629788366643 0.13478379465362353
736 0.5440039310736842 0.37768798635171025 0.12579670970237727 0.15039338410204497
1803 0.9278844656214311 0.4606942623071336 0.13954047424624463 0.10920694198043535
1803 0.7646510130460555 0.4612949598315895 0.12212983363936125 0.08642188936371689
1803 0.7875774274498402 0.7231047150932612 0.06642145182646945 0.22313366311182747
1803 0.8418664436606976 0.6928326571442838 0.07455294515850959 0.18939569994353037
1803 0.22225621895541087 0.4367018814006219 0.11721919303247778 0.06436487884037305
1803 0.16288083214154922 0.5475413998870605 0.11552914727484324 0.06271137357870131