719 0.50703125 0.1546875 0.64765625 0.29921875
1803 0.1859375 0.3125 0.04921875 0.05625
4439 0.30078125 0.37734375 0.09296875 0.07578125
1165 0.70078125 0.490625 0.0734375 0.13359375
1803 0.69921875 0.35625 0.0546875 0.0609375
1803 0.38125 0.6390625 0.040625 0.06796875
1803 0.65859375 0.67265625 0.07109375 0.03984375
1803 0.66015625 0.7296875 0.08984375 0.028125
1803 0.6640625 0.79140625 0.08203125 0.04140625
1803 0.3484375 0.796875 0.0953125 0.04296875
1803 0.4328125 0.91484375 0.0734375 0.034375
718 0.5765625 0.9125 0.11484375 0.04609375
717 0.4890625 0.49765625 0.1859375 0.07578125
736 0.50546875 0.4265625 0.109375 0.0296875
736 0.50390625 0.38046875 0.11171875 0.0296875