1182 0.6577116161264162 0.6620662164344175 0.5000313730530312 0.512677636379945
1802 0.186477046875 0.3945654453125 0.3695743296875 0.683819546875 0.6408437546875 0.524106321875 0.45636691718750005 0.25083448124999996 0.186477046875 0.3945654453125
1802 0.4457388171875 0.248153134375 0.6307130953125 0.5101902515625001 0.8824470812499999 0.38306831875 0.69688215 0.12832989687500002 0.4457388171875 0.248153134375
1182 0.20856970328607 0.20311177652012075 0.152711126022532 0.1555204998588257
1182 0.41729749709700614 0.10594283197943669 0.174586126022532 0.15679457352223153
718 0.5757715751519669 0.15442729265807215 0.06409124373179384 0.058327710466873926
1803 0.5124986853393814 0.1846300031249461 0.060966243731793844 0.05814569994353027
4439 0.16574439113273381 0.4419236475385732 0.07392088479802066 0.07449874203690499
718 0.12052047083704727 0.3611055580195647 0.05779577962517113 0.05640118942018653
1803 0.1908700747562555 0.3289308238751674 0.05448892319868044 0.04996917889684287
1803 0.21783574003737716 0.3671364791650741 0.057568459092057725 0.04858868942018653
717 0.32748117616818134 0.27105886874055246 0.13493259263643723 0.13420694198043534
717 0.41462347499368235 0.22464732934860074 0.10429034639736087 0.09966534200867017