1794 0.65390625 0.52421875 0.1828125 0.17734375
717 0.4703125 0.4703125 0.2515625 0.22109375
1182 0.13359375 0.26171875 0.1953125 0.19921875
4439 0.284375 0.31875 0.0578125 0.06328125
1182 0.84921875 0.66328125 0.259375 0.2125
1803 0.37578125 0.36796875 0.0515625 0.03359375
736 0.33984375 0.35 0.04296875 0.0390625
1803 0.30625 0.4453125 0.0453125 0.04609375
1803 0.26953125 0.42890625 0.0390625 0.0328125
1803 0.19375 0.3796875 0.0453125 0.04609375
1803 0.4609375 0.603125 0.06328125 0.05390625
1803 0.37890625 0.5609375 0.0578125 0.0390625
1803 0.31328125 0.52265625 0.04609375 0.03671875
718 0.2296875 0.40703125 0.04375 0.0421875