1182 0.24155214660466862 0.8562483579726375 0.37112594499482005 0.22294988804899774
1182 0.5508455241928211 0.1481045959778874 0.4496919007430069 0.2962091919557748
1182 0.6803449729071855 0.8956979252466859 0.36996155128112634 0.19794988804899774
2235 0.16313366252983133 0.24667391064609187 0.17729886228216235 0.15198176535645347
2235 0.3211302531003719 0.28235577729154737 0.15676803846084475 0.14705790802036275
2235 0.48437726984959484 0.31328650926959384 0.16011136228216216 0.15178177068745358
2235 0.6392124731165826 0.3482234885821403 0.15847608767505647 0.15020108935390813
2235 0.8010425390800172 0.3822974018937321 0.17588191149637425 0.155088584022908
2235 0.9358754956567739 0.40482528787400585 0.12824900868645236 0.16729768268618095
1346 0.2119821931327932 0.4227636959739103 0.06788532092583344 0.11635225334181776
1346 0.3686517241500399 0.4467359032861385 0.05400260339082212 0.08651930267345413
1346 0.5179454028099217 0.48017401726609404 0.05145980024766885 0.0989829400063634
1346 0.6784847965236154 0.5033195212444587 0.05222177956950454 0.08181362133990877
1346 0.8298675140586266 0.5312616132240959 0.04404540653397504 0.07391021467218159
1346 0.9812757907349017 0.5567872298695514 0.03744841853019665 0.09427725867281786
1372 0.11037049730940365 0.5068034359882277 0.15478181513486522 0.3391181386855447
1372 0.27147281720177985 0.5252523492998197 0.16473901199171212 0.3517272266868172
1372 0.42801606968297917 0.5632961472788207 0.17077068817039454 0.34711245202099905
1372 0.5832322626108846 0.5896302859245944 0.16288541356328867 0.34545904535327165
1372 0.7470422055387901 0.6158644272358681 0.1786559627775004 0.3487658586887262
1372 0.9059292080199894 0.653880953214551 0.1865070041338292 0.383213584022908
718 0.19687307754086203 0.5347188033100011 0.061232906533975305 0.07411020934118148
718 0.35276135855810864 0.558700101289002 0.051639582712657804 0.06931362133990877
718 0.5090498999144375 0.5912751492680031 0.05163958271265763 0.06931362133990877
718 0.6577249944139195 0.6114320132479585 0.05149403349844608 0.06618862133990877
718 0.8177378492524838 0.6400553578930959 0.05810790653397539 0.07407384667409041
718 0.9707599758049243 0.6679519965388695 0.0584800483901514 0.07881589067472686
718 0.8346939853176917 0.148185483887687 0.09044952564056316 0.09787497334499946
1803 0.8325364799410082 0.21934286855509605 0.07322348428423417 0.06331816000954502
1803 0.1804369023956369 0.6349642513128646 0.055239771711621755 0.11308180267345413
1803 0.3368346056626245 0.6698830492918655 0.046699525640563164 0.09736589600572695
1803 0.4916505382514478 0.6876234379376391 0.049824525640563166 0.09740225867281786
1803 0.6421257272504117 0.729646211250822 0.05880141935425698 0.12249316534054522
1803 0.7986133217498937 0.7497121685630501 0.0575642510334573 0.09593066534054522
1803 0.9543025496239874 0.7862025572088239 0.07359166542531526 0.13828179734245402