735 0.50703125 0.40625 0.271875 0.32421875
718 0.15234375 0.2953125 0.13984375 0.10234375
718 0.28046875 0.25234375 0.14375 0.1125
718 0.4515625 0.18828125 0.1484375 0.12265625
718 0.59296875 0.15078125 0.14375 0.13359375
718 0.38828125 0.79453125 0.16015625 0.1296875
718 0.53125 0.74375 0.1375 0.16484375
718 0.71640625 0.68359375 0.125 0.14140625
718 0.85 0.63671875 0.1453125 0.165625
736 0.74375 0.59140625 0.0515625 0.04296875
736 0.42265625 0.70703125 0.07890625 0.04375
736 0.25546875 0.35078125 0.0484375 0.05078125
736 0.5671875 0.2453125 0.046875 0.05078125
4439 0.3390625 0.375 0.0671875 0.0703125