1456 0.5677629554501742 0.6192514172115796 0.4456165049370838 0.6918752232113434
736 0.8249403290252783 0.6546223068237239 0.2008429867009724 0.37522964529089187
736 0.7546914192622918 0.18996204505095343 0.19321232465687538 0.37992409010190686
1794 0.0997324687492016 0.2553948376629796 0.19466441546256968 0.3110853246740408
717 0.30419272435187555 0.7121691688331374 0.17576894509784752 0.30450804220663663
1803 0.3534153936141674 0.9129543729730528 0.1024002610179167 0.1048705064928221
1803 0.1687682898906952 0.9380612873386681 0.11014002583555564 0.10188187418757337
1803 0.14223954464034788 0.805657890422923 0.10407186379145843 0.10958528003177222
1803 0.11861759384291722 0.6638249464292775 0.10995818787965286 0.09406937418757337
736 0.1042433564763546 0.5163596112019299 0.09400587955902787 0.07973413879807012
736 0.3052064444322574 0.5206674614468112 0.11780705547083344 0.09576824188232518
1803 0.2836743237069448 0.4014634939142153 0.10577983415618064 0.1158625535707225
1803 0.6346321859797918 0.13429399026406266 0.0811811840799308 0.19977390340856668
1803 0.5700793767092363 0.14792584213050175 0.08125391926229178 0.20289890340856664
1803 0.4819981484607293 0.158060547081196 0.07940047853284735 0.1903716298696163
1803 0.4035101257593057 0.17740661079818815 0.06966180262104178 0.17458298863591426
1803 0.3193169637152085 0.18669188190150648 0.0724231267092362 0.15901253571381496
1803 0.23681358824024326 0.2014186294658745 0.07732883225631966 0.16846935633066593