1182 0.15746398207911905 0.8537260786919079 0.3149279641582381 0.21953398671227084
718 0.7309888919048282 0.3118156774347226 0.14085072930778503 0.09533177601845377
718 0.6777090044110141 0.5378963720957683 0.154913229307785 0.09549540802036276
718 0.6525131733396352 0.7650855807606319 0.137725729307785 0.09529541335136286
736 0.824653682723431 0.29961621678067657 0.039301517412854634 0.03481135200509069
736 0.8036551079836303 0.357219631444904 0.032396420171816584 0.022238626670908878
736 0.7391843357095356 0.7371702134388588 0.042426517412854636 0.0348477146721816
1803 0.729536018771651 0.801941238104677 0.02968085594746519 0.030014764003817973
1803 0.5783618588881414 0.3303645880808145 0.05533595318850324 0.042805665340545127
1803 0.565123795229617 0.5232969754137236 0.044480340343633 0.044240896005727136
1803 0.5063408582107728 0.7798009667409056 0.05204717887824373 0.03964430267345413
1803 0.4266500361845054 0.7640208780633153 0.03601274310259513 0.031649989337999784
4439 0.5546831829505736 0.7225157254137236 0.08247166327441154 0.05405224801081765
4439 0.6312279093176827 0.27625889075426874 0.08049972749876275 0.046221566677272286
1803 0.501140939620836 0.32712086207031493 0.04053646879233561 0.028579533338636144
1803 0.4473597631174414 0.5180180347310425 0.06339411465389251 0.047584072008272395
718 0.4412757801916117 0.708688488064906 0.05163774310259513 0.03183180267345413
718 0.5101717808689802 0.259215746737724 0.05221095318850324 0.042769302673454315
736 0.4588173207830719 0.269562353397497 0.03658595318850324 0.04258748933799979
736 0.3774246421319708 0.7337424847230883 0.03617651741285446 0.03477498933799979