1182 0.5536284765625 0.0086896140625 0.4248132453125 0.0811207015625 0.5111929734375 0.3105176125 0.649913003125 0.2204858125 0.5536284765625 0.0086896140625
736 0.5039146171875 0.5282405031249999 0.47910935156249995 0.540443084375 0.5055313265625 0.6076827734375 0.5265372703125 0.5832003078125 0.5039146171875 0.5282405031249999
736 0.4540879734375 0.5586138593750001 0.4302325390625 0.5738864125 0.4566545125 0.6411261015624999 0.47948142968749996 0.6272664953125 0.4540879734375 0.5586138593750001
1182 0.40580237500000005 0.10726035781250001 0.2522169984375 0.204171459375 0.34031421875 0.40721707343749997 0.4922735734375 0.3048299359375 0.40580237500000005 0.10726035781250001
736 0.7054630171875 0.3680217515625 0.6826623296875 0.38038705156249997 0.7071584125 0.44298110625 0.7310400765625 0.42621424843750005 0.7054630171875 0.3680217515625
1803 0.47073983437500005 0.78218610625 0.46994738125 0.7701503015625 0.46075350000000004 0.7506985625 0.4491091421875 0.7564872968749999 0.461073825 0.789631865625 0.47073983437500005 0.78218610625
735 0.5706870105667872 0.7508927959651067 0.19110487328446535 0.2759999394987579
1182 0.6232339482943006 0.4293627087292851 0.09402278763096845 0.11612496974937905
1182 0.7697090186125589 0.7692741155415351 0.2211530062041863 0.2589942466803503
717 0.5874324781315988 0.5991712146812134 0.10128898441265974 0.10835792154477701
1803 0.6607671632612222 0.2954962479568965 0.05302644703379293 0.06590680113146821