1456 0.81796875 0.33359375 0.146875 0.2390625
1346 0.65234375 0.3375 0.16328125 0.15078125
717 0.6703125 0.11640625 0.14375 0.19453125
736 0.48515625 0.26328125 0.0953125 0.2203125
736 0.375 0.27890625 0.1 0.2109375
736 0.9125 0.090625 0.1625 0.1421875
736 0.1328125 0.2859375 0.06328125 0.05703125
736 0.05390625 0.09609375 0.06171875 0.053125
1346 0.05859375 0.1890625 0.07109375 0.071875
1346 0.0578125 0.84296875 0.0703125 0.08125
1803 0.04296875 0.27109375 0.06640625 0.06171875
1803 0.1640625 0.509375 0.08046875 0.09453125
1803 0.1734375 0.63515625 0.12734375 0.09921875
1803 0.034375 0.6375 0.05859375 0.0609375
1803 0.0390625 0.9359375 0.05703125 0.04921875
736 0.1328125 0.94375 0.078125 0.05859375
736 0.046875 0.746875 0.075 0.05234375