4439 0.19333579863257247 0.10899429250907651 0.16482725879399168 0.16867569863085596
4439 0.8581644757440567 0.39553785383841433 0.16954670970237729 0.15018036661563353
717 0.5033982589146778 0.6797285341433005 0.25408094849248963 0.21280238342154761
1803 0.3248595732990659 0.927204417527667 0.06763352333785928 0.12266817885919253
1803 0.40226709617788314 0.9295746838392894 0.07417056576151389 0.1073615138401646
1803 0.48366061738971045 0.9407297011394948 0.07104556576151388 0.10723417984777583
1803 0.5721969589049796 0.9412018864244782 0.060012470912264956 0.0865396778706092
1803 0.7409148790586401 0.8908556710248892 0.10433655575957416 0.05719968775644091
1803 0.7563960999709051 0.8068308395039583 0.11801641848667063 0.05308519072219049
1803 0.777856253913708 0.7167788424697079 0.11476387272903601 0.051395356729801736
1803 0.7880600434624248 0.6301874264620967 0.11839905575957417 0.05777269072219049
1803 0.7230560231686813 0.3798425751695023 0.06090529121570665 0.0974771778706093
1803 0.6371822960474987 0.37555964037881073 0.06897288273097572 0.10092051285158128
1803 0.5512288205933058 0.36265112209002204 0.06817565727678296 0.1102318458553869
1803 0.47166886635094035 0.3578416052841081 0.061160382730975724 0.10060217787060939
1803 0.3208230698443998 0.1220274861970166 0.06479556576151388 0.1069795118629981
1803 0.2711427078662094 0.34653539627312874 0.06450852333785928 0.12254084486680368
1803 0.19392650362384398 0.3418213799615064 0.07544602333785924 0.1229865138401645
1803 0.24502726270769976 0.532027227299768 0.10742960485118865 0.07601335475263546
1803 0.23423354179543482 0.6162430598092821 0.11603933030538141 0.06702035672980174
1803 0.21522896603198127 0.7722383918245045 0.09301641848667064 0.05206651878308044
718 0.10432186968492026 0.3256286941822317 0.06827125212603188 0.1304806788591925
736 0.06672769315316401 0.7669712771860373 0.12461710485118863 0.0767136917107738
736 0.08102879346242477 0.6013781106841345 0.11552914727484327 0.06077035672980173
736 0.09312992285942061 0.5203509451708148 0.12735946757828503 0.07215352570316255
736 0.24218982088316993 0.7012228962731287 0.07866687606301595 0.0670548488211363
736 0.3679379595331994 0.3418571665390838 0.1155288893989355 0.13707818874502423