719 0.52578125 0.2765625 0.78984375 0.4765625
717 0.6109375 0.77109375 0.32109375 0.21484375
1346 0.9484375 0.07578125 0.103125 0.103125
718 0.0671875 0.07265625 0.0765625 0.096875
1346 0.2125 0.64609375 0.078125 0.1
1165 0.32890625 0.66640625 0.08671875 0.11640625
1803 0.06953125 0.45703125 0.06015625 0.05546875
1803 0.24765625 0.8859375 0.0640625 0.08671875
1803 0.7359375 0.915625 0.09921875 0.03125
1803 0.84296875 0.84296875 0.05859375 0.0609375
1803 0.83984375 0.72421875 0.0578125 0.0703125
1803 0.84765625 0.61015625 0.05703125 0.0515625
736 0.7453125 0.6109375 0.06484375 0.06171875
736 0.4578125 0.91953125 0.1203125 0.0515625
736 0.20546875 0.5359375 0.0765625 0.05