1182 0.49375 0.12421875 0.60390625 0.10078125
735 0.76640625 0.71796875 0.14140625 0.190625
718 0.39609375 0.325 0.07734375 0.10234375
718 0.53515625 0.32109375 0.06328125 0.10703125
718 0.6765625 0.31796875 0.06328125 0.09453125
718 0.4 0.465625 0.05703125 0.08828125
718 0.540625 0.4671875 0.06875 0.11015625
718 0.67578125 0.459375 0.065625 0.10703125
1803 0.3375 0.3125 0.03671875 0.10703125
1803 0.478125 0.31953125 0.03671875 0.10078125
1803 0.6203125 0.3203125 0.03125 0.10234375
1803 0.34140625 0.47421875 0.03671875 0.10546875
1803 0.47890625 0.46640625 0.03203125 0.09921875
1803 0.61875 0.4640625 0.03125 0.09453125
1803 0.2484375 0.5828125 0.09140625 0.06484375
1803 0.4625 0.58828125 0.0890625 0.034375
1803 0.20859375 0.75078125 0.02890625 0.12421875
1803 0.41875 0.75 0.03359375 0.13828125
2235 0.30625 0.74921875 0.13828125 0.196875
2235 0.5140625 0.7453125 0.1453125 0.1984375