1372 0.81640625 0.0984375 0.3390625 0.19375
1456 0.140625 0.55625 0.134375 0.22734375
1456 0.071875 0.8296875 0.12265625 0.22578125
1346 0.16875 0.78359375 0.05234375 0.2
1346 0.3640625 0.6625 0.04140625 0.15390625
1346 0.92890625 0.5640625 0.05390625 0.17421875
1346 0.79921875 0.315625 0.0578125 0.1671875
718 0.75390625 0.67421875 0.02734375 0.0953125
718 0.46796875 0.5921875 0.02578125 0.1046875
1803 0.37890625 0.43125 0.10546875 0.10390625
1803 0.275 0.49375 0.04375 0.0421875
1803 0.41484375 0.58671875 0.02265625 0.09375
1803 0.415625 0.84609375 0.046875 0.04453125
1803 0.4140625 0.91015625 0.04375 0.0484375
1803 0.76953125 0.5109375 0.021875 0.09296875
1803 0.846875 0.4859375 0.04921875 0.0453125
1803 0.8484375 0.6109375 0.05078125 0.0453125
1803 0.8140625 0.69375 0.0265625 0.08828125
1803 0.853125 0.7125 0.02734375 0.09921875
4439 0.89921875 0.7078125 0.04375 0.08828125
4439 0.4125 0.74921875 0.0453125 0.08515625
717 0.271875 0.71328125 0.096875 0.29765625
717 0.60703125 0.5984375 0.14765625 0.5390625
1182 0.91875 0.3359375 0.1609375 0.19921875
1182 0.78984375 0.8765625 0.18984375 0.2140625
736 0.725 0.5140625 0.021875 0.09375
736 0.05 0.584375 0.03359375 0.10078125
736 0.46953125 0.7421875 0.02734375 0.0828125
736 0.84765625 0.55078125 0.040625 0.0484375