1372 0.1484375 0.40234375 0.059375 0.16796875
1372 0.2390625 0.4015625 0.04609375 0.16953125
1372 0.32734375 0.39609375 0.05390625 0.1734375
1372 0.4234375 0.40234375 0.05859375 0.1765625
718 0.278125 0.59296875 0.04453125 0.05234375
718 0.3609375 0.5921875 0.04296875 0.05078125
718 0.434375 0.59375 0.03984375 0.05078125
718 0.509375 0.5953125 0.04453125 0.05703125
1803 0.2453125 0.5875 0.0203125 0.0671875
1803 0.3234375 0.5921875 0.01953125 0.0671875
1803 0.3984375 0.5890625 0.02265625 0.0734375
1803 0.4765625 0.59296875 0.028125 0.06015625
1182 0.246875 0.7125 0.084375 0.096875
1182 0.4125 0.71484375 0.2453125 0.12109375
2235 0.14375 0.6 0.1640625 0.09375