735 0.74609375 0.26875 0.23984375 0.51796875
1803 0.50625 0.25546875 0.1421875 0.08984375
1803 0.353125 0.2796875 0.0578125 0.23671875
1803 0.18984375 0.27890625 0.05625 0.23203125
718 0.08984375 0.534375 0.11015625 0.23359375
718 0.34453125 0.52734375 0.11015625 0.25546875
1794 0.44375 0.76015625 0.22890625 0.29140625
718 0.9046875 0.53671875 0.10703125 0.1890625
1803 0.90546875 0.28671875 0.04375 0.25625
1182 0.08515625 0.19609375 0.05625 0.184375
1182 0.090625 0.784375 0.065625 0.240625
736 0.2375 0.54921875 0.03984375 0.22734375
736 0.1875 0.5484375 0.05 0.2078125
717 0.51484375 0.465625 0.16796875 0.33984375