735 0.3002080677183679 0.26467411201726787 0.24684175971207561 0.42029054203601807
1803 0.34247634755500905 0.5854643571162955 0.1291451081851685 0.09972518086722193
1346 0.02440343475787119 0.8287490080585183 0.04880686951574238 0.06701113421305535
1346 0.020321906044589118 0.8986514049482406 0.040643812089178236 0.08447203628657399
1346 0.01677355650848024 0.4143256316211573 0.03354711301696048 0.11353481969842587
736 0.06264481059136616 0.39889541272393503 0.03124974212409224 0.07874971658814811
736 0.03322850649878191 0.44117109561740725 0.021268964244305133 0.05150371140435191
1803 0.040562516500721575 0.3898819976909258 0.019323826971401524 0.04667951036759259
1803 0.05526300316480202 0.4604091111687961 0.027806006667959782 0.03656221658814811
717 0.12034599816383218 0.49206850574944416 0.09065617728066226 0.217362448727685
1803 0.14735581088123023 0.758806237888981 0.03156873545613248 0.044648118661666555
1803 0.1818258899786637 0.5871458513668515 0.020471738790112326 0.060742010367592414
1803 0.17605399316286235 0.5229076941095366 0.020471738790112326 0.060742010367592594
736 0.1917905634663041 0.5132688539587497 0.021779147274843248 0.057753711404351905
736 0.10674652845951527 0.6875860573045831 0.07621129788366643 0.13542894354388862
1803 0.18625868527725625 0.7063449106976847 0.03781873545613244 0.04519492280870363
1803 0.20653949224477844 0.7663446272858329 0.040146510001939716 0.054706623845462946