719 0.4871647280645897 0.18142697817613135 0.7691748824054315 0.3457196087725404
1165 0.4982306235874624 0.3888233983479479 0.20253850180902228 0.05891905585660826
736 0.5136730806211529 0.677138947872978 0.05425813206674714 0.08387038896415203
736 0.6100124920865422 0.6774875079134578 0.06701043758467104 0.05960737336031983
1803 0.30368060493141247 0.6630001255080264 0.05640048620519007 0.06528416327441171
1803 0.4021590485089773 0.6673777662812007 0.0592798247398008 0.06076043758467122
1803 0.40757248756398645 0.7883044199446739 0.08905585594746519 0.03427318068726617
1803 0.36200328075743854 0.925360684643995 0.09209896879233562 0.032874454997525504
1803 0.3216271800098976 0.3803513998182859 0.05015048620519007 0.0649566146538926
1803 0.6506761929001963 0.4845530574384879 0.08634029172311397 0.04192190637700666
1803 0.6465032700148463 0.5791252510160527 0.09398901741285463 0.039206342152655435
1803 0.278657350747541 0.5574970759829962 0.10492651741285455 0.039779552238563554
717 0.46035108604821995 0.5286328488229177 0.1465208751693421 0.1198698439616777
718 0.5302619578266601 0.9435794973980082 0.1399566146538927 0.05408106965141819