1794 0.4593476712590621 0.47930308522405235 0.18903005167111128 0.20321827759614006
717 0.4933934033072912 0.5947877633893853 0.11824346656499998 0.11451824188232518
718 0.5656691000206593 0.5452474594116258 0.05566942496187508 0.04314207386326192
718 0.47726382950343715 0.38113832061355574 0.04934668977951393 0.039907979707460496
1803 0.5238485419843747 0.3608491400125907 0.0370648953265972 0.04906479139585773
1803 0.6057680763693052 0.5013980478853843 0.030778527735416717 0.047393197240056396
1803 0.386089396373437 0.6046382759712869 0.0478205573706945 0.04144320616851012
1803 0.4129960820688884 0.6574729496723932 0.05563305737069442 0.04157957386326192
736 0.36050882133531204 0.5619871258091312 0.05414329255305557 0.04467730032431163
736 0.33814416527513846 0.5154842727248761 0.05109102773541672 0.04774775324641105
1182 0.6780457327138192 0.3510355835991993 0.20770731648875013 0.20042056006354425