2235 0.4796875 0.19453125 0.103125 0.1125
2235 0.3734375 0.271875 0.1046875 0.103125
2235 0.2734375 0.346875 0.1 0.103125
2235 0.16796875 0.4328125 0.1125 0.1046875
2235 0.56328125 0.290625 0.08984375 0.11875
2235 0.65 0.39375 0.1046875 0.10078125
2235 0.74140625 0.50390625 0.103125 0.1078125
2235 0.4640625 0.36875 0.09296875 0.0953125
2235 0.5453125 0.4734375 0.10546875 0.1125
2235 0.64609375 0.5859375 0.1046875 0.13203125
2235 0.36640625 0.4546875 0.1 0.10859375
2235 0.4484375 0.5578125 0.0953125 0.115625
2235 0.53984375 0.6578125 0.10859375 0.11953125
2235 0.2609375 0.52890625 0.1078125 0.1046875
2235 0.3453125 0.62890625 0.103125 0.10625
2235 0.434375 0.7453125 0.10625 0.13046875
1182 0.715625 0.23515625 0.21796875 0.24921875