735 0.296875 0.253125 0.18125 0.38828125
1803 0.3921875 0.5609375 0.11640625 0.0796875
1346 0.1171875 0.85546875 0.04609375 0.06015625
1346 0.11875 0.9265625 0.0484375 0.07578125
1346 0.065625 0.8828125 0.0296875 0.14296875
1346 0.04140625 0.45 0.0203125 0.10859375
736 0.08671875 0.4265625 0.01796875 0.07421875
736 0.06484375 0.47265625 0.01328125 0.0484375
1803 0.06328125 0.42109375 0.0125 0.04453125
1803 0.08984375 0.48828125 0.021875 0.0328125
717 0.15859375 0.5078125 0.05625 0.20625
1803 0.2296875 0.76484375 0.02421875 0.04140625
1803 0.23515625 0.590625 0.0109375 0.05859375
1803 0.21875 0.52890625 0.0109375 0.06015625
736 0.2328125 0.51640625 0.01171875 0.0546875
736 0.178125 0.70234375 0.0546875 0.12421875
1803 0.259375 0.70703125 0.03046875 0.0390625
1803 0.2890625 0.7625 0.03125 0.0484375