1182 0.80546875 0.41953125 0.19140625 0.2078125
1182 0.20703125 0.4171875 0.190625 0.19921875
1182 0.50859375 0.36484375 0.12421875 0.09609375
1456 0.203125 0.5828125 0.1 0.11875
2235 0.92890625 0.56015625 0.06328125 0.0984375
1803 0.8015625 0.534375 0.0359375 0.025
1803 0.10234375 0.54609375 0.01640625 0.03125
1803 0.28046875 0.5578125 0.015625 0.03203125
1803 0.396875 0.50703125 0.03671875 0.0171875
1803 0.5796875 0.45234375 0.05078125 0.02109375
1803 0.65 0.409375 0.028125 0.01796875
1803 0.65234375 0.4328125 0.028125 0.01484375
1803 0.66015625 0.46875 0.04296875 0.02734375
1803 0.66171875 0.50234375 0.03359375 0.02734375
717 0.72421875 0.56171875 0.075 0.075
717 0.5453125 0.5390625 0.13515625 0.0796875
717 0.36171875 0.5828125 0.08671875 0.0671875
736 0.075 0.54609375 0.01875 0.03671875
736 0.12734375 0.54765625 0.0171875 0.0375
736 0.29296875 0.5875 0.03125 0.01171875
736 0.2953125 0.62109375 0.0234375 0.0359375
736 0.346875 0.48203125 0.0390625 0.02421875
736 0.34453125 0.50859375 0.04140625 0.01640625
736 0.340625 0.53359375 0.0328125 0.02109375
736 0.39921875 0.484375 0.0328125 0.0203125
736 0.39765625 0.52890625 0.02578125 0.01640625
736 0.4609375 0.52265625 0.0203125 0.034375
736 0.496875 0.4796875 0.0359375 0.01875
736 0.56796875 0.48046875 0.03359375 0.0171875
1803 0.4609375 0.5671875 0.01484375 0.0296875