1456 0.8428218622739028 0.39168057834071823 0.16708258019564468 0.2519000663159841
1346 0.6772469270487274 0.38184809607789016 0.17543769586563354 0.163738732262828
717 0.6850036605481731 0.1629374097729807 0.15949132325581453 0.20628717766703616
736 0.5059343291159106 0.2946217990402375 0.11265589605020362 0.22818316162790725
736 0.3966291802879298 0.3008439157899604 0.1167426187523077 0.21910855027685514
736 0.9187697863971944 0.15648236041897617 0.16246042720561107 0.1558261027131787
736 0.15464193938722848 0.2884488355943156 0.0678674228866742 0.06348031153562221
736 0.06659481955518665 0.09218630243632353 0.06756703423772623 0.05879281153562217
1346 0.07567752775932125 0.18535531153562218 0.07814358883351809 0.07814358883351806
1346 0.10508174428756215 0.8384605251384276 0.07718186613141405 0.0874184592838688
1803 0.0637468291159106 0.2662851364894796 0.07285531153562216 0.06846820018457009
1803 0.19630421498708142 0.5136386027131786 0.08902053207825791 0.10218186613141392
1803 0.2114459585086764 0.6406516856866007 0.13619592072720588 0.1098732526208936
1803 0.07238345850867642 0.6317401557678111 0.06494268198597283 0.06640505243632351
1803 0.09072695249169674 0.9301275909929864 0.061116775138427594 0.055267293337024626
736 0.1850777297895927 0.9455103639719458 0.0835925524363235 0.06604410703211556
736 0.09033002698412888 0.7418160626153563 0.08006703423772624 0.05959384793281686