2235 0.6093978069029184 0.9103408626318344 0.10969397748246604 0.08422235253201364
718 0.6329483235603564 0.7677207231269435 0.05566781153562204 0.06706567363517095
718 0.5824674622093042 0.7694505521226083 0.05037953423772627 0.05741765785015538
718 0.5331183042820248 0.7766946337491092 0.05546755243632351 0.06394067363517095
1165 0.5827621491325227 0.5554258494776549 0.047815738741233106 0.04170165258848364
1165 0.4992382503045418 0.5637928153473751 0.0460529796419344 0.0384856473268119
1456 0.6046650323827997 0.6664466494635375 0.030989184145441228 0.02204159997176518
736 0.559753050581397 0.6700574968750539 0.027764054595791877 0.020297089448421346
736 0.5226035040051696 0.6733421205949295 0.03723918414544123 0.022405621018452494
736 0.6001184322905146 0.6319351415710297 0.027463665946843817 0.015609589448421345
736 0.5560377652639366 0.636372741613382 0.02756379549649317 0.017172089448421347
736 0.5142507834625338 0.6401655995482421 0.030788925046142522 0.01891659997176518
736 0.5918658412975282 0.6003211205243424 0.030889054595791877 0.02047909997176518
736 0.5492976094961255 0.6040684758283665 0.029326554595791875 0.020388094710093264
736 0.5089229333702489 0.6056085890248983 0.02756379549649317 0.017172089448421347
736 0.5423071298541912 0.567857960043351 0.024538925046142523 0.01855257892507787
1456 0.4769966031746041 0.36246553377734403 0.0583527205426357 0.036088689420186525
1803 0.5552520111018835 0.3569050494917724 0.012038925046142523 0.017824536831702886
1803 0.5389458906515328 0.3575119942442179 0.012038925046142523 0.017824536831702886
1803 0.5234710849760067 0.35894569162749945 0.011938795496493172 0.016262036831702974
1803 0.45772497146548635 0.40181646011393807 0.020251943244739935 0.024529563140062292
736 0.48476833281653847 0.39872155219319544 0.023677331893687637 0.02939907366340595
1182 0.48021363587117083 0.26691781534737513 0.13413277297895937 0.1012124314570916