717 0.2265625 0.209375 0.115625 0.23671875
717 0.35390625 0.20625 0.1046875 0.23359375
717 0.484375 0.19453125 0.10625 0.21640625
717 0.62109375 0.19453125 0.10625 0.21484375
717 0.75 0.19140625 0.11015625 0.2234375
1456 0.23984375 0.7078125 0.09765625 0.15078125
1369 0.48671875 0.5921875 0.17578125 0.17734375
2235 0.61328125 0.703125 0.0640625 0.121875
2235 0.69375 0.7109375 0.0703125 0.115625
2235 0.7734375 0.7078125 0.075 0.12109375
4439 0.24609375 0.5984375 0.03203125 0.05390625
1346 0.19921875 0.60078125 0.040625 0.04296875
1346 0.63203125 0.48359375 0.065625 0.0515625
717 0.2421875 0.4890625 0.103125 0.0796875
717 0.35703125 0.53203125 0.06171875 0.16953125
717 0.3546875 0.70390625 0.05625 0.159375
717 0.49140625 0.73125 0.05078125 0.0859375
717 0.609375 0.559375 0.03203125 0.0921875
1803 0.28203125 0.60078125 0.01640625 0.046875
1803 0.275 0.55546875 0.021875 0.0265625
1803 0.47265625 0.4859375 0.03125 0.034375
1803 0.540625 0.48671875 0.03125 0.025
736 0.425 0.459375 0.0265625 0.01875
736 0.42578125 0.48671875 0.03203125 0.021875
736 0.74375 0.540625 0.12109375 0.1703125
736 0.64921875 0.5453125 0.0109375 0.0421875
736 0.65703125 0.5828125 0.02734375 0.021875
736 0.65859375 0.609375 0.02578125 0.0203125
1803 0.13203125 0.42421875 0.02109375 0.04375
1803 0.11328125 0.428125 0.01328125 0.04609375
1803 0.5609375 0.69296875 0.02734375 0.028125
1803 0.56171875 0.715625 0.0296875 0.0203125
1803 0.56171875 0.74140625 0.02578125 0.0234375
1803 0.5625 0.76640625 0.025 0.01953125
1803 0.42578125 0.7640625 0.0234375 0.0171875
736 0.425 0.72734375 0.025 0.025