735 0.6588432349208562 0.7387024905713225 0.3560482047816791 0.5100498987109979
1803 0.42083500070587176 0.7367876439370029 0.16289338410204496 0.11588063335454457
1803 0.2769176717102068 0.6877154392902748 0.1126343208208084 0.2448954240133631
1803 0.11757276378946416 0.6622443666454555 0.10914529977412105 0.2386090613462722
718 0.08079991986538505 0.3941216226527734 0.1615998397307701 0.25174540802036266
718 0.3255804977926871 0.4420029499522749 0.16739741553090176 0.2736385893539081
1794 0.4761929607492227 0.22867515193350307 0.29558259968941647 0.3297805960375437
718 0.8735637005082276 0.5238480078771874 0.14942168927901206 0.20628745735199913
1803 0.8170428717949114 0.7704326538829145 0.10260687343752686 0.260393154678545
1182 0.02302318714228649 0.7260806946610457 0.04604637428457298 0.19158861067790856
1182 0.1374027475103384 0.14751879531350093 0.12071983660582401 0.24967383068109025
736 0.22633863196531925 0.4033409866327289 0.09315627872743368 0.23217724801081766
736 0.17762041090451444 0.39531994863941033 0.09840522084904331 0.21506247334499945
717 0.47733344261571986 0.5308007259309577 0.24620422596954086 0.366680612030544