1346 0.162653183288038 0.06678915268936259 0.17469363342392402 0.13161472135581714
736 0.016691201221166782 0.5707215800047726 0.033382402442333564 0.0851931600095451
736 0.23850086322188133 0.335076623368862 0.07599405347041017 0.08206816000954502
717 0.09235284687823639 0.44596757535009013 0.13847191015912913 0.17178518801718107
4439 0.19676792322545394 0.6747112880330894 0.09950796312533625 0.10576019867918127
4439 0.3240352635705279 0.6996487480505886 0.10975704827463009 0.11836928668045381
4439 0.46008202421418964 0.6996680240690423 0.0844621173323807 0.09153406667727229
4439 0.59385609067405 0.7098253687539506 0.08889824505632156 0.11032042934436319
4439 0.7214676384444771 0.7410219194382224 0.09525750569998301 0.111955654678545
4439 0.8446102075022276 0.7690389261218581 0.09903806956195353 0.12136701734563574
1803 0.3022634424190905 0.507833418045816 0.06985331411407199 0.0835579346753633
1803 0.4015696737296571 0.5300998640594973 0.07722877153942491 0.07739884134309047
1803 0.519117806649378 0.5486691454089512 0.07857275025210164 0.07429202267663584
1803 0.6453307453852976 0.5775037647596776 0.08369729282674854 0.08059656667727229
1803 0.765479354419805 0.5812474774426768 0.07097877153942492 0.07732611600890867
1803 0.8911131389486803 0.5960014154598579 0.08158848960843983 0.07276588534372692
1803 0.21246252312890887 0.23781981536440763 0.061570920550689315 0.09907384667409058