1456 0.2811399043682551 0.45103799938082745 0.37068061412580616 0.7412629706353832
1456 0.6760021184754836 0.4059907491759397 0.3618025215943389 0.7268365975998539
1346 0.8980304838274676 0.3666413430562491 0.19094280208852582 0.5678510876750564
736 0.052712448135188994 0.09554578639393015 0.07717965186945538 0.09389985731976358
736 0.1061641377715156 0.49054791728734226 0.07320254689043351 0.10305653349844608
736 0.1077401383962155 0.5837713784122128 0.06505816016782515 0.07776543507002245
736 0.13839017761297917 0.7916737696447071 0.07405465186945541 0.09375430810555177
1803 0.12228973570156754 0.6826626426802365 0.06070254689043351 0.10247433664159918
1803 0.5173178931701002 0.6501517797789016 0.05544636182749905 0.07420378742738745
736 0.49700170270858113 0.4441201036002191 0.08541912697434614 0.1409931811410811
736 0.5047568483542593 0.5464638536002191 0.0669758576783142 0.0825257096771285
736 0.5358688288577347 0.7708088821362664 0.07126153859206372 0.11853598428423436
736 0.9175669309137495 0.015415060796148215 0.07263386182749905 0.03083012159229643
718 0.9774106225128112 0.2507380531476623 0.04517875497437771 0.19691354135632883
1803 0.9919014815407717 0.4734478070766038 0.016197036918456576 0.14742296360606985