1372 0.5093638261175318 0.5569593943645208 0.09599427693097126 0.12051588584218216
1372 0.4504882749860638 0.6033507555271136 0.08958065046753809 0.09217263103285873
1372 0.39870760636815294 0.6390501533501954 0.0879545179539809 0.08118056733052796
1372 0.33914170882748096 0.6697892326616228 0.08015110831306052 0.08247024881887359
1372 0.281138311286809 0.7005828756753811 0.07705337939029935 0.08704862141421188
1372 0.22940309446429624 0.7284697734984629 0.09273292154477711 0.09696925843752062
1372 0.17452015174408445 0.760153793916883 0.08334883118569744 0.09507937622353531
1372 0.12119970902387267 0.7918923780376339 0.09272383118569745 0.09540675843752063
1372 0.06557187773997936 0.8172991166048884 0.08805451190385669 0.09836806733052797
1182 0.18685250098195866 0.6550942716843644 0.04561248184962734 0.05314484736759475
718 0.5598405490883647 0.6110764646902735 0.028288626463433175 0.029107146641955416
718 0.5081007870863121 0.6397446125133552 0.028315897540672097 0.03379464664195542
718 0.4516326184684013 0.6752803192294444 0.0314318071815924 0.03234127404661713
718 0.4006513805686497 0.7078819989036916 0.028315897540672097 0.03379464664195542
718 0.34422866374613703 0.7356052056197809 0.02362839754067192 0.03363095553496294
718 0.28779231138500483 0.7656721623358701 0.03144998789975162 0.03546627404661713
718 0.23451277528065134 0.790379496456621 0.04084316861791084 0.03891865626060209
718 0.18667017291951918 0.8207465535355298 0.03773634933607006 0.04193452885594055
718 0.13025200127654624 0.8476885102516188 0.03457498789975157 0.03557540145127902
2235 0.6320791634515495 0.5510863949974929 0.12730790944452863 0.1325446598887993
1182 0.5960956907753042 0.6920462116950487 0.0801511083130606 0.08247024881887359
1182 0.541199112516473 0.7260739821134686 0.06760565651766245 0.07422123920022691
1182 0.48399969087350003 0.7529886569783925 0.07080337939029935 0.08683036660488845
1182 0.43303208851236785 0.7832465866526397 0.0801511083130606 0.08247024881887377
1182 0.3781809620489348 0.8094618570710598 0.0833397408266178 0.0935168762235353
1182 0.3178156337901036 0.8432986545313217 0.06303633118569749 0.09437004809323427
1182 0.2606298476857501 0.8678695793962454 0.0802238311856975 0.09497024881887342
1182 0.21276451942691885 0.9021428864751545 0.07394656010845857 0.09006449400955034
1182 0.1633730526044061 0.9301116298517325 0.08961701190385671 0.09842263103285873