1165 0.2701577918323791 0.6816217414752881 0.5020124440483629 0.18523548538620815
717 0.6812821260890389 0.3331486542160503 0.23673443652651543 0.24619671022569997
717 0.7195440263929729 0.710570270692986 0.21698422618081653 0.21149442775829605
1346 0.20206598753009467 0.36230295129724627 0.10113190564770314 0.2016636858759707
1803 0.8884186761681814 0.30628001135749516 0.07852947994174002 0.17628185633066593
1803 0.9074986674591997 0.6982180953670267 0.07311455423577726 0.15120003571381488
1803 0.4676371632360576 0.3419258161493288 0.09168269780928676 0.14527731818121908
1803 0.3732195735026143 0.3363695170428333 0.08984741316955062 0.13587504464226868
1803 0.2884126644896988 0.34974049593951495 0.06994409012915473 0.1495829886359143
1803 0.42725254097444926 0.5209996615229462 0.15447220282385157 0.1026455332781829
1803 0.24738318454795852 0.5241132045436572 0.11789820533113407 0.08014324188232518
736 0.6703289395625235 0.5752679703686744 0.11504598997087019 0.08946369480442443
736 0.666715857746639 0.4845338762128731 0.10875052586424747 0.08779210064862308