1182 0.11593355132785987 0.30177049065086436 0.23186710265571975 0.28395901869827134
1182 0.15472073615123572 0.7981455039783646 0.2547067224798535 0.27482037603436194
1182 0.9420576305686497 0.6827412025382331 0.10912151170746505 0.22625451201463562
1182 0.9081068949083934 0.20738721387655112 0.1372101502711466 0.2203317760184537
2235 0.6543758233870574 0.7173365679105951 0.10573289129415606 0.18090564934754488
2235 0.5712017925472612 0.24333654125559448 0.10903969847574828 0.21219201201463572
1165 0.47020743998973735 0.14686207793604839 0.07091246369925486 0.10394316000954502
1165 0.5306888593932151 0.6273757339274578 0.08498405405833438 0.10566929201145392
718 0.6665329941462674 0.10473657057609506 0.09257838544042371 0.06826019867918127
718 0.6747176779876847 0.17494907324159512 0.09255111436318479 0.06357269867918128
718 0.6788461209042882 0.2709882792409588 0.09569429508134401 0.06673406134627217
718 0.6931808107958297 0.35831555657227704 0.08625566256778665 0.05568747334499946
718 0.7813882961614984 0.638520129893414 0.05020907825883114 0.036519302673454136
718 0.7857939950300303 0.6869030858927777 0.05021816861791084 0.03808180267345414
718 0.7894502601553409 0.7298263825589141 0.0517352168225127 0.030287484006999675
718 0.7977803897420319 0.7750388852244141 0.05489657825883114 0.03657384667409058
1803 0.7211820491865606 0.6478138612349136 0.04394089754067192 0.033321577339272504
1803 0.728721838414172 0.6945979545671864 0.04708407825883114 0.03648294000636341
1803 0.7339633294371816 0.7335968198997774 0.05020907825883114 0.036519302673454136
1803 0.738355392767094 0.784323525899141 0.05021816861791084 0.03808180267345431
717 0.36493815700864174 0.24808022728359322 0.23751013212077385 0.27305788136536224
717 0.4112207210259252 0.7521950152769117 0.21415444535249045 0.28684766136218054