717 0.4833593808998164 0.538042885548364 0.3796930356922788 0.31559336688067746
1165 0.08753173702799176 0.5122699492686513 0.17506347405598352 0.1795625892845374
736 0.8068867721958168 0.1502015608710278 0.22462333693238995 0.12251374837514692
736 0.5823962576736699 0.11890314772322852 0.10743583693238978 0.12046823295387141
1803 0.7501073277856055 0.6310970048646733 0.1409102651468471 0.06799779788867966
736 0.7228335101492476 0.6916390385498934 0.10007177759440164 0.04387845941492117
736 0.22795259833103726 0.3779103603878558 0.05665366431701004 0.06808752678536116
736 0.2708029491608742 0.3802228827089901 0.05797936597668398 0.06498980032431163
736 0.7076312107832363 0.2212213985340074 0.09730197510489073 0.04851141233702041
1803 0.7235144746806834 0.34197027515721284 0.08144017676456468 0.04511367694751698
1803 0.5216918655524767 0.32123721509366865 0.06098596680652087 0.06348184740221222
1803 0.44055229979021854 0.10156386890927241 0.12180506763635783 0.06298301542127552
718 0.22147133568298996 0.0711421631477993 0.19687684523075957 0.10642509821299113