719 0.69765625 0.290625 0.60390625 0.56953125
736 0.43046875 0.6578125 0.10625 0.0765625
736 0.56953125 0.65390625 0.10703125 0.06328125
717 0.5125 0.8375 0.21484375 0.23515625
1165 0.3203125 0.79765625 0.0859375 0.24921875
1803 0.21796875 0.80078125 0.08203125 0.21171875
1803 0.79140625 0.73203125 0.2125 0.07578125
1803 0.7890625 0.8015625 0.2015625 0.053125
1803 0.79140625 0.86953125 0.19921875 0.06015625
1803 0.790625 0.93359375 0.18984375 0.0671875
736 0.11171875 0.89921875 0.06875 0.1078125
718 0.11328125 0.7578125 0.08359375 0.10625
1346 0.80234375 0.6234375 0.16015625 0.03828125
1346 0.81953125 0.67265625 0.16875 0.05078125