1802 0.6804827913848845 0.5833021772888085 0.4087996257731518 0.4249738855894435
1802 0.49205750442124163 0.7383748075344827 0.40768392273873444 0.3158262061225569
1182 0.7491843492704906 0.766120688967291 0.38883832788948547 0.2950136009497074
1346 0.5473840225889532 0.3658753333987301 0.0841196506088231 0.07571070533113407
1346 0.3429352518361678 0.4869677687381115 0.06151132697140156 0.046994671945039104
4439 0.6208536024352926 0.3111172887298642 0.06316942182065048 0.06730717194503918
4439 0.2609676457770312 0.5235524749271754 0.06151132697140156 0.046994671945039104
1803 0.2802280866834771 0.45396740063313823 0.058641418486670635 0.05002874373179385
1803 0.519609966829379 0.3120683717993899 0.050191189698497854 0.04198892319868044
1803 0.4840392575860437 0.28687214350700224 0.04719373545613248 0.04346049498543501
1182 0.20843296395444105 0.40511471199505167 0.14231453000581898 0.15846102084968247
1182 0.37783705501066817 0.2939141022033486 0.17586035364324068 0.1874953029821361
718 0.5412619551604493 0.25268501161197554 0.04952151000193972 0.05288095909205772
717 0.4196097089534712 0.3855393125490476 0.1373082945496865 0.11622805674305976
717 0.35294823850024826 0.4186724098043383 0.1401782030344175 0.1131939849563052