2235 0.76640625 0.84609375 0.2765625 0.203125
2235 0.1359375 0.84921875 0.27109375 0.20546875
717 0.25703125 0.19921875 0.365625 0.3
1803 0.2265625 0.43125 0.04375 0.071875
1803 0.30078125 0.42890625 0.0453125 0.0734375
1803 0.38828125 0.41875 0.040625 0.071875
1803 0.5765625 0.04140625 0.07421875 0.03046875
1803 0.584375 0.09140625 0.0609375 0.03046875
1346 0.69296875 0.03828125 0.1015625 0.03671875
1346 0.70078125 0.0828125 0.10625 0.04296875
736 0.728125 0.1609375 0.0421875 0.059375
736 0.01953125 0.2828125 0.0390625 0.0734375