735 0.4556415491056601 0.4566393742783836 0.21014263867708358 0.2439084735308672
718 0.08978407902527834 0.6652932061624718 0.09778549620027785 0.11068925103345731
718 0.20239187537805609 0.5974806598437442 0.09189917211208343 0.12602315260503386
718 0.3127650245043755 0.5344647754356754 0.09778549620027785 0.11068925103345731
718 0.6275327732701045 0.34852500558608046 0.09189917211208343 0.12602315260503386
718 0.7418485399876045 0.286889684660247 0.08270601006798621 0.13339900496239876
718 0.8655574905006947 0.2255989660917784 0.10574346656499997 0.11730312406898662
736 0.85627471589941 0.29720213834151943 0.03401263050895835 0.05309076674922295
736 0.6942851685967018 0.39390597208763445 0.04197060087368065 0.05970463978475227
736 0.6317130866247226 0.42732209367542173 0.03379442496187508 0.04371576674922295
736 0.3646373022397921 0.578974600704735 0.0433148953265972 0.05040241439185813
736 0.30533569063253524 0.6184951730783105 0.04327852773541672 0.04883991439185813
736 0.14641659194305617 0.7127097076102139 0.062210365691319505 0.057525709677128486