1372 0.13165172704969122 0.4239481987823536 0.1792212524470707 0.17978257909743345
1372 0.3620014259612321 0.4308526766524425 0.18895835099579186 0.14630039940087514
1372 0.6094394211519086 0.41688667406736857 0.1768948606144388 0.15778003333979881
1372 0.8555331711519087 0.39679821723992925 0.17097224282842377 0.16664485030926074
2235 0.8308307491973919 0.7026336290586401 0.1134127139724832 0.12455320303441741
1803 0.12320427687220599 0.643543221661171 0.07233135698624164 0.06355205909355402
1182 0.08234124092950731 0.2075098689360142 0.0941567716843644 0.19776756242753404
1182 0.21003965499465788 0.18695863968879958 0.11523316351699639 0.22130065727678297
1182 0.32603667722717644 0.1891752307450267 0.0971726442797027 0.19489765394280306
1182 0.45443449573883077 0.1709039786189948 0.10300598202865067 0.22809279121570664
1182 0.5777083046318381 0.16551536376586654 0.10709328130301117 0.21128792848861028
1182 0.6975842950131914 0.1681943404280073 0.10613098202865068 0.22834788273097573
1182 0.8178422313108605 0.15993581709014806 0.10040677168436432 0.1982777454580721
1182 0.9396081039061988 0.1531122479946543 0.11238098202865068 0.22885806576151385
1182 0.4718550532810758 0.742842880435766 0.4416766455456472 0.46763249183422817
718 0.12153759475088807 0.7581956530247191 0.044171640651505625 0.10487868969849785