719 0.2962171173068401 0.6697104499054636 0.5924342346136802 0.6603056981155543
736 0.6440688165856594 0.3654468661162512 0.083795731382639 0.11648345391148132
736 0.6439571009705898 0.5042359640427327 0.071295731382639 0.11538984561740726
717 0.8259896573913539 0.42125949429703863 0.2506221683123613 0.24958706277120318
1165 0.7804083197197913 0.23579017747333486 0.25697865824437505 0.1207197689917587
1803 0.7812278969421179 0.1335831285100941 0.21933318787965278 0.11118894410953661
1803 0.7287457557964924 0.7135631544290755 0.09095622758291685 0.22314355702175917
1803 0.7984224761612146 0.7012299582932886 0.06882665444465293 0.2102922425071295
1803 0.8664094099568048 0.694502213194261 0.07504028685347244 0.20927654665416656
1803 0.9305810127303467 0.6842099706871314 0.0810357137152085 0.19888585080120363
736 0.8759974959159376 0.028466577073125787 0.11268314437666689 0.05693315414625157
718 0.7351724741644443 0.042430623727292324 0.11301045269729179 0.08486124745458465
1346 0.6205513960890966 0.7394017759654641 0.04905836189159736 0.16490183006601847
1346 0.6702059039728813 0.7498710927891681 0.06337543502986129 0.17706963939685175