1802 0.49192770206076986 0.4646528432760616 0.33143509739017923 0.4301538137871489
1182 0.5453645214433132 0.8288715998994836 0.563228348026726 0.21646336913677722
1182 0.6447141580203628 0.17245296350914718 0.34273403469127145 0.19314488710812655
1182 0.2709499413589988 0.1984474568009072 0.34260676535645357 0.1822073871081266
4439 0.31641117608208713 0.6154911130615094 0.06934998400699968 0.053963302902557686
4439 0.3169566160884505 0.6623661130615094 0.08028748400699967 0.05434524881887377
4439 0.7047742420830416 0.6360814430907271 0.05681362133990877 0.05040179328391083
4439 0.7011128927434511 0.5898785656860654 0.06457157733927232 0.04598711179556503
1803 0.7166935340944957 0.7208383890070431 0.06907726400381797 0.030525802902557686
1803 0.6199548940960865 0.72917418946253 0.07067612667090888 0.03370536660488845
1803 0.4373696607654045 0.7423214862898199 0.07688976400381797 0.03079862141421188
1803 0.34996056743313175 0.7470784189592921 0.07063976400381797 0.030580366604888453
1346 0.45155888275776856 0.6865898414619631 0.10043635200509068 0.04099207694917482
1346 0.5888588880887686 0.6742039472670783 0.11929544000636341 0.05102184137714509