736 0.48677187035861014 0.5112993568752319 0.7048992793593513 0.31396898364710407
736 0.44205894382671274 0.16894187615356332 0.7059928876534254 0.32646898364710397
717 0.9090421008012036 0.3773560649224829 0.1819157983975927 0.34532869370616515
1456 0.6414416635724068 0.8291343923495758 0.7171166728551863 0.3417312153008485
736 0.18193598181023024 0.6587916139719457 0.14826113421305545 0.0607744185677376
736 0.19938519637212804 0.8315980582964198 0.14927683006601847 0.05462454811738695
736 0.19889647229110946 0.8704102344222964 0.1377925259189814 0.047673641269841485
736 0.19537978449666485 0.9634092627999264 0.12644492280870362 0.04228523442229637
736 0.8701304659760174 0.604230643115543 0.07945234561740726 0.07345608883351815
736 0.9712518759898838 0.6216462854651187 0.05749624802023234 0.06750647748246603
736 0.8150774873233333 0.10816717149317301 0.06667894354388863 0.06953005243632351
1803 0.897753286286574 0.11191153762458703 0.07890554147037036 0.06720608883351806
1803 0.9801365593308333 0.12054366285529969 0.03972688133833344 0.062078497840531634
1803 0.19440375339388713 0.9167345218992251 0.1234566238454629 0.04364747532299766