735 0.5386306469849792 0.3768097978491568 0.3050371548608869 0.34588643657758916
718 0.17305383122346532 0.2929170001411744 0.15086061151914837 0.11453147881213824
718 0.2974800042520638 0.24014206868408272 0.15475088606495557 0.12408848933548197
718 0.4615267866737788 0.1630804977926871 0.1602036606107628 0.13373650512049745
718 0.5988993698540981 0.11504627424222066 0.15653652667183912 0.14596348933548198
718 0.4587345635147958 0.773160424058694 0.17177888939893543 0.14218604195220053
718 0.5958042577552215 0.7117994478773917 0.15439994182452993 0.17694047355046633
718 0.7750136545710229 0.6377795770001136 0.13973166394474285 0.14964993145709152
718 0.903808463205535 0.5808253797580063 0.16221244182452993 0.17739549985882555
736 0.7932697048705852 0.544090490182528 0.055261326971401556 0.048315673635170954
736 0.4844045010872618 0.6837493135635853 0.08182382697140156 0.04986276308359248
736 0.2820778869830395 0.33994464760916043 0.054209010001939714 0.054474668373499215
736 0.5824609110698048 0.21176935579813433 0.05264651000193972 0.054383663111827296
4439 0.3675848233475575 0.3585133661097165 0.07461710485118864 0.07587923151356132