736 0.2560522649379695 0.8960216680280209 0.2981322050640277 0.20795666394395837
736 0.8110674466774098 0.744455354860834 0.09981653142885669 0.1599218202884721
736 0.9970687759554234 0.8258183768966674 0.005862448089153105 0.09178876291777768
4439 0.21819188901078101 0.49113741232843766 0.12786593671876342 0.13248780452090295
4439 0.3768472812170952 0.3887241931979864 0.1238154735504664 0.1433162017473612
4439 0.600517083551465 0.7060065314382296 0.11353042093374803 0.12747299620027785
4439 0.5692153336926393 0.5570417013661115 0.10544490514873246 0.12260365824437507
4439 0.535956970707869 0.3744831212939935 0.1116794945971538 0.1492752610179168
4439 0.7357279995058897 0.5359512174180214 0.11525952090551321 0.15716049620027803
4439 0.6997541601986427 0.36035115216354224 0.10800846302712266 0.13982752583555563
4439 0.960195348409292 0.6710756722995146 0.07960930318141593 0.14462412860909737
4439 0.7180204998588258 0.1649483863959728 0.10461044724210708 0.1350672906531945
4439 0.8976779077795684 0.14182327697291744 0.10562691567207594 0.12572865824437507
1803 0.6920668176958623 0.7775743665443409 0.04233868942018652 0.05715918977951393
1803 0.22874152311282597 0.605290831306389 0.08894067363517096 0.05356271751493065
1803 0.4062448968327016 0.5719731042921531 0.07286064732681172 0.04538654160312507
1803 0.3999424179499762 0.5039498029053823 0.07580363680346806 0.04233427678548622
1803 0.17482204963294673 0.38948334014010433 0.06982665258848364 0.04687630642076392
1803 0.16704807601189314 0.32298617116215295 0.08388915258848365 0.04720361474138901
1803 0.5685364393495994 0.1435247152338199 0.09831567363517095 0.053780923062013965
1803 0.7445081341726322 0.05711835581076451 0.07000866311182748 0.05000130642076395
1803 0.8887740736634058 0.0425317917905563 0.06817314732681154 0.045277438829583384