736 0.12890625 0.14921875 0.21484375 0.2578125
736 0.23828125 0.734375 0.15078125 0.0703125
736 0.13203125 0.9328125 0.08359375 0.04765625
4439 0.55625 0.19453125 0.115625 0.1046875
4439 0.63828125 0.37265625 0.12890625 0.0984375
4439 0.30078125 0.5328125 0.1140625 0.09140625
4439 0.45078125 0.53125 0.11015625 0.08515625
4439 0.634375 0.53359375 0.1359375 0.08359375
4439 0.45234375 0.70078125 0.14453125 0.08671875
4439 0.62890625 0.69921875 0.1265625 0.0828125
4439 0.29140625 0.9140625 0.13125 0.08828125
4439 0.81875 0.75625 0.1234375 0.08125
4439 0.82109375 0.93984375 0.1125 0.08359375
1803 0.21953125 0.609375 0.05390625 0.03125
1803 0.44296875 0.1828125 0.040625 0.08046875
1803 0.4546875 0.365625 0.034375 0.06640625
1803 0.52265625 0.37265625 0.03125 0.0703125
1803 0.6609375 0.171875 0.03671875 0.06171875
1803 0.72734375 0.1765625 0.03515625 0.0765625
1803 0.8578125 0.61171875 0.0390625 0.08984375
1803 0.921875 0.80390625 0.03984375 0.0625
1803 0.92109375 0.9515625 0.04140625 0.0609375