736 0.5019515742275301 0.44865950739972427 0.3137996710206023 0.6924805907065436
736 0.16299672281560432 0.3947323393539081 0.3231746710206024 0.6925896787078163
717 0.3047298625616829 0.8900894716740906 0.34538201082055264 0.21982105665181884
1456 0.8138615746897486 0.629739521443313 0.37227685062050286 0.7356680640515432
736 0.6932224657559753 0.15098671809354114 0.06047816191590947 0.14596702800763603
736 0.8649072491420702 0.1732900741167674 0.05427362602253218 0.14745680267345423
736 0.9047737311953815 0.1745349481221762 0.04765991316955045 0.1348840773392724
736 0.9889548514119259 0.17320935280072108 0.022090297176148254 0.1237284013367271
736 0.541996530350087 0.8318083620703149 0.07254024122451135 0.0773806600095451
736 0.5437301780802313 0.9450714307367696 0.0664266335443795 0.0819954346753633
736 0.05182851992524571 0.7612829453373635 0.061193564264907255 0.06319089067472702
1803 0.048792099629559146 0.8448130606699543 0.05066524122451137 0.0771261213399086
1803 0.046855178080231354 0.9392897666693181 0.04079013605166189 0.059829533338636054
1803 0.9523163209288249 0.17118322879531225 0.042563236209946356 0.12076703333863614