717 0.38671875 0.31484375 0.2484375 0.26953125
1165 0.26796875 0.56484375 0.16796875 0.184375
736 0.13984375 0.503125 0.0453125 0.0671875
736 0.39453125 0.68125 0.059375 0.04296875
736 0.4296875 0.50234375 0.059375 0.046875
736 0.4078125 0.12109375 0.0609375 0.0578125
736 0.49296875 0.17109375 0.05859375 0.05859375
736 0.61640625 0.31328125 0.07109375 0.0703125
736 0.5515625 0.35390625 0.04375 0.0578125
736 0.41875 0.5859375 0.03671875 0.0484375
736 0.46015625 0.61484375 0.05078125 0.053125
736 0.4984375 0.440625 0.04765625 0.05
1803 0.546875 0.23515625 0.0546875 0.0609375
1803 0.51171875 0.53359375 0.05 0.05625