717 0.6615240824301754 0.6161290266885769 0.2999402035271876 0.27384276918604195
1165 0.4129936499338869 0.7464477338511809 0.20481140999505118 0.18579594889756948
736 0.4768370646786365 0.8715217754543059 0.07293288896415202 0.0516365416031249
736 0.2941761301461831 0.6255695765567364 0.05171298620519007 0.06362739532659738
736 0.4724549383776406 0.582004680564549 0.05483798620519007 0.06370013050895836
736 0.8547318498430299 0.5862090566081951 0.06585737336031983 0.06551720364722229
736 0.803521231909777 0.5036680071212855 0.06741987336031982 0.06555357123840296
736 0.6586768006566839 0.3868772845723617 0.07901247060135788 0.07830814437666671
736 0.6192181529861045 0.45322832997520895 0.06347600180902227 0.04985583605604162
736 0.38956387324877817 0.5965016320275698 0.05369156603337357 0.04182513050895835
736 0.35957980212702195 0.5566935964083684 0.059034163274411536 0.05443423328249999
736 0.533293941091174 0.5106758476426394 0.055745388964152195 0.051236498100139014
1803 0.738172870873929 0.4520860169049312 0.06717421189493074 0.06086607123840295
1803 0.4399124332892579 0.501462542171806 0.06215916327441153 0.05450696846486114