1372 0.8182659554765761 0.6553473386719626 0.19970020555093804 0.19556864718563743
1372 0.5938681333471854 0.5890265757295444 0.20305069863085592 0.163029162970653
1372 0.35080122425965643 0.5388467522779001 0.19255886760421675 0.17332962613895014
1372 0.10751148068544707 0.49413567882625564 0.1881897025851887 0.18086911035393455
2235 0.17054862745286742 0.19631209983059078 0.12709569368794008 0.13522341041040425
1803 0.8544912514456937 0.43897118075121994 0.07917284684397004 0.06852175782192056
1182 0.8379404910283894 0.8835934360128916 0.11746070851668762 0.20480786831702957
1182 0.7108195755150697 0.8707077571866361 0.14029071345960364 0.22951944198043533
1182 0.5985888309522771 0.8383286257154271 0.12045837452429886 0.20186487884037305
1182 0.4700009159332491 0.8230081916274994 0.12960788144438115 0.23513240514873246
1182 0.34892175338567905 0.7963785312170952 0.13209621148243728 0.21968941567207612
1182 0.23206717581908087 0.7621638839608706 0.13273288144438117 0.23531441567207595
1182 0.11320442927912197 0.7387957314429741 0.12371070851668771 0.2051718893637169
1182 0.030808353726871223 0.7150026446959759 0.061616707453742446 0.2362552893919517
1182 0.5258608685556189 0.2592943021226083 0.49202826288876234 0.48382459428657026
718 0.8708576921678842 0.3255912202137588 0.05739068874502422 0.10778167889684287