1182 0.7587109847268382 0.7060656485142137 0.47541192165005663 0.4739495511997058
1802 0.21554324062500002 0.4827734640625 0.48192788125 0.752778028125 0.700599828125 0.571062584375 0.43764160625 0.3169841125 0.21554324062500002 0.4827734640625
1802 0.4263999734375 0.315263821875 0.6864856609375 0.5581884421875001 0.8957194312500001 0.41041513749999997 0.637237165625 0.1747601109375 0.4263999734375 0.315263821875
1182 0.1805233189368778 0.29166347316352936 0.1429861412698416 0.14298614126984166
1182 0.35605664019010747 0.17764744524732462 0.1678860117201923 0.14302571406423076
718 0.5254772686600226 0.21106762183462663 0.06257914558877822 0.053804922886674156
1803 0.47329300740125557 0.24662558759690043 0.05945414558877822 0.05360466378737563
4439 0.20990564003322393 0.5316271391103733 0.06973031153562212 0.06826794108527139
718 0.14123718074935515 0.45564682757475106 0.054666516039128955 0.05174177513842757
1803 0.2002524329088235 0.4174144447858993 0.05124112739018098 0.046854016039128865
1803 0.23751140345145924 0.45247985965300896 0.05572836829088237 0.04402940468807692
717 0.3171710202011821 0.34788079965854635 0.1292845866740498 0.12343510487264701
717 0.3884662268641572 0.2948745180417138 0.10081962523071271 0.09204540252860856