1456 0.4869507849562037 0.9044905054270668 0.28164275595208466 0.1910189891458664
1456 0.30848947921687964 0.1593904466297826 0.25907934110137865 0.20973128335537106
1346 0.6909609417611382 0.8869886606724198 0.11011768119435103 0.10540455223856356
1346 0.6699729184570022 0.2974281936891065 0.07600476114786474 0.15187676051544957
1346 0.41442204098516305 0.33852242593756776 0.0965250747577338 0.08912445499752568
1803 0.6101990807098184 0.2997442882166111 0.08556543144645268 0.17728619629109837
1803 0.5477701365260172 0.2863534955889859 0.041509792826748534 0.0815709045679843
1803 0.7798549249132901 0.6332229307988078 0.045727399263365776 0.09735967887824373
4439 0.7464582808457044 0.5007036798942966 0.07577553218308672 0.08180992198083885
1803 0.7543039958126261 0.36801068860072383 0.05941855866619043 0.048260437584671044
1803 0.7967260786161315 0.47375939959114327 0.04438342055068922 0.10040279172311398
1803 0.7390671258823553 0.2948221720923805 0.05662134059717552 0.05278416327441153
718 0.722540907561239 0.22545801842890736 0.06410605866619043 0.048506099050060314
736 0.8294178823386431 0.6295933197629597 0.04783620248167466 0.10525406603337366
736 0.27529311105131976 0.5974393232694627 0.04438342055068931 0.10040279172311414
717 0.6465782491668207 0.5639672405006032 0.1622150487788332 0.2715961182719372
717 0.46506045139639374 0.5840329997728574 0.15051272427320103 0.26008540818602893
1182 0.9014309140559643 0.5502134362258746 0.19713817188807142 0.444938443011738
1182 0.17920471489004705 0.6258741824962885 0.21076180942249495 0.2756971200809595