1182 0.1438241621276406 0.7707136948044244 0.20217790121604465 0.3251750982129913
718 0.7371458088206989 0.2915748088424329 0.08809686068413444 0.13113299756436803
718 0.5080313117864483 0.3016280986167329 0.08866986364988402 0.14519549756436803
718 0.2800827253226017 0.2828160486994585 0.0879695266917457 0.12800799756436804
736 0.7577037065395213 0.20215379869616318 0.03265067391627667 0.03492047077900677
736 0.6987425420147849 0.21127365421605027 0.01995967292769336 0.0300147824674041
736 0.31583454152049334 0.20224788717321696 0.03277800790866543 0.038045470779006864
1803 0.25014587452429893 0.1995398985373027 0.02758117193911023 0.025463650162155814
1803 0.7048810899610689 0.4385628571381496 0.04109984387822045 0.05068183847375849
1803 0.5110846690105417 0.41488207507778263 0.04215300790866543 0.03820911201270878
1803 0.25150142197629133 0.42440353084255095 0.0378475098858317 0.04750229139585791
1803 0.2594996057783997 0.505735351459402 0.02939833992388783 0.03174092370110611
4439 0.3132228305695287 0.38722685917003974 0.04993101581733086 0.0758182061685102
4439 0.7633183310638203 0.39742538838773767 0.04211851581733086 0.07568183847375849
1803 0.7002201062726913 0.515770239443398 0.026464340912470873 0.03637387662320535
1803 0.5057352772232184 0.5326735470746053 0.044479511862997964 0.05698638555165925
718 0.3155586047898165 0.5020296988616143 0.030035009885831698 0.04736592370110611
718 0.76831619026508 0.5200816383877377 0.0409725098858317 0.04755683847375849
736 0.7538836171471062 0.5682327662287591 0.04027217292769336 0.03036933847375849
736 0.2851654506452034 0.5608319545436571 0.032523339923887826 0.031795470779006865