1182 0.2339332144853678 0.6352422948781843 0.2266738824329643 0.24673050740125574
1182 0.8236231141813566 0.5927727089701017 0.22635554745199257 0.23891800740125574
1182 0.5360368839530201 0.6678485479605033 0.1421476907221905 0.12287390036914018
1456 0.7981562460828483 0.42672740437430984 0.12097302768032883 0.1386595866740498
2235 0.08756093878220528 0.5043055706349208 0.0793293557412186 0.11105621838316751
1803 0.21756677376317723 0.5204288232558145 0.04027217292769345 0.032190738741233106
1803 0.9037669175276669 0.45609233420081435 0.021649506920082474 0.03411418414544123
1803 0.7261830869953194 0.45795881554079176 0.021649506920082117 0.03411418414544123
1803 0.620295184333581 0.517406061840164 0.03995383794672147 0.024378238741233106
1803 0.45010470113949497 0.5859791818290894 0.054271005931498986 0.031529404688076926
1803 0.38895629551200706 0.6342676850682919 0.03057883794672147 0.02377746144333699
1803 0.38253254056909125 0.6104797316445192 0.030451503954332715 0.02065246144333699
1803 0.36863186665281455 0.5753036952473247 0.04827567391627667 0.03737888648947951
1803 0.36104485973273237 0.5420906770487274 0.038837006920082295 0.03521560919158375
717 0.28869501585451185 0.4875848473145078 0.08781301779449713 0.08978199568106326
717 0.4690682653602202 0.4968060602990045 0.14769735376405232 0.1060869185677376
717 0.6420163340295698 0.4385393846345531 0.09849584980971962 0.08423290252860856
736 0.930170250037181 0.4538882865448528 0.025029174904859987 0.040564443244739935
736 0.8788305845238614 0.45605276140642526 0.023466674904859985 0.040464313695090584
736 0.7086308310638203 0.42878245526947384 0.03351283695813834 0.019290220542635694
736 0.700262574143738 0.39551937229605194 0.029716674904859807 0.040864831893687815
736 0.6741205212917192 0.537997966528241 0.043397172927693364 0.03239099784053181
736 0.6722569323564146 0.5113854017534163 0.043078837946721474 0.02457849784053163
736 0.6712382604173044 0.48638540175341627 0.037019838935304604 0.0288654796419344
736 0.6227808557783996 0.5401624413898133 0.036956171939110403 0.0273029796419344
736 0.6162788463868595 0.4953308027408653 0.027326503954332716 0.02045220234403846
736 0.5543836828507063 0.5061693707548924 0.02652800790866543 0.039102072794389285
736 0.5274192762346351 0.55197322408638 0.03845500494291585 0.025840609191583753
736 0.4567075282118015 0.5567923295773359 0.03682883794672147 0.0241779796419344
1803 0.5471322569572633 0.4620689173311199 0.021585839923887917 0.032551684145441226