1346 0.0611268348981306 0.8201635032392025 0.1222536697962612 0.17529799352159509
736 0.556105453268336 0.9288471769010691 0.08634656615858276 0.07581962523071262
736 0.32306673605303987 0.7141791093484672 0.08323065651766245 0.07718186613141391
717 0.43240939891541413 0.8469637260981902 0.17262040944452864 0.13913925046142522
4439 0.6635553806668456 0.7157883675249153 0.10679542154477702 0.10055880937615384
4439 0.6893007901113742 0.5860612947305261 0.11934996369925485 0.11073484577334831
4439 0.6908729013513011 0.4500737299557015 0.09264201795398072 0.08403264342931002
4439 0.7025876270526084 0.31577907310815617 0.10985678903121965 0.08982156847545246
4439 0.7353733768562165 0.1840389173403451 0.11301815046753809 0.09627182757475113
4439 0.7642210604030462 0.058017835446657305 0.12084883118569749 0.09989747532299775
1803 0.4977081877502421 0.6303584145625679 0.08319429508134384 0.07093186613141392
1803 0.5209462207313376 0.5289065360926528 0.07698974687674216 0.07834384793281668
1803 0.5403870880213886 0.4089549814968609 0.07386474687674216 0.07814358883351816
1803 0.5708154522863774 0.2797087700535238 0.0817136083130606 0.08489423658176473
1803 0.5762074551150478 0.15831463140457586 0.07851588544042372 0.07219397748246603
1803 0.591782979020957 0.03610822254983317 0.0738829275949012 0.07221644509966633
1803 0.2260099288714475 0.7516371414267251 0.10032725292686626 0.06265829117755643