1456 0.90390625 0.30390625 0.15234375 0.3015625
736 0.6265625 0.65546875 0.14765625 0.203125
736 0.2125 0.67265625 0.146875 0.22421875
736 0.06328125 0.3125 0.10546875 0.17734375
736 0.21328125 0.18125 0.11953125 0.19375
736 0.3578125 0.1828125 0.1140625 0.2
736 0.59609375 0.24140625 0.11953125 0.17578125
736 0.74296875 0.0984375 0.11640625 0.18359375
736 0.4734375 0.37890625 0.11796875 0.1796875
736 0.38515625 0.028125 0.0546875 0.0484375
736 0.6234375 0.115625 0.05390625 0.0515625
736 0.78984375 0.3171875 0.03203125 0.090625
736 0.72890625 0.321875 0.04453125 0.046875
736 0.9484375 0.55078125 0.0375 0.103125
736 0.86875 0.55 0.08984375 0.0671875
736 0.7703125 0.871875 0.06328125 0.1359375
736 0.5015625 0.790625 0.05625 0.14140625
736 0.3703125 0.69296875 0.04921875 0.13125
736 0.315625 0.41328125 0.03359375 0.07734375
736 0.2421875 0.32109375 0.06015625 0.0515625
736 0.05078125 0.45234375 0.071875 0.04765625
736 0.06171875 0.83984375 0.0578125 0.1265625
736 0.18828125 0.8265625 0.0546875 0.0484375
736 0.3375 0.90078125 0.0546875 0.140625
736 0.66171875 0.815625 0.05703125 0.05234375
736 0.45625 0.51953125 0.06328125 0.05234375
1803 0.8484375 0.10078125 0.03203125 0.0875
1803 0.62734375 0.04609375 0.05859375 0.03671875
1803 0.46015625 0.1109375 0.02578125 0.0859375
1803 0.51015625 0.11640625 0.03046875 0.08671875
1803 0.5609375 0.0796875 0.021875 0.0875
1803 0.0765625 0.07421875 0.03125 0.07890625
1803 0.1234375 0.1546875 0.02578125 0.06328125
1803 0.05390625 0.18828125 0.04765625 0.0421875
1803 0.36171875 0.39453125 0.01875 0.07109375
1803 0.36953125 0.5375 0.02109375 0.07734375
1803 0.31953125 0.53671875 0.02421875 0.0640625
1803 0.503125 0.66796875 0.0515625 0.04609375
1803 0.73203125 0.240625 0.05625 0.053125
1803 0.7375 0.5109375 0.025 0.071875
1803 0.790625 0.50625 0.02734375 0.06953125
1803 0.89609375 0.67109375 0.028125 0.0828125
1803 0.83671875 0.6671875 0.03125 0.06015625
1803 0.7765625 0.6671875 0.0328125 0.071875
1803 0.8921875 0.8390625 0.01953125 0.0671875
1803 0.98046875 0.8046875 0.028125 0.08359375
1803 0.42421875 0.8515625 0.03359375 0.07578125
1803 0.428125 0.9578125 0.04375 0.034375
1803 0.090625 0.68046875 0.0453125 0.0546875
1803 0.240625 0.9375 0.0484375 0.05078125
1803 0.7015625 0.96640625 0.0453125 0.0421875
1803 0.85859375 0.95859375 0.0484375 0.0546875
1803 0.47734375 0.23828125 0.04921875 0.05859375
4439 0.95546875 0.92109375 0.046875 0.103125
4439 0.61171875 0.91875 0.0484375 0.11015625
4439 0.14296875 0.9171875 0.04921875 0.10390625
4439 0.5046875 0.91640625 0.0453125 0.1
717 0.6328125 0.44375 0.109375 0.16328125