735 0.3796875 0.70703125 0.18359375 0.34921875
717 0.296875 0.3171875 0.20859375 0.1734375
1346 0.04375 0.5015625 0.0296875 0.17734375
1346 0.17421875 0.15703125 0.0265625 0.17734375
1346 0.3828125 0.17578125 0.0765625 0.05078125
1803 0.07734375 0.5265625 0.02890625 0.28515625
1803 0.1171875 0.53828125 0.03125 0.3140625
1803 0.159375 0.76875 0.028125 0.2078125
1803 0.203125 0.75859375 0.028125 0.215625
1803 0.253125 0.68828125 0.028125 0.228125
1803 0.44921875 0.16875 0.03828125 0.15390625
1803 0.4171875 0.33203125 0.0203125 0.10703125
1803 0.45390625 0.34375 0.028125 0.13046875
1803 0.459375 0.47734375 0.03046875 0.121875
1803 0.25546875 0.478125 0.04609375 0.059375
736 0.24375 0.1453125 0.07890625 0.17734375
1794 0.3078125 0.11796875 0.04765625 0.19375