736 0.2963509625681034 0.8982775873471862 0.23326207195929075 0.20344482530562757
736 0.25529327564056314 0.11001788839832516 0.23714905128112634 0.2057055246489438
736 0.43393869974782184 0.8667702566702623 0.04520549214211726 0.033542840343633175
736 0.15629942741702751 0.4945013517635938 0.062392992142117173 0.034443599050060315
1794 0.11958917783131226 0.34216424581612853 0.14848896567298447 0.2431435696514182
1803 0.07882712903138532 0.18649742198083882 0.07176799214211715 0.03493492198083881
1803 0.07426817741702751 0.4902022761192818 0.06678939371369372 0.028439260515449583
717 0.22022714846669547 0.6622930393482649 0.3088100355653606 0.27180855947465277
1456 0.341847321545006 0.3787512782669884 0.30074497849326604 0.29944223654387425
1346 0.48058675971540055 0.7304919199446738 0.07766273531769166 0.16149742198083886
718 0.07337334160399787 0.13633364767057934 0.06083049214211715 0.034361711894930556