719 0.31158735226173623 0.3939445049793232 0.2086359339354164 0.16964318401734033
1794 0.33588542549789596 0.08505462336693978 0.1247668762235353 0.08991091041040422
1182 0.5664138169520098 0.9471696735645839 0.568263905079476 0.10566065287083219
4439 0.15953882357543175 0.9922249328430969 0.03357639183263199 0.015550134313806297
4439 0.1936955687661083 0.9917089933523229 0.030233137023308564 0.016582013295354157
4439 0.15882949544513061 0.976030420933748 0.03341270072563942 0.019098610495108657
4439 0.19072433618930348 0.9739897787980208 0.03017857332097771 0.01579159997176518
4439 0.25521342212415293 0.9676102471574026 0.03341270072563942 0.019098610495108657
4439 0.15047135842182208 0.9599503946253887 0.03492063702330857 0.017627115756780398
4439 0.14981659399385178 0.9412003946253886 0.030396828130301135 0.02204159997176518
4439 0.18465538546366406 0.9564837603821694 0.027053573320977707 0.015609589448421345
4439 0.21883941250550606 0.9530171261389502 0.027053573320977707 0.015609589448421701
4439 0.2507069713985135 0.9501952340032229 0.02861607332097771 0.01570059471009344
4439 0.28413703029152093 0.9474643471291678 0.026999009618646853 0.014047089448421701
4439 0.3143875254821975 0.9429889497317688 0.027108137023308564 0.0171720894484217
4439 0.30990835660772353 0.9263551865775892 0.031795637023308565 0.017445105233436918
1346 0.3955556799287012 0.945377473338705 0.025709328130301044 0.021768584186749252
1346 0.40168662884024214 0.9200057470162282 0.02732639183263199 0.023422089448421703
1346 0.41648573882170864 0.9419185443712749 0.022584328130301045 0.021586573663405773
1346 0.43749764326821233 0.9408033654038448 0.028943455534962935 0.025075594710093442
1346 0.4467808740309187 0.9163948996047118 0.02576389183263199 0.023331084186749607
1346 0.4825646066077235 0.9364112679923284 0.022693455534962936 0.024711573663405772
1346 0.4895313692215953 0.9126475443006878 0.02888889183263199 0.02351309471009344
1346 0.5486434743937384 0.930903991613382 0.02107639183263199 0.023058068401734032
1346 0.5338170825611064 0.9082099442583355 0.021130955534962935 0.024620568401734034
1346 0.5680928788402422 0.9296978073842801 0.022638891832631992 0.023149073663405774
1346 0.5780482321982867 0.902209844215983 0.022748019237293703 0.026274073663405773
1346 0.5547471414541139 0.9047510152909053 0.022638891832631992 0.023149073663405774
1346 0.5913939695844149 0.927156636309358 0.022638891832631992 0.023149073663405774
1346 0.508963415500731 0.9332708574407498 0.028943455534962935 0.025075594710093442
718 0.8771851366447905 0.9172936018261421 0.03045139183263217 0.02360409997176518
718 0.9066816636866324 0.9135539517979072 0.022584328130301045 0.021586573663405773
718 0.8724331492586621 0.8928473386719625 0.02409226442797028 0.020115078925077867
718 0.8708607255748648 0.8701455860411267 0.020967264427970277 0.019933068401734033
718 0.8622570518910674 0.8470343097327675 0.020912700725639156 0.018370568401734032
718 0.9020388037051659 0.8922326886437275 0.02409226442797028 0.020115078925077513
718 0.8972595344678721 0.867005175489548 0.020967264427970277 0.019933068401734033
718 0.8933160789329093 0.8433856649662044 0.020967264427970277 0.019933068401734033
718 0.8571776822909539 0.8132130465785877 0.025709328130301044 0.021768584186749606
718 0.8516990086071565 0.7902837807935722 0.02409226442797028 0.020115078925077867
718 0.847001584923359 0.7674000176393927 0.022529764427969924 0.02002407366340577
718 0.8430308475372309 0.7429992571160489 0.02409226442797028 0.02011507892507769
718 0.8357168553417791 0.7121664860693615 0.022529764427970278 0.02002407366340577
718 0.8341171498068164 0.6886834834385256 0.019350200725639154 0.018279563140062294
718 0.8278572261230188 0.6657087150226741 0.023983137023308388 0.01699007892507769
718 0.8262302387368905 0.6414444623918382 0.02576389183263217 0.023331084186749607
718 0.8874827411839614 0.8103001491811888 0.017787700725639156 0.018188557878390556
718 0.8820313493513293 0.7881521333961733 0.02085813702330839 0.016808068401734034
718 0.8749628938163665 0.7643506123494859 0.02085813702330839 0.016808068401734034
718 0.8733631882814038 0.74086760971865 0.02576389183263217 0.023331084186749607
718 0.8652952279371174 0.7107705860411266 0.02403770072563951 0.01855257892507787
718 0.8597619905509891 0.6862788202561111 0.02721726442797028 0.020297089448421346
718 0.8589435350160264 0.6628413202561111 0.024146828130301046 0.02167757892507769
718 0.8503671431833943 0.6405112939477519 0.02091270072563951 0.018370568401734032
718 0.8072197999921509 0.47660841766762746 0.02721726442797028 0.020297089448421346
2235 0.9670077450014176 0.909609175418961 0.06598450999716476 0.03414675782192056
2235 0.9647135968618497 0.8874156570031093 0.07057280627630078 0.029277247298576725
2235 0.9602406841050524 0.8620971385872579 0.07614583774894826 0.03718075256024846
2235 0.9556251059747514 0.8415571254330784 0.07749008293962448 0.03102175782192056
2235 0.9521082363746378 0.8078268675405706 0.08077877404661712 0.03589126834526439
2235 0.9473289671373444 0.7825993543863909 0.08239583774894825 0.03754477360693613
2235 0.9379713253047122 0.7602238254471958 0.074474210344286 0.0339647472985769
2235 0.9394420560674185 0.7353603333397036 0.08870040145127903 0.039471294653623444
2235 0.9321007820208014 0.7037463122930161 0.085411710344286 0.034601784130279964
2235 0.9266221083370041 0.6808170465080006 0.08239583774894825 0.03754477360693613
2235 0.9250496846532066 0.6581152938771646 0.09187996515360979 0.04121580517696728
2235 0.9156101972670785 0.6333960149379696 0.07765377404661714 0.03570925782192056
2235 0.8390278498994835 0.5837152623777208 0.07512897477225663 0.052714747298576906
2235 0.8325124658713999 0.5310984965927051 0.07809028366526398 0.04820925782192056
2235 0.9229117765785059 0.5745670465080006 0.07674603847458741 0.05436825256024882
2235 0.9109549244015878 0.5224130123071336 0.07194941106992588 0.05097023677523325
2235 0.8999430133316618 0.4749919807371025 0.07819941106992587 0.05133425782192056
2235 0.8722793156012475 0.419584143919517 0.08406746515360979 0.04076077886860805
2235 0.8348760301218849 0.3308632781627363 0.07049603847458741 0.05400423151356133
4439 0.778727723042976 0.3751523334808779 0.033358137023308566 0.017536110495108836
4439 0.7757564904661711 0.3570470755883701 0.02861607332097762 0.015700594710093264
4439 0.7481622254052287 0.2143212492941283 0.02872520072563951 0.018825594710093263
4439 0.7452728383819202 0.19855974140162053 0.030233137023308564 0.017354099971765135
4439 0.7281374128840242 0.13207019141573798 0.027108137023308564 0.017172089448421433
2235 0.7926414009031246 0.28240339135926823 0.07825397477225664 0.05289675782192056
2235 0.8594469549868087 0.27537911761115774 0.07049603847458741 0.05400423151356133
2235 0.8163219483633867 0.2237487281768537 0.09113592068857272 0.06456229991529536
2235 0.7866393936467306 0.11052839135926824 0.07992560217691817 0.056112763083592476
1369 0.5942658990890262 0.2279679783886152 0.30728179817805223 0.4046089891943076
717 0.26678822903342575 0.27204711817585514 0.1841418762235353 0.09336911035393455
717 0.2513963528098904 0.18850657608248028 0.18090774881887367 0.09006209983059077
1346 0.17381450063297219 0.13253032089139563 0.03642857332097771 0.016155621018452537
1346 0.17494049101432535 0.12012132615306748 0.03642857332097771 0.016155621018452537
1346 0.17299604509800934 0.10909282089139563 0.03642857332097771 0.016155621018452537
1803 0.35990576805616736 0.1254366996611816 0.03174107332097771 0.015882605233437007
1803 0.2787053864751544 0.2337581629000658 0.014444445916315996 0.01175654735504672
1803 0.2585714465492882 0.14838210502167545 0.014444445916315996 0.011756547355046632
1803 0.2981275090704927 0.23177072867096396 0.01767857332097771 0.015063557878390376
1803 0.2740327554422956 0.14460465763839397 0.01767857332097771 0.015063557878390333
736 0.1682688834799295 0.2639700366905286 0.01767857332097771 0.015063557878390376
736 0.14969744355406328 0.17868498407381012 0.017733137023308566 0.016626057878390377
736 0.13297124582364878 0.12391418408792756 0.03017857332097771 0.015791599971765092
736 0.17338791469812276 0.14264106826055972 0.025327382213985138 0.010831084186749607
4439 0.03571433302444256 0.35292757892507776 0.027108137023308554 0.017172089448421433
4439 0.034332882298803144 0.3356945762942418 0.02872520072563941 0.018825594710093263
4439 0.029017899721998308 0.31745281050922625 0.02861607332097771 0.015700594710093264
4439 0.02358386605673434 0.2734752973550466 0.02872520072563941 0.018825594710093263
4439 0.019804101628764073 0.25454328683170296 0.022366073320977703 0.015336573663405951
4439 0.015205881665830964 0.21217377630835924 0.016225200725639415 0.01809755261671846
4439 0.012234649089026123 0.19406851841585146 0.011374009618646846 0.01313703683170293
4439 0.06317464491267488 0.31320492626600693 0.026999009618646853 0.014047089448421434
4439 0.05386164309857635 0.2697811499576477 0.027108137023308564 0.017172089448421433
4439 0.04938247422410236 0.25314738680346804 0.03028770072563942 0.01891659997176518
4439 0.04308534500534211 0.20678062101845254 0.027108137023308564 0.017172089448421433
4439 0.04016867613086812 0.19023786312594476 0.02716270072563941 0.018734589448421435
4439 0.09486115453132174 0.3275250314994439 0.027108137023308564 0.017172089448421433
4439 0.09272573565684775 0.3110277762377721 0.027053573320977707 0.015609589448421436
4439 0.0834127338427492 0.26760399992941286 0.03185020072563942 0.01900760523343692
4439 0.08122275126594436 0.249544244667741 0.028725200725639423 0.018825594710093263
4439 0.07492562204718412 0.20317747888272542 0.025545637023308566 0.017081084186749605
4439 0.07203623502387556 0.18741597099021765 0.027108137023308564 0.017172089448421433
4439 0.13277038229880317 0.34142790777956833 0.03185020072563942 0.01900760523343692
4439 0.13138893157316373 0.3241949051487324 0.03028770072563942 0.01891659997176518
4439 0.12451144899635888 0.305862134102045 0.030233137023308564 0.01735409997176518
4439 0.11913197903342579 0.2634471209478654 0.027108137023308564 0.017172089448421433
4439 0.11459824645662094 0.24525085779368574 0.03664682813030114 0.022405621018452494
4439 0.10444943094019155 0.20021907885449056 0.028834328130301134 0.021950594710093262
4439 0.10077879391688298 0.18441206833114687 0.03028770072563942 0.018916599971765136
1803 0.00939982576804842 0.1798695105233437 0.006577382213985133 0.009739021046687401
1803 0.03342760280989042 0.17581134207925736 0.01907738221398514 0.010467063140062205
1803 0.06529516170289787 0.17298944994353027 0.02220238221398514 0.010649073663405862
1803 0.04880955534962837 0.23674113680346806 0.02220238221398514 0.01064907366340595
1803 0.04694695498680866 0.22805638154179625 0.01907738221398514 0.010467063140062205
718 0.07897820498680867 0.22992198940606912 0.017733137023308566 0.016626057878390377
718 0.09053575308004289 0.2929680209761002 0.019295637023308564 0.016717063140062206
1803 0.0698437963639537 0.3478984446818584 0.014553573320977708 0.014881547355046631
1803 0.061121071591697176 0.29905142100433507 0.01907738221398514 0.010467063140062205
1803 0.05764140752654662 0.28871316048099144 0.017514882213985138 0.010376057878390377
1803 0.056614620866057765 0.2816364078501555 0.017514882213985138 0.010376057878390377
1803 0.09861363710812657 0.34567579202278764 0.014553573320977708 0.014881547355046631
4439 0.8142039870076101 0.9222016387284324 0.024037700725639155 0.01855257892507751
4439 0.8120140044308052 0.9041418834667605 0.024037700725639155 0.01855257892507787
4439 0.8090973355563312 0.8875991255742527 0.02409226442797028 0.020115078925077867
4439 0.8038096348306919 0.8701386097892371 0.02721726442797028 0.0202970894484217
4439 0.8016469341050525 0.8528601045275653 0.027271828130301046 0.0218595894484217
4439 0.7963592333794131 0.8353995887425498 0.030396828130301045 0.02204159997176518
4439 0.7934698463561045 0.819638080850042 0.02721726442797028 0.020297089448421346
4439 0.7920611137792996 0.8016238282192061 0.02721726442797028 0.020297089448421346
4439 0.7883359130536602 0.7842543176958624 0.028888891832631814 0.023513094710093264
4439 0.78299364862569 0.7652313019108468 0.03206845553496276 0.025257605233436918
1346 0.7326290277596322 0.48395891510737876 0.03793650961864685 0.01468412628012441
1346 0.7282589862898199 0.4704501519531991 0.03799107332097762 0.01624662628012441
4439 0.7801042616023814 0.7494697940183391 0.02721726442797028 0.020297089448421346
4439 0.7747892790255766 0.7312280282333236 0.02721726442797028 0.020297089448421346
4439 0.7718453282999371 0.7139040203408158 0.02721726442797028 0.020297089448421346
4439 0.7688740957231323 0.695798762448308 0.030396828130301045 0.02204159997176518
4439 0.765148894997493 0.6784292519249642 0.030396828130301045 0.02204159997176518
4439 0.7630407579741844 0.6627132466632923 0.030396828130301045 0.02204159997176518
4439 0.7593974028020412 0.6476874861399488 0.030396828130301045 0.02204159997176518
4439 0.7532466065229055 0.6278377177240972 0.03363095553496294 0.025348610495108836
4439 0.7510293420949352 0.6089967124624254 0.035193455534962934 0.025439615756780755
4439 0.7481399550716267 0.5932352045699176 0.03653770072563951 0.019280621018452494
4439 0.7435789406436564 0.574257691415738 0.028834328130301047 0.021950594710093262
4439 0.7422520536203479 0.558587188784902 0.028834328130301047 0.02195059471009344
4439 0.7361831028947086 0.5410811703690506 0.030505955534962936 0.02516659997176518
4439 0.7363368703179036 0.5231579229998864 0.030451391832631992 0.02360409997176518
736 0.7253348829317753 0.4983476387990195 0.02080357332097762 0.015245568401734032
736 0.7479092873782791 0.49732346509326125 0.019295637023308564 0.016717063140062292
736 0.7122247585223385 0.45782134933648067 0.01935020072563933 0.018279563140062294
1803 0.733345790373504 0.4598311703690506 0.020585318511654193 0.008995568401734034
1803 0.7361434081595188 0.4506381808923942 0.02532738221398496 0.010831084186749607
1803 0.7303745577966991 0.4417259124765428 0.025327382213985138 0.010831084186749607
1803 0.8375596414541139 0.9212229676535101 0.01924107332097762 0.015154563140062294
1803 0.836932158877309 0.9032542176535101 0.011483137023308387 0.016262036831702888
1803 0.8332069581516695 0.8858847071301664 0.01455357332097762 0.014881547355046366
1803 0.8294817574260301 0.8685151966068225 0.019295637023308387 0.016717063140062292
1803 0.8265105248492255 0.8504099387143149 0.01455357332097762 0.014881547355046366
1803 0.824347824123586 0.8331314334526431 0.01767857332097762 0.015063557878390199
1803 0.8182515915467811 0.8148441650367916 0.01455357332097762 0.01488154735504672
1803 0.8153076408211417 0.7975201571442838 0.01606150961864685 0.01341005261671846
1803 0.8115551582443368 0.7793693966209401 0.01611607332097762 0.01497255261671846
1803 0.8109822393698629 0.7629631466209401 0.01767857332097762 0.015063557878390376
1803 0.8033507886442234 0.7453661229434168 0.02085813702330839 0.016808068401734034
1803 0.8027233060674186 0.7273973729434168 0.01767857332097762 0.015063557878390199
1803 0.7966816371929446 0.7106726045275653 0.014553573320977797 0.01488154735504672
1803 0.7961087183184705 0.6942663545275652 0.020858137023308743 0.016808068401734034
1803 0.7899852038905003 0.6751978361117137 0.01455357332097762 0.01488154735504672
1803 0.7878225031648609 0.657919330850042 0.01455357332097762 0.01488154735504672
1803 0.7841245842903869 0.6413310703266983 0.011374009618646852 0.013137036831702887
1803 0.7796726972670784 0.6254785571725187 0.014444445916316084 0.01175654735504672
1803 0.7775099965414389 0.6082000519108467 0.014499009618646853 0.01331904735504672
1803 0.7745387639646342 0.590094794018339 0.019295637023308564 0.016717063140062115
1803 0.7715675313878293 0.5719895361258314 0.014444445916316084 0.01175654735504672
1803 0.7686781443645208 0.5562280282333235 0.01455357332097762 0.01488154735504672
1803 0.7640625662342195 0.5356880150791439 0.01778770072563951 0.0181885578783902
1803 0.7603646473597456 0.5190997545558002 0.01767857332097762 0.015063557878390376
4439 0.21433296177986666 0.9356021129847705 0.03341270072563942 0.019098610495108657
4439 0.24695448882170865 0.9320444734798793 0.03017857332097771 0.01579159997176518
4439 0.17171638664479041 0.8762047261813024 0.03341270072563942 0.019098610495108657
4439 0.26810031332381273 0.867784552404957 0.02861607332097771 0.01570059471009344
4439 0.29918662221682013 0.8649171576383938 0.026999009618646853 0.014047089448421701
4439 0.12675606150971416 0.8166708314853265 0.027108137023308564 0.017172089448421347
4439 0.11985129708174391 0.7975568104386391 0.027053573320977707 0.015609589448421524
4439 0.1192510963561045 0.7803693104386391 0.03174107332097771 0.01588260523343692
4439 0.11549861377929964 0.7622185499152954 0.030233137023308564 0.01735409997176518
4439 0.11099216305366025 0.7448035367611159 0.03028770072563942 0.01891659997176518
4439 0.1095834304768554 0.7267892841302798 0.027108137023308564 0.017172089448421347
4439 0.15562510597475135 0.7949624314570916 0.03341270072563942 0.019098610495108838
4439 0.14955615524911192 0.7774564130412401 0.02861607332097771 0.015700594710093264
4439 0.1481474226723071 0.7594421604104042 0.030233137023308564 0.01735409997176518
4439 0.1436682537978331 0.7428083972562246 0.023819445916315997 0.01230257892507769
4439 0.13916180307219367 0.725393384102045 0.023983137023308565 0.01699007892507769
4439 0.18374018229095393 0.7739897787980208 0.025436509618646852 0.013956084186749606
4439 0.1784524815653145 0.7565292630130053 0.03017857332097771 0.01579159997176518
4439 0.17631706269084052 0.7400320077513335 0.027108137023308564 0.017172089448421347
4439 0.17331854826287024 0.7211454998588257 0.026999009618646853 0.014047089448421346
4439 0.21782500561193166 0.7900088919239655 0.030233137023308564 0.01735409997176518
4439 0.21876002303512682 0.7721311471856375 0.026999009618646853 0.014047089448421346
4439 0.21576150860715654 0.7532446392931297 0.033303573320977706 0.015973610495108835
4439 0.21122777603035167 0.7350483761389499 0.026999009618646853 0.014047089448421346
4439 0.20513154345354684 0.7167611077230985 0.030233137023308564 0.01735409997176518
4439 0.24002489862568996 0.7336069734798792 0.026944445916315996 0.012484589448421346
4439 0.23858888419771968 0.7148114708490433 0.02861607332097771 0.015700594710093264
4439 0.28916429227242046 0.8011808813300348 0.033358137023308566 0.01753611049510866
4439 0.2854936552491119 0.785373870806691 0.02861607332097762 0.015700594710093264
4439 0.2824951408211417 0.7664873629141832 0.028725200725639423 0.01882559471009344
4439 0.2771528763931714 0.7474643471291678 0.028670637023308566 0.01726309471009326
4439 0.2749628938163665 0.7294045918674958 0.03017857332097771 0.01579159997176518
4439 0.2696751930907271 0.7119440760824803 0.027108137023308564 0.017172089448421347
4439 0.3196231185886231 0.7803447365634717 0.027053573320977707 0.015609589448421345
4439 0.3098016852861788 0.7446879576242764 0.03017857332097771 0.01579159997176518
4439 0.3038592201325691 0.708477441839261 0.03028770072563942 0.01891659997176518
4439 0.09047627721147802 0.6484899788827254 0.03341270072563942 0.019098610495108838
4439 0.08594254463467318 0.6302937157285458 0.03486607332097771 0.016064615756780753
4439 0.12546883610448548 0.645850097270342 0.027108137023308564 0.017172089448421347
4439 0.1193453216765152 0.6267815788544906 0.026999009618646853 0.014047089448421346
4439 0.15652786314632747 0.642201452503779 0.03028770072563942 0.01891659997176518
4439 0.1535293487183572 0.6233149446112712 0.03017857332097771 0.01579159997176518
4439 0.1876141720393349 0.639334057737216 0.030233137023308564 0.01735409997176518
4439 0.18383440761136463 0.6204020472138723 0.028725200725639423 0.01882559471009344
4439 0.21948173093234233 0.6365121656014889 0.028725200725639423 0.018825594710093263
4439 0.21804571650437204 0.617716662970653 0.03653770072563942 0.019280621018452494
4439 0.2529390716765152 0.6345625287274336 0.03028770072563942 0.01891659997176518
4439 0.2491320253973795 0.6148492682040899 0.033358137023308566 0.017536110495108836
4439 0.2878770668671918 0.6303601471150502 0.035029764427970275 0.020752115756780754
4439 0.2833160524392215 0.6113826339608706 0.03341270072563942 0.019098610495108838
4439 0.29154770389050033 0.6461671576383939 0.03028770072563942 0.01891659997176518
4439 0.06941475434598728 0.5365514210043351 0.030342264427970278 0.02047909997176518
4439 0.06797873991801699 0.5177559183734992 0.03185020072563942 0.01900760523343692
4439 0.09750254881102442 0.5147975183452642 0.026999009618646853 0.014047089448421346
4439 0.12780760770403185 0.5118846209478654 0.03017857332097771 0.01579159997176518
4439 0.09236861550858018 0.4794137551910847 0.027108137023308564 0.017172089448421347
4439 0.0559673240387679 0.4640393841726322 0.03017857332097771 0.01579159997176518
4439 0.12186514255042218 0.47567410516284986 0.030233137023308564 0.01735409997176518
4439 0.08780760108060989 0.460436242036905 0.03486607332097771 0.016064615756780753
4439 0.12040184627128647 0.45609735253201383 0.03028770072563942 0.01891659997176518
4439 0.14839043701545934 0.4538291972421072 0.03017857332097771 0.01579159997176518
4439 0.18332843220613593 0.44962681562972373 0.03497520072563942 0.019189615756780753
4439 0.08836067258748907 0.4316209972985769 0.042896828130301136 0.022769642065139983
736 0.17354669363888128 0.504413026167185 0.030233137023308564 0.01735409997176518
736 0.09402537394610067 0.5715102499294128 0.016170637023308565 0.01653505261671846
736 0.1728646473597456 0.484881776167185 0.03642857332097771 0.01615562101845249
1794 0.16569947730414525 0.5476169945971538 0.10859623920022679 0.07337585779368574
1803 0.06441723029937015 0.5050739078501555 0.02220238221398514 0.01064907366340595
1803 0.09394103919237758 0.5021155078219206 0.017460318511654284 0.008813557878390199
1803 0.12656256623421958 0.4985578683170294 0.019186509618646853 0.013592063140062293
1803 0.07860372667117307 0.42013746572854577 0.01907738221398514 0.010467063140062294
1803 0.08472478501602634 0.6177482130977099 0.02220238221398514 0.01064907366340595
1803 0.11737359390903376 0.6149718235928188 0.02063988221398514 0.010558068401734034
1803 0.15074908909971035 0.6106784367187634 0.01907738221398514 0.010467063140062294
1803 0.18258936614155236 0.6070752945830364 0.020694445916315994 0.012120568401734033
1803 0.21364839318339435 0.6034266498164733 0.023819445916315997 0.012302578925077867
1803 0.2447619839275672 0.6013405050499103 0.017514882213985138 0.010376057878390377
1803 0.2765749791182438 0.5969561129141832 0.02387400961864685 0.013865078925077868
736 0.31802835833700405 0.6453704970868154 0.016116073320977708 0.01497255261671846
1803 0.3127133757601992 0.6271287313017998 0.014553573320977708 0.01488154735504672
1803 0.14848970697054323 0.9255298919945527 0.033303573320977706 0.015973610495108658
1803 0.1796032977147161 0.9234437472279897 0.025436509618646852 0.013956084186749606
1803 0.21454129290539264 0.9192413656156063 0.027053573320977707 0.015609589448421345
1803 0.24180319735189637 0.9184902076948637 0.017514882213985138 0.010376057878390198
1803 0.27598722439373835 0.9150235734516444 0.02074900961864685 0.013683068401734033
1803 0.30701896958441494 0.9105936786850813 0.02063988221398514 0.010558068401734034
1803 0.16812759517497816 0.8627414656579585 0.026999009618646853 0.014047089448421701
1803 0.26138652185400046 0.8541392813582697 0.02220238221398514 0.010649073663405773
1803 0.29557054889584244 0.8506726471150504 0.026999009618646853 0.014047089448421701
1803 0.10133442085820854 0.7138342578219206 0.022311509618646853 0.013774073663405773
1803 0.1370536660488851 0.7096773788403732 0.019131945916315996 0.012029563140062116
1803 0.17212807049538884 0.7093812472279898 0.02074900961864685 0.013683068401734033
1803 0.20084334753723082 0.705596094568919 0.02074900961864685 0.013683068401734033
1803 0.23419156087674198 0.7005214576948637 0.02387400961864685 0.01386507892507769
1803 0.2637153697697494 0.6975630576666288 0.022256945916315996 0.012211573663405773
1803 0.2995164605139223 0.6957499286850813 0.022311509618646853 0.01377407366340595
1803 0.31837807711881083 0.7670179839326358 0.02074900961864685 0.013683068401734033
1803 0.31079126641170485 0.7283727128859484 0.027053573320977707 0.015609589448421345
1803 0.053913750717790185 0.44988587891096027 0.028506945916315994 0.012575594710093263
1803 0.0873165277596322 0.44637374203690505 0.025327382213985138 0.010831084186749607
1803 0.11371533665263964 0.4432333314853265 0.02220238221398514 0.010649073663405773
1803 0.14792664554564708 0.4405479472421071 0.026944445916315996 0.012484589448421346