736 0.17411119012605825 0.6784622727806727 0.15199919966118158 0.36083335099579195
736 0.19590622127256635 0.2239384638876653 0.16292128910960302 0.3877232332097771
736 0.6892488846667424 0.45464276063013714 0.1011522472985769 0.07682044954451292
736 0.8877164767459996 0.4204239841364493 0.10785727360693613 0.08485120435383653
1794 0.8801215975526906 0.16262140782024676 0.22078002076433875 0.31021828130301127
1456 0.42609019005547105 0.595595175961232 0.38066731513561364 0.6993948871081266
1803 0.3100589975103384 0.1380877547245054 0.06110264192396562 0.19237103847458742
1803 0.3865304922486666 0.13697663331029347 0.057249599830590726 0.1797619110699257
1803 0.4726955054028462 0.1300693796820964 0.06368161035393456 0.18310516587924908
1803 0.5509647185711433 0.13825141271438818 0.05357856826055958 0.17027778366526397
1803 0.6349224896178306 0.1290822546396874 0.0613756577089811 0.1970585384745874
1803 0.71383644489362 0.13958075582081375 0.06680661035393456 0.18321429328391084
1803 0.686699279292131 0.3377826428441223 0.09644933674699843 0.10316469473518967
1803 0.6740447587395538 0.8629364102673176 0.10288134727034208 0.10650794954451329
1803 0.8631450560946003 0.8422989841364494 0.0935063472703419 0.10618056733052797
1803 0.8724430033367077 0.7094319204341184 0.0872563472703419 0.10596231252120454
1803 0.8801252426721895 0.564146702285284 0.09029034200867017 0.10450893992586625
717 0.6898649927427767 0.6448585328626557 0.1538809471009328 0.28605160580511535