735 0.4755742505646974 0.5550926709417727 0.3022876259977757 0.3558052497995073
718 0.1176490875234572 0.7043295346433716 0.1500293630553576 0.1187052236549981
718 0.24506145598166099 0.7335649035198406 0.1537003946253887 0.12831702199532416
718 0.41513176129980256 0.778235095631745 0.16049642619541976 0.13816561867597627
718 0.5561894008046937 0.8002140715618282 0.15653696828879457 0.15031042116548718
718 0.36593029493597223 0.1807224008205482 0.17354245776545082 0.14848781203728056
718 0.5077768897166527 0.21586422758046847 0.15366957352223148 0.1812052236549982
718 0.6921827108198098 0.25478132716090557 0.13815098933548206 0.155139631123531
718 0.8248818187546698 0.28672729894180404 0.16148207352223168 0.18179721950581335
736 0.7173276530120066 0.34387879334272664 0.05576415258848364 0.04933807178554286
736 0.3983795029131846 0.26459957073663565 0.08398015785015556 0.05303175684847723
736 0.22262428483615154 0.638039838582775 0.05300317363517104 0.0553512734452168
736 0.5319622165050047 0.7087136557949256 0.05144067363517095 0.055232874275053766
4439 0.30702937691540894 0.6044209325641348 0.07449874203690499 0.07720296265733602