1182 0.823344588478194 0.35843727819587967 0.12859452669174587 0.13591603444287886
1182 0.7227212114824372 0.15839157923549804 0.13748936562705047 0.16307053029369403
1182 0.0713087015625 0.3701663859375 0.2596621125 0.8330571484375 0.34427235 0.7677170531249999 0.15416414843749998 0.32160711875 0.0713087015625 0.3701663859375
1802 0.2913040682122391 0.30236244771098175 0.3413969101132932 0.3888079265640719
1802 0.3928333706071473 0.5438735962564448 0.36333557710948766 0.39202801494635436
4439 0.7141791299986874 0.5641922159581064 0.0808626808363588 0.07310745850815117
4439 0.5334504644481868 0.18683957841030546 0.06517401384016441 0.07036096680652096
1346 0.5629416462731288 0.25670179251753406 0.06348417984777566 0.06711756763635801
1346 0.6677723622041902 0.48307319313758956 0.06361151384016442 0.07024256763635783
718 0.8162536245614799 0.5305966207273468 0.05736151384016423 0.06976897095570589
718 0.6225501151327588 0.10407277737068706 0.045787343878220456 0.053315176764564674
1803 0.7391844471851623 0.48549853089517203 0.0524193458553869 0.06316377344521662
1803 0.7841958582498576 0.4554432553753628 0.04291701186299814 0.05932837842423862
1803 0.6117173858930054 0.20363506948723575 0.04591467787060939 0.05644017676456468
1803 0.6534127959691176 0.1691290923077526 0.036603344866803764 0.05729228174358654
717 0.6591773177179474 0.27213569313758956 0.12496019072219049 0.12317923610255281
717 0.703463169999125 0.3589010647133509 0.13997769566510634 0.1476823286340201