2235 0.49876527380771335 0.20800353919237757 0.121121541958086 0.14326390507947587
2235 0.614826611043535 0.2870412531648609 0.11331813231716552 0.14455358656782158
2235 0.727708406124879 0.3565948397326825 0.11491699375348396 0.15085815027015242
2235 0.8445964451560988 0.4434723355563313 0.12116699375348397 0.15107640507947587
2235 0.4157396712501894 0.3027406311176768 0.11952268052176755 0.136959341377145
2235 0.5397044120768073 0.39767616360181435 0.12887949980360833 0.13416172359113024
2235 0.6518004119786115 0.46642121831847055 0.11176472267624522 0.1460615228654909
2235 0.7686884510098312 0.5532987141421193 0.13054199375348413 0.15140378729346118
2235 0.33753792407885985 0.42107891414996856 0.11953177088084707 0.1385218413771451
2235 0.4496975564942213 0.5007614688666248 0.11162836729005096 0.12262402286549072
2235 0.5751748003459012 0.5871578150530933 0.12259313836728972 0.12769346878180662
2235 0.6912452279408026 0.6677580290255765 0.12577268052176754 0.13717759618646852
2235 0.2546395865484506 0.5376910060752678 0.1116465480082102 0.12574902286549072
2235 0.369097517168414 0.6096429063454203 0.116434041958086 0.1431002139724832
2235 0.48523157727687255 0.7011806203179036 0.127371541958086 0.14348215988879928
2235 0.6083332548717738 0.7820263709508758 0.13385789129415607 0.18432541469812272
1182 0.2345987555591449 0.31516124164729753 0.22044989714788849 0.29982641832631973