717 0.4683474525743662 0.0325611216085266 0.11301521046687384 0.0651222432170532
717 0.5001420260965977 0.19927839528423646 0.24546223137238704 0.23210680289774882
2235 0.3849761125612474 0.6050148604282015 0.15841871572854577 0.0739753254152827
1794 0.6776718467762318 0.5815530698689537 0.2804588576525113 0.2717095234403846
2235 0.5280072337914614 0.40843334978774326 0.2214647472985769 0.08735550740125557
4439 0.1760352101139381 0.4239312484588405 0.1211007262518895 0.07469721622369914
718 0.12605353676111578 0.07739620990217762 0.13581567363517105 0.060073511720192305
718 0.4924825886013754 0.8890510965485408 0.11733868942018652 0.06355945712440061
1803 0.15307803932136452 0.15094433143226244 0.1025481473268118 0.050158291177556526
1803 0.16700330240495698 0.22846855413436656 0.12295165258848359 0.05302247532299766
1803 0.5821226702984634 0.7586243144702829 0.08232665258848364 0.050419107032115384
1803 0.6291558359705395 0.8795085109542253 0.07874662628012441 0.042406347932816855
1803 0.8292534024473092 0.1413321807585804 0.1165196420651398 0.04949695712440043
1803 0.8324308813300348 0.20935099553340503 0.11036064732681154 0.0506589389258032
1803 0.8350546233669398 0.2813261250830544 0.09831567363517095 0.057670402528608555
736 0.810079926266007 0.014290329660390306 0.09509966837349922 0.02858065932078061
736 0.8275019156720761 0.07086948643410641 0.08617969468185827 0.06311936613141403
736 0.17113633653523683 0.3128936189091912 0.10465667889684287 0.05963342072720588