1372 0.48359375 0.4625 0.084375 0.109375
1372 0.53671875 0.4078125 0.08125 0.08046875
1372 0.584375 0.365625 0.08046875 0.0703125
1372 0.63984375 0.3265625 0.071875 0.071875
1372 0.69375 0.28828125 0.06953125 0.078125
1372 0.7421875 0.253125 0.08359375 0.0859375
1372 0.79296875 0.2140625 0.075 0.08359375
1372 0.8421875 0.175 0.08359375 0.08515625
1372 0.89453125 0.1421875 0.078125 0.0875
1182 0.7921875 0.3203125 0.04140625 0.04609375
718 0.42734375 0.415625 0.02578125 0.02578125
718 0.47578125 0.3796875 0.025 0.0296875
718 0.52734375 0.33671875 0.02890625 0.028125
718 0.57421875 0.29765625 0.02578125 0.0296875
718 0.62734375 0.26171875 0.0203125 0.03046875
718 0.6796875 0.22421875 0.02734375 0.03203125
718 0.7296875 0.1921875 0.03671875 0.03515625
718 0.77421875 0.15546875 0.03359375 0.0375
718 0.82734375 0.12109375 0.03203125 0.03046875
2235 0.3625 0.48515625 0.115625 0.1171875
1182 0.3828125 0.340625 0.07265625 0.071875
1182 0.43359375 0.2984375 0.0609375 0.065625
1182 0.48671875 0.2640625 0.06328125 0.078125
1182 0.534375 0.2265625 0.07109375 0.07109375
1182 0.5859375 0.19296875 0.075 0.0828125
1182 0.64140625 0.1515625 0.05390625 0.08828125
1182 0.6953125 0.11875 0.071875 0.08515625
1182 0.7390625 0.078125 0.06640625 0.08125
1182 0.78515625 0.04375 0.0796875 0.0875