1372 0.358780778494131 0.07532352002681574 0.21832727611928177 0.06664046882531942
1372 0.36171434871137603 0.1381677274521688 0.19653416327441153 0.06667331981405518
1372 0.37747546754914013 0.19388784972822798 0.21503850180902226 0.06329694753799595
1372 0.3709112070336905 0.25973137101555144 0.20097600180902225 0.062313601745040345
1372 0.38029949513876 0.31823228586625757 0.2274566146538925 0.06260853268728983
1372 0.3772287268213943 0.37682603586625757 0.21314845318850323 0.056937686894334226
1372 0.3700469906162042 0.43959918747541193 0.20549972749876275 0.05951638367602552
1372 0.3679621901866629 0.4942320571535811 0.20377345318850332 0.056282123032363886
1372 0.37249920398147285 0.5561857539352724 0.20377345318850332 0.056282123032363886
1372 0.3772409356641071 0.6142332007169637 0.20377345318850323 0.056282123032363886
1372 0.37795358661404677 0.6748975491078093 0.21462906603337348 0.05548444753799586
1372 0.3770627939864216 0.7364524081423168 0.22244156603337348 0.05603075075630457
1372 0.3746095013587964 0.7981165278204859 0.20985967887824372 0.05359416560701078
1372 0.3738415394638658 0.8573276368549934 0.18173467887824382 0.05162747402109957
1182 0.08940001469932109 0.2823976007366341 0.17880002939864217 0.4372371920901143
1182 0.08273231597760272 0.7689306804380465 0.16546463195520544 0.4261140217915266
1182 0.32048624038906154 0.030351640587340283 0.2176655348257091 0.060703281174680566
1182 0.2838130037336456 0.9562510919345577 0.18494156603337358 0.0534084953084232
1182 0.6405067390343244 0.893167675823344 0.354913229307785 0.11822438418022863
1182 0.7628143447546473 0.43081550527265466 0.13432184757972224 0.24602233020561534
1182 0.9129581869073025 0.3284667654121133 0.12950379353213642 0.0946783514929388
1346 0.5935652142697798 0.05112192347755549 0.1280364687923356 0.03697511213660054
1346 0.5990472523748492 0.10989598993741594 0.1156183559474652 0.03766352698730664
1346 0.5990195969023537 0.16983371865009247 0.10451708163720567 0.03377370248167453
1346 0.5949219171195989 0.23316959897192335 0.10928646879233561 0.03566398441265974
1346 0.5880677295349278 0.2896927505810777 0.08107958163720567 0.03213479282674854
1346 0.5973331869073025 0.3505374154317838 0.10270892017181658 0.02897694183801276
1346 0.6033884350982802 0.3983739818916442 0.08732958163720568 0.03257183540139543
1346 0.6025419080744874 0.47393671060432074 0.1028726944820761 0.03210194183801285
1346 0.6046499626879001 0.5228276786733356 0.08288774310259513 0.036931553470410175
1346 0.6031007507929695 0.5820934180296738 0.10624335594746519 0.03700796312533612
1346 0.5992077888980389 0.6415230483515048 0.08272396879233561 0.03380655347041035
1346 0.6102404641582382 0.6983522025585491 0.0997476944820761 0.031883420550689226
1346 0.6077462279530481 0.7607975722367183 0.0997476944820761 0.031883420550689226
1346 0.6107616853254229 0.8220792796620714 0.09982958163720586 0.03344592055068958
1346 0.7054743147901782 0.1584977448810945 0.04415279172311415 0.040450037378866856
1346 0.7075856914298584 0.22217783262827845 0.03502345318850324 0.044481973516896464
1346 0.7225733678217112 0.678821316536735 0.03674972749876275 0.047716234160558105
1346 0.7184756880389562 0.7421571968585658 0.05196529172311415 0.04099634059717552
717 0.7927286533247889 0.15706664883603733 0.09357293758467086 0.06258711733238065
717 0.7966692870890165 0.6759751859628026 0.0858423247398008 0.06360331411407198
736 0.8781648643152081 0.1160649544001345 0.03732958163720568 0.029075494804219913
736 0.8844215083677429 0.14520615118182584 0.05196529172311415 0.04099634059717552
736 0.8814470788121307 0.6326843718487307 0.0450601944820761 0.02805929802252862
736 0.8566617627787572 0.6748936511818258 0.054428550429541644 0.05829310124083733
718 0.853181474446545 0.19175872308956793 0.07235967887824372 0.04397922896477811
718 0.8494877498884584 0.5889943560092888 0.08329717887824373 0.04474405347041035
1346 0.844872170964786 0.5433922789057666 0.0548446302577247 0.03652736188449914
1346 0.8316506331984008 0.26098397049167793 0.058542840343633176 0.04768338317182241
1803 0.9234397427639107 0.12846676541211333 0.04965916327441171 0.056402819309852026
1803 0.9112020143606369 0.19859894895225289 0.04094590456798457 0.038669016091543364
1803 0.8763456575086603 0.2547450421473184 0.05352779172311415 0.041105601240837245
1803 0.9112275113084192 0.4951625925156355 0.06495661465389233 0.05124542574646931
1803 0.9117387663968017 0.5745223105846503 0.05212906603337366 0.04412134059717552
1803 0.9262273123037872 0.6396720631825403 0.039710953188503595 0.044809755447881724
1803 0.9241900995043455 0.7231019222170477 0.0354328889641522 0.052294473516896464
2235 0.1459842073723748 0.05128435853030431 0.09390048620519006 0.06883711733238063