1802 0.553125 0.5078125 0.390625 0.28828125
1182 0.1875 0.496875 0.13984375 0.55078125
1182 0.8328125 0.32109375 0.1484375 0.3265625
1182 0.83359375 0.69765625 0.13828125 0.32890625
4439 0.415625 0.70078125 0.0453125 0.0640625
4439 0.36953125 0.70546875 0.04375 0.07421875
4439 0.36796875 0.31484375 0.04453125 0.0515625
4439 0.4140625 0.31328125 0.03828125 0.0609375
1803 0.2828125 0.31328125 0.02109375 0.0671875
1803 0.28203125 0.4109375 0.0234375 0.06796875
1803 0.28125 0.59453125 0.0203125 0.075
1803 0.2828125 0.68203125 0.0203125 0.06875
1346 0.3359375 0.5734375 0.028125 0.09609375
1346 0.33828125 0.43515625 0.034375 0.115625