4439 0.85390625 0.13046875 0.16015625 0.11796875
4439 0.19453125 0.10078125 0.15625 0.1015625
4439 0.1875 0.29765625 0.1484375 0.10390625
4439 0.42421875 0.3609375 0.159375 0.1140625
4439 0.64296875 0.3546875 0.1453125 0.10078125
4439 0.42265625 0.54453125 0.16640625 0.109375
4439 0.6515625 0.5375 0.15859375 0.10078125
4439 0.84140625 0.5375 0.1625 0.09453125
4439 0.42109375 0.7203125 0.16640625 0.09453125
4439 0.52578125 0.9125 0.16640625 0.103125
1803 0.14609375 0.45234375 0.04296875 0.090625
1803 0.0578125 0.075 0.04765625 0.06640625
1803 0.0625 0.24375 0.05390625 0.06796875
1803 0.5625 0.70390625 0.04375 0.08515625
1803 0.6515625 0.7140625 0.05 0.08359375
1803 0.6671875 0.91953125 0.0453125 0.08203125
1803 0.38984375 0.92890625 0.04765625 0.07734375
1803 0.3015625 0.9328125 0.05546875 0.071875
1803 0.95546875 0.459375 0.06015625 0.03125
736 0.915625 0.32578125 0.16875 0.06640625