1372 0.6739374264620966 0.7844887622486578 0.17824701680591398 0.09397262485506808
1372 0.6601203241809191 0.6954740596732822 0.1761751808363588 0.08134507909743345
1372 0.6510543888959359 0.6076392198250031 0.1811173488211363 0.08797771637033698
1372 0.6292337856261753 0.5145747460378003 0.18605951680591382 0.09461035364324069
718 0.46417115421897515 0.6957922793775992 0.059849843878220454 0.054719193032477874
718 0.4522348869187697 0.614462531044589 0.05672484387822045 0.05446410151720862
718 0.4383368715957305 0.5426991013480309 0.0565975098858317 0.051339101517208795
718 0.4243751892764969 0.46937317165147263 0.06297484387822046 0.05497428454774678
1803 0.4756325776409602 0.7269944819529747 0.06989600593149917 0.033737013335919566
1803 0.45766914482743515 0.6516436666505028 0.0698323389353046 0.032174513335919565
1803 0.4491443790101043 0.5770900768022237 0.07627333992388792 0.03737219636645754
1803 0.4327116126984819 0.5008304657421172 0.06390067391627667 0.039476830305381586
1182 0.35198683060670977 0.7511968696849203 0.11013368676785795 0.10398561151914851
1182 0.32264554600629863 0.588983783170621 0.1620675543720747 0.2701844384905499
2235 0.4798027658916929 0.8293382319529747 0.11963070357377177 0.1841832945496865