4439 0.88828125 0.1875 0.1578125 0.146875
4439 0.65390625 0.88203125 0.1390625 0.15390625
717 0.3453125 0.5625 0.1953125 0.23125
1803 0.0859375 0.41328125 0.11875 0.05234375
1803 0.0890625 0.490625 0.103125 0.0625
1803 0.084375 0.5734375 0.10390625 0.06015625
1803 0.090625 0.6609375 0.0828125 0.05
1803 0.153125 0.8234375 0.04921875 0.0984375
1803 0.2375 0.82890625 0.04453125 0.1125
1803 0.32890625 0.83984375 0.04296875 0.11015625
1803 0.415625 0.83984375 0.04921875 0.11328125
1803 0.659375 0.74609375 0.09453125 0.05
1803 0.65703125 0.66015625 0.09609375 0.0578125
1803 0.66328125 0.5734375 0.10625 0.05546875
1803 0.6625 0.49375 0.096875 0.05078125
1803 0.88515625 0.31640625 0.103125 0.053125
1803 0.65859375 0.29296875 0.11875 0.05
1803 0.65703125 0.215625 0.11875 0.0609375
1803 0.47265625 0.28828125 0.06875 0.09921875
1803 0.3875 0.2875 0.05859375 0.10859375
1803 0.23125 0.28671875 0.0453125 0.08828125
718 0.66640625 0.12421875 0.1265625 0.053125
736 0.22578125 0.13828125 0.0671875 0.1171875
736 0.39140625 0.13359375 0.05390625 0.11015625
736 0.47265625 0.1359375 0.0625 0.1203125
736 0.30390625 0.30546875 0.0609375 0.07265625
736 0.6703125 0.38828125 0.1296875 0.1