1456 0.24305014081820958 0.1318055588490235 0.3328981989237615 0.2087706225627204
736 0.6474787373846063 0.33741899026406263 0.23336907981717375 0.18361488960884903
736 0.7553898606250232 0.7405518985438932 0.25546240363849115 0.18868421915415362
736 0.4347264119061496 0.9400566152624151 0.19869867328319835 0.10963191882984233
736 0.27494468940873956 0.8333816956184986 0.2179966368892682 0.1552444277582957
736 0.24488470016210653 0.6916032987027537 0.22402831306795062 0.15066602191409723
736 0.24986533684648693 0.44600442654377515 0.1990283130679506 0.15022964529089186
736 0.09664182940288883 0.32905052597458234 0.16926803846084476 0.14814894805083528
736 0.4106273624870501 0.5401520726487412 0.20378858767505648 0.1518739659077429
736 0.08785345016210654 0.6943442893672629 0.06072348428423428 0.0635091209411625
736 0.12074076302516937 0.44356699350717826 0.06221320967712844 0.061973894480112965
736 0.2809932506191725 0.2413890645310664 0.09749573821317573 0.0485386858759707
736 0.2993836856891951 0.30049132914156296 0.05552656203449331 0.05248980032431154
736 0.4741674001238345 0.040982141236997324 0.11035961124870504 0.05656937418757346
736 0.49112376778268024 0.11965656615591944 0.08598034946188057 0.10298072402541769
736 0.8274272948709855 0.15522627882054668 0.14924232878371627 0.08691143912238161
736 0.8067874249358281 0.433937659907979 0.15214900496239886 0.08227848620028233
736 0.7401907380037788 0.5820945162386449 0.14084763192686936 0.07427507142762976
736 0.4793324747692124 0.6890747678602027 0.08499573821317571 0.04832049756436803
736 0.40531924007069337 0.7787196948077197 0.06406680810555176 0.06825116801906325
736 0.5755333484239142 0.9415082467568844 0.06308650496239868 0.08072389448011279
736 0.941269432793711 0.8567557767919517 0.11746113441257791 0.08203302434972955
736 0.9107130614108115 0.7347131814183344 0.06072348428423453 0.06350912094116268
736 0.9370634681541837 0.5745199752498242 0.1258730636916326 0.08071598620028234
736 0.7961302531003719 0.2722734569858797 0.06548375889134021 0.06515344155801354
736 0.5517061267550737 0.5306525673737355 0.06577485731976367 0.07140344155801373
1803 0.05664606803034933 0.22575793060096494 0.09429796360606986 0.04692163879807012
1803 0.052354636060698644 0.45257952922099315 0.049931533498446014 0.06644320616851011
1803 0.1517104348606256 0.6048766404229231 0.0908818651776464 0.04061709172016936
1803 0.14622026012968523 0.5541499375008238 0.09429796360606986 0.04692163879807012
1803 0.09968770843427414 0.5119584833609085 0.09237159057054059 0.03908186525911965
1803 0.19975425247669015 0.9816885564133916 0.08426799214211718 0.03269549756436803
1803 0.2683372785315381 0.926541360391151 0.06729881596343468 0.037082988635914305
1803 0.31608772786958433 0.9780941777615911 0.051601041356328814 0.0352477532464107
1803 0.45080506037735424 0.6473509180223586 0.07489299214211727 0.03253185633066593
1803 0.5883392936281313 0.6121110730557783 0.082851041356329 0.035793224025417736
1803 0.5984441937519657 0.6611934553610266 0.06886131596343467 0.03711026217486459
1803 0.6866397448282043 0.45636385917663036 0.05745293507002245 0.06032957386326192
1803 0.21864310793893615 0.3128470531669806 0.06548375889134021 0.06515344155801354
1803 0.4818301586008899 0.25586680154542285 0.07674659057054053 0.03880912986961631
1803 0.4653660965663966 0.20454976339597591 0.07369436517764641 0.04031708279171564
1803 0.6037478922659517 0.06999571104306945 0.08790241439185813 0.04368754464226869
1803 0.6127269400324213 0.1284803668872681 0.06595463978475227 0.04174321509696392
1803 0.6256486251024439 0.18767808888409088 0.07867296360606986 0.046648903408566644
1803 0.768172111248705 0.04132346591433341 0.07013271753501123 0.030887535713814952
1803 0.8832814584342742 0.4982808035773131 0.08187073821317555 0.048265950486467445
1803 0.9819735537623255 0.4745921132371154 0.03605289247534884 0.04917388555165925
1803 0.7890457307650685 0.8588109748427872 0.06504711124870503 0.055778441558013724
1803 0.9886110055815713 0.6626960852339382 0.022777988836857332 0.05717730032431163
1803 0.9344799696019258 0.2041802017108739 0.05240156203449331 0.05243525324641087
1803 0.892191808105552 0.051668856337256555 0.06519266046291676 0.058903441558013594
1803 0.2725473196829792 0.5636731676153215 0.06995293507002262 0.06054776217486459
4439 0.907741995242489 0.30160067248988065 0.11875430810555158 0.06920574188232517
4439 0.9759504937947469 0.7621739338539665 0.04809901241050625 0.06863299756436803
4439 0.9290969185256873 0.4075643003309022 0.10916098428423418 0.06435460064862326
717 0.4395228422231704 0.3715423944834082 0.18601889081820958 0.1390739569792891