4439 0.1566948988022331 0.772020400419563 0.3133897976044662 0.20251522905358285
4439 0.15003268063149527 0.5846621103776066 0.30006536126299055 0.21586733403260486
4439 0.13693621636171552 0.3875144232400797 0.27387243272343104 0.19534134648015938
4439 0.47252793871632487 0.3824898394311895 0.3261131999091429 0.19434753154309395
4439 0.5085495686353654 0.5781701149509988 0.31838923111680745 0.16574893486244183
4439 0.5223376724351241 0.8239329008437701 0.3229881999091429 0.1941107332027677
1803 0.4732151769576799 0.6986359803029828 0.1530298247398008 0.06917882033565022
1803 0.8185597337187993 0.49969545313278835 0.08657930913596842 0.07815015601864025
1803 0.8113005116471033 0.3987482597714842 0.10294129353213641 0.09339664772027056
736 0.9266765281554467 0.3972943487784665 0.08386374491161704 0.0857258576783142
736 0.9273548795803563 0.4891149958740371 0.074161196291098 0.07876546265733601
736 0.900566650272571 0.5812074074917547 0.14891553482570927 0.07976112282516112
736 0.8945822438955645 0.6654640083215917 0.15416960085908257 0.12062292116548719
736 0.8891975395754075 0.30425382118406485 0.14727114767057933 0.07808022365499827