1794 0.8525095710238881 0.1139520901381432 0.2931262573036005 0.2279041802762864
1456 0.3837775673737355 0.4944847419549143 0.7420115909060951 0.49744650608823165
717 0.3790936160731939 0.22650001650072155 0.2845773717519414 0.21358323637421642
1803 0.47907779951353263 0.04669237824939095 0.09234323295387145 0.0933847564987819
1803 0.34418064813356086 0.04465132378235368 0.10481595941492108 0.08930264756470736
1803 0.21014656737044013 0.03861634772418689 0.09533186525911974 0.07723269544837379
1803 0.676494721593081 0.2615137767925253 0.10018300649282175 0.10803538273097572
1803 0.8770850568204287 0.25606164693648753 0.15903980925276534 0.08319462152108806
1803 0.852297516642387 0.33531858330100556 0.17633640340856688 0.0908476248550679
1803 0.8500844058474939 0.41741360617982287 0.16844208279171546 0.0855223960668953
1803 0.8369883421305018 0.4972764493620819 0.1653716298696164 0.08839230455162621
1803 0.8269081842577084 0.5831342010290718 0.18102390340856686 0.09123026212797161
1803 0.808329733771241 0.6642247043630517 0.18264095048646745 0.09448280788560623
736 0.732433661125795 0.7663768778506921 0.3532182775961402 0.21294524971013598
736 0.26027801745646095 0.7315857424139562 0.4077966834403388 0.21115935122734458
1803 0.16767487500164763 0.2265949666602011 0.10985801542127546 0.12598815727678297
736 0.5634862069825843 0.2551358442210291 0.0906989123370204 0.10102010818516849
736 0.6185533567377031 0.052958547110514564 0.10492505357072232 0.10591709422102913