719 0.653125 0.3203125 0.13125 0.184375
1794 0.9546875 0.40390625 0.065625 0.1125
1182 0.04765625 0.4625 0.05703125 0.56328125
4439 0.07578125 0.053125 0.01640625 0.03203125
4439 0.0765625 0.08828125 0.0109375 0.02890625
4439 0.0953125 0.05625 0.0125 0.03046875
4439 0.09453125 0.08828125 0.01015625 0.02890625
4439 0.09453125 0.15390625 0.0125 0.03125
4439 0.1125 0.05078125 0.0109375 0.0328125
4439 0.13125 0.05390625 0.01484375 0.02890625
4439 0.1125 0.0859375 0.0109375 0.02421875
4439 0.1125 0.1203125 0.0109375 0.025
4439 0.11171875 0.153125 0.01015625 0.0265625
4439 0.11171875 0.18671875 0.00859375 0.02578125
4439 0.1125 0.21796875 0.01171875 0.02421875
4439 0.1296875 0.21640625 0.0109375 0.0296875
1346 0.10234375 0.2984375 0.01640625 0.02109375
1346 0.1265625 0.309375 0.01796875 0.0234375
1346 0.10390625 0.3203125 0.0171875 0.01953125
1346 0.10234375 0.34140625 0.02109375 0.025
1346 0.12578125 0.35546875 0.01796875 0.02265625
1346 0.10234375 0.3875 0.0203125 0.01796875
1346 0.125 0.3984375 0.01953125 0.02578125
1346 0.1015625 0.45390625 0.01875 0.0171875
1346 0.125 0.44375 0.0203125 0.0171875
1346 0.10078125 0.47421875 0.01953125 0.01875
1346 0.1265625 0.4890625 0.02109375 0.01953125
1346 0.1265625 0.465625 0.01953125 0.01796875
1346 0.10078125 0.49765625 0.01953125 0.01796875
1346 0.103125 0.4140625 0.0203125 0.025
718 0.08203125 0.78515625 0.01640625 0.02734375
718 0.0828125 0.81484375 0.0171875 0.01953125
718 0.10703125 0.78515625 0.01640625 0.02265625
718 0.1296875 0.7875 0.015625 0.01953125
718 0.153125 0.78359375 0.0140625 0.01875
718 0.1046875 0.81484375 0.01640625 0.02265625
718 0.1296875 0.81484375 0.01484375 0.01953125
718 0.153125 0.815625 0.01484375 0.01875
718 0.18671875 0.78515625 0.0171875 0.02265625
718 0.21015625 0.78359375 0.01484375 0.021875
718 0.2328125 0.78359375 0.01640625 0.0203125
718 0.25703125 0.784375 0.01484375 0.02265625
718 0.28828125 0.7828125 0.01484375 0.0203125
718 0.31171875 0.7859375 0.0140625 0.0171875
718 0.33515625 0.78359375 0.01328125 0.021875
718 0.35859375 0.78671875 0.01796875 0.02265625
718 0.18671875 0.815625 0.015625 0.01640625
718 0.20859375 0.81484375 0.01328125 0.01953125
718 0.2328125 0.81171875 0.01328125 0.01953125
718 0.25625 0.81484375 0.01796875 0.021875
718 0.28671875 0.8125 0.0140625 0.02265625
718 0.31171875 0.81171875 0.01640625 0.02421875
718 0.334375 0.815625 0.0171875 0.0203125
718 0.35703125 0.8109375 0.0140625 0.01953125
718 0.52265625 0.79921875 0.01640625 0.02578125
2235 0.08046875 0.88203125 0.01796875 0.075
2235 0.103125 0.88046875 0.0140625 0.07265625
2235 0.128125 0.87890625 0.02109375 0.07265625
2235 0.14921875 0.878125 0.01640625 0.075
2235 0.1828125 0.88046875 0.01953125 0.07734375
2235 0.2078125 0.88046875 0.01953125 0.0796875
2235 0.23125 0.87578125 0.01796875 0.071875
2235 0.25546875 0.88203125 0.021875 0.08515625
2235 0.28671875 0.88046875 0.01640625 0.0828125
2235 0.31015625 0.8796875 0.01953125 0.0796875
2235 0.3328125 0.8828125 0.02109375 0.0890625
2235 0.3578125 0.87734375 0.01953125 0.07421875
2235 0.4140625 0.8109375 0.0375 0.06875
2235 0.4671875 0.8140625 0.0328125 0.07109375
2235 0.41484375 0.89609375 0.0390625 0.0703125
2235 0.4671875 0.89453125 0.03828125 0.06640625
2235 0.515625 0.8921875 0.0359375 0.07265625
2235 0.57265625 0.875 0.0234375 0.0796875
2235 0.6640625 0.8546875 0.04140625 0.06328125
4439 0.62578125 0.790625 0.0109375 0.03046875
4439 0.64375 0.790625 0.01015625 0.0265625
4439 0.78671875 0.790625 0.0125 0.0265625
4439 0.803125 0.790625 0.0109375 0.028125
4439 0.86953125 0.78671875 0.0125 0.025
2235 0.715625 0.821875 0.03828125 0.07265625
2235 0.715625 0.88984375 0.03984375 0.06171875
2235 0.77109375 0.85703125 0.04609375 0.0828125
2235 0.88515625 0.84921875 0.03984375 0.0734375
1369 0.78984375 0.63515625 0.35546875 0.23984375
717 0.778125 0.29921875 0.05703125 0.17578125
717 0.86171875 0.29921875 0.05234375 0.17109375
1346 0.92421875 0.2328125 0.00859375 0.03359375
1346 0.93671875 0.2359375 0.00859375 0.03359375
1346 0.94765625 0.2359375 0.009375 0.03359375
1803 0.91328125 0.41953125 0.01015625 0.0296875
1803 0.8140625 0.31796875 0.009375 0.01328125
1803 0.90078125 0.3140625 0.01015625 0.01328125
1803 0.8140625 0.3375 0.01171875 0.015625
1803 0.90234375 0.33046875 0.0125 0.01484375
736 0.7953125 0.2015625 0.01328125 0.015625
736 0.88125 0.2 0.0140625 0.01484375
736 0.93671875 0.19375 0.009375 0.028125
736 0.9140625 0.23046875 0.00703125 0.02578125
4439 0.72109375 0.05234375 0.01171875 0.025
4439 0.73828125 0.0546875 0.01171875 0.0265625
4439 0.75703125 0.05234375 0.01015625 0.0265625
4439 0.8 0.0546875 0.01171875 0.0296875
4439 0.81875 0.05390625 0.0109375 0.025
4439 0.8625 0.053125 0.01171875 0.02890625
4439 0.88046875 0.05234375 0.01015625 0.02578125
4439 0.7578125 0.0875 0.01015625 0.025
4439 0.8015625 0.08671875 0.01171875 0.025
4439 0.81796875 0.08515625 0.0125 0.02734375
4439 0.8640625 0.0875 0.0125 0.02578125
4439 0.88046875 0.08828125 0.0140625 0.02578125
4439 0.740625 0.11640625 0.0125 0.025
4439 0.75703125 0.1171875 0.0109375 0.025
4439 0.80078125 0.11640625 0.0125 0.0296875
4439 0.81875 0.11796875 0.0125 0.0265625
4439 0.86484375 0.1203125 0.01171875 0.0234375
4439 0.88046875 0.1203125 0.0125 0.02578125
4439 0.72265625 0.1515625 0.0125 0.0296875
4439 0.73984375 0.15390625 0.01328125 0.02734375
4439 0.75859375 0.15 0.0109375 0.028125
4439 0.80078125 0.153125 0.0125 0.025
4439 0.81953125 0.15234375 0.01484375 0.03515625
4439 0.86484375 0.15078125 0.015625 0.0265625
4439 0.88046875 0.15 0.01328125 0.02890625
1803 0.8953125 0.05390625 0.00625 0.0171875
1803 0.8953125 0.084375 0.00625 0.01796875
1803 0.8953125 0.11640625 0.00625 0.02265625
1803 0.834375 0.0875 0.00625 0.02109375
1803 0.84296875 0.0875 0.00703125 0.01953125
718 0.83828125 0.11953125 0.0140625 0.01640625
718 0.775 0.11875 0.0125 0.0171875
1803 0.72265625 0.0875 0.01328125 0.0125
1803 0.771875 0.08828125 0.00703125 0.01953125
1803 0.78203125 0.08671875 0.00625 0.015625
1803 0.7890625 0.08671875 0.00703125 0.015625
1803 0.721875 0.11640625 0.01171875 0.0125
4439 0.08359375 0.72109375 0.0140625 0.021875
4439 0.1015625 0.72265625 0.0140625 0.02265625
4439 0.11796875 0.72265625 0.01484375 0.02265625
4439 0.1359375 0.72109375 0.01484375 0.02578125
4439 0.153125 0.721875 0.0171875 0.0234375
4439 0.17109375 0.7203125 0.01640625 0.028125
4439 0.18671875 0.7203125 0.01484375 0.025
4439 0.2046875 0.721875 0.015625 0.025
4439 0.221875 0.721875 0.01796875 0.02578125
4439 0.24140625 0.7203125 0.01796875 0.02890625
1346 0.5234375 0.7234375 0.00546875 0.03671875
1346 0.53671875 0.721875 0.0078125 0.03671875
4439 0.25703125 0.7203125 0.01484375 0.02421875
4439 0.27578125 0.71875 0.015625 0.02578125
4439 0.29296875 0.71875 0.01484375 0.02578125
4439 0.3109375 0.71953125 0.01640625 0.028125
4439 0.328125 0.71875 0.01640625 0.02734375
4439 0.34453125 0.71953125 0.015625 0.028125
4439 0.359375 0.71875 0.015625 0.028125
4439 0.3796875 0.71640625 0.01875 0.0296875
4439 0.3984375 0.71796875 0.01796875 0.03125
4439 0.4140625 0.71796875 0.01328125 0.03359375
4439 0.4328125 0.7171875 0.01484375 0.0265625
4439 0.4484375 0.71875 0.015625 0.0265625
4439 0.46640625 0.71640625 0.01796875 0.0265625
4439 0.484375 0.71953125 0.0171875 0.028125
736 0.509375 0.71328125 0.0109375 0.01875
736 0.50859375 0.7359375 0.01171875 0.0171875
736 0.55078125 0.7078125 0.0140625 0.0171875
1803 0.546875 0.72890625 0.0046875 0.0203125
1803 0.55546875 0.73359375 0.00703125 0.02578125
1803 0.56484375 0.7296875 0.00625 0.02578125
1803 0.08203125 0.74453125 0.0109375 0.0171875
1803 0.1 0.74765625 0.0140625 0.01015625
1803 0.11796875 0.746875 0.01171875 0.0125
1803 0.13515625 0.746875 0.0125 0.0171875
1803 0.153125 0.746875 0.01328125 0.01328125
1803 0.1703125 0.7484375 0.01328125 0.015625
1803 0.1890625 0.74609375 0.01171875 0.01328125
1803 0.20625 0.74609375 0.0109375 0.0140625
1803 0.22421875 0.74609375 0.01171875 0.0140625
1803 0.240625 0.7484375 0.01328125 0.01640625
1803 0.25859375 0.74453125 0.0125 0.01796875
1803 0.2765625 0.746875 0.01328125 0.01484375
1803 0.29375 0.74453125 0.01171875 0.01328125
1803 0.31015625 0.746875 0.01328125 0.01953125
1803 0.32890625 0.74453125 0.01171875 0.01328125
1803 0.34609375 0.7453125 0.01171875 0.0125
1803 0.36328125 0.74453125 0.0109375 0.009375
1803 0.37890625 0.74375 0.009375 0.0125
1803 0.39609375 0.74453125 0.0109375 0.0125
1803 0.41484375 0.7453125 0.01328125 0.0171875
1803 0.4328125 0.7453125 0.01015625 0.0125
1803 0.4484375 0.74609375 0.01328125 0.01328125
1803 0.46875 0.7453125 0.015625 0.01484375
1803 0.4859375 0.74453125 0.01171875 0.015625
4439 0.1296875 0.11953125 0.01171875 0.03125
4439 0.13046875 0.153125 0.01015625 0.028125
4439 0.19296875 0.08828125 0.01328125 0.03046875
4439 0.19140625 0.1859375 0.009375 0.0265625
4439 0.19140625 0.21796875 0.009375 0.02578125
4439 0.25546875 0.0546875 0.01171875 0.02421875
4439 0.275 0.0515625 0.0109375 0.02421875
4439 0.2921875 0.05390625 0.009375 0.0296875
4439 0.31015625 0.05390625 0.0109375 0.02734375
4439 0.328125 0.053125 0.01171875 0.02734375
4439 0.34609375 0.0546875 0.01171875 0.02421875
4439 0.27421875 0.0875 0.0125 0.03125
4439 0.2921875 0.08515625 0.01015625 0.0265625
4439 0.31015625 0.08671875 0.0109375 0.02734375
4439 0.3265625 0.0859375 0.0078125 0.021875
4439 0.34453125 0.084375 0.0125 0.02265625
4439 0.2921875 0.11953125 0.00859375 0.0234375
4439 0.31015625 0.11796875 0.00859375 0.02734375
4439 0.3265625 0.11875 0.0125 0.02578125
4439 0.3453125 0.11953125 0.009375 0.02421875
4439 0.27265625 0.15078125 0.0109375 0.02890625
4439 0.290625 0.15546875 0.01015625 0.02578125
4439 0.309375 0.15546875 0.00859375 0.03203125
4439 0.32734375 0.1546875 0.009375 0.025
4439 0.34609375 0.15234375 0.0109375 0.02734375
4439 0.3265625 0.18359375 0.0078125 0.02578125
4439 0.34453125 0.1859375 0.01015625 0.0265625
4439 0.2546875 0.21953125 0.0109375 0.03203125
4439 0.27109375 0.21953125 0.009375 0.0265625
4439 0.28984375 0.21953125 0.0125 0.0265625
4439 0.30859375 0.21796875 0.0109375 0.0265625
4439 0.3265625 0.21953125 0.009375 0.02734375
4439 0.34453125 0.2171875 0.01171875 0.025
4439 0.27265625 0.2546875 0.0109375 0.02578125
4439 0.30859375 0.2515625 0.01015625 0.02734375
4439 0.34453125 0.25234375 0.01171875 0.02890625
4439 0.425 0.05078125 0.01171875 0.03203125
4439 0.44296875 0.04921875 0.01015625 0.0328125
4439 0.42421875 0.0859375 0.0125 0.02578125
4439 0.44296875 0.08359375 0.01015625 0.02578125
4439 0.42421875 0.11796875 0.01171875 0.02734375
4439 0.44296875 0.11875 0.01015625 0.02734375
4439 0.42421875 0.14921875 0.0109375 0.028125
4439 0.44296875 0.14921875 0.01171875 0.0265625
4439 0.4234375 0.18203125 0.01328125 0.0265625
4439 0.4421875 0.18359375 0.01171875 0.034375
4439 0.42265625 0.215625 0.01171875 0.02890625
4439 0.4421875 0.215625 0.0109375 0.03125
4439 0.4234375 0.2515625 0.0140625 0.0328125
4439 0.4421875 0.25 0.01328125 0.03203125
4439 0.40703125 0.2515625 0.01171875 0.02734375
4439 0.5375 0.05078125 0.0140625 0.028125
4439 0.55546875 0.053125 0.01171875 0.0296875
4439 0.55546875 0.08359375 0.01015625 0.02578125
4439 0.55546875 0.1140625 0.01015625 0.02734375
4439 0.59140625 0.08515625 0.0125 0.025
4439 0.61015625 0.0515625 0.009375 0.02890625
4439 0.5921875 0.11484375 0.0109375 0.02734375
4439 0.61015625 0.08359375 0.01015625 0.0328125
4439 0.6109375 0.1171875 0.0125 0.02890625
4439 0.6109375 0.14609375 0.01015625 0.02734375
4439 0.61171875 0.18125 0.01328125 0.0328125
4439 0.63828125 0.08984375 0.0140625 0.040625
736 0.55859375 0.1609375 0.0109375 0.02890625
736 0.5 0.06875 0.0140625 0.0140625
736 0.57734375 0.1640625 0.009375 0.034375
1794 0.51640625 0.1453125 0.0515625 0.10078125
1803 0.56875 0.05234375 0.00546875 0.02265625
1803 0.56875 0.08203125 0.0046875 0.0171875
1803 0.56875 0.115625 0.00859375 0.0171875
1803 0.65078125 0.0828125 0.00703125 0.01796875
1803 0.45546875 0.05078125 0.00703125 0.021875
1803 0.45546875 0.084375 0.00703125 0.0203125
1803 0.45625 0.11796875 0.00625 0.01875
1803 0.45625 0.15078125 0.0078125 0.01953125
1803 0.45703125 0.18203125 0.0078125 0.02109375
1803 0.45625 0.2140625 0.00625 0.01640625
1803 0.45703125 0.24609375 0.00859375 0.02265625
736 0.40546875 0.27890625 0.01328125 0.0140625
1803 0.42421875 0.2765625 0.01328125 0.0125
1803 0.14609375 0.05546875 0.00859375 0.03046875
1803 0.1453125 0.08671875 0.009375 0.0234375
1803 0.14609375 0.12265625 0.0109375 0.02578125
1803 0.14375 0.15 0.00625 0.01640625
1803 0.14375 0.18515625 0.009375 0.01875
1803 0.1453125 0.2171875 0.00625 0.0203125
1803 0.20625 0.0875 0.00859375 0.02578125
1803 0.20546875 0.18203125 0.00625 0.02109375
1803 0.20546875 0.2171875 0.00859375 0.02578125
1803 0.359375 0.04921875 0.00859375 0.0203125
1803 0.36015625 0.08515625 0.0078125 0.0171875
1803 0.35703125 0.1203125 0.00859375 0.01953125
1803 0.3578125 0.15 0.009375 0.01875
1803 0.359375 0.184375 0.009375 0.021875
1803 0.359375 0.2140625 0.0078125 0.0203125
1803 0.3578125 0.25078125 0.009375 0.0203125
1803 0.2859375 0.25546875 0.00859375 0.01953125
1803 0.32421875 0.25546875 0.0109375 0.02421875
1803 0.62421875 0.05234375 0.00546875 0.02734375
1803 0.62421875 0.0859375 0.00625 0.02421875
1803 0.62421875 0.11328125 0.00625 0.02265625
1803 0.62421875 0.14765625 0.0078125 0.025