1165 0.23125 0.540625 0.115625 0.28515625
1182 0.71875 0.2609375 0.1875 0.36484375
1182 0.51171875 0.78828125 0.59921875 0.08671875
4439 0.7578125 0.52265625 0.09140625 0.0984375
1803 0.2484375 0.1984375 0.10625 0.07421875
1803 0.396875 0.18984375 0.1 0.053125
1803 0.5578125 0.271875 0.07890625 0.046875
1803 0.56015625 0.3453125 0.08984375 0.0296875
1803 0.653125 0.5140625 0.04296875 0.1015625
1803 0.77578125 0.646875 0.034375 0.0875
1803 0.6484375 0.634375 0.05625 0.0984375
736 0.71484375 0.63515625 0.0359375 0.08046875
736 0.55 0.1828125 0.0734375 0.05546875
717 0.45625 0.5421875 0.309375 0.2796875
718 0.22890625 0.3046875 0.040625 0.08828125
718 0.27578125 0.30390625 0.040625 0.09140625
718 0.33203125 0.3046875 0.040625 0.0890625
718 0.38515625 0.30859375 0.0453125 0.10078125
718 0.44140625 0.303125 0.04609375 0.0921875