4439 0.23042642348968467 0.7997510568870048 0.19408738504764012 0.32768061416679295
4439 0.41574629995311774 0.8289532644379396 0.20810443325224207 0.3199499273985097
4439 0.6088923119551704 0.8585175237095175 0.18760103571156997 0.282964952580965
4439 0.6569197040348933 0.52177306527482 0.1862476139704013 0.322947662371395
4439 0.4675254059284873 0.46364188182618626 0.15807716217500314 0.3149715359079618
4439 0.2251106469514968 0.42317037616884556 0.18622943325224206 0.319822662371395
1803 0.3434384661351417 0.4855754482793566 0.06650676483072289 0.15194429508134383
1803 0.5829766473442802 0.1658861587571576 0.07549087939029935 0.08481133723582164
1803 0.6822999364736958 0.18443214655871334 0.08965337334017516 0.10208065046753823
736 0.697256795081344 0.06967930014950952 0.08329428903121965 0.08329428903121974
736 0.6065727077473264 0.05899580932289168 0.07542724687674199 0.07387383723582164
736 0.5121414516972023 0.07563334259857481 0.07740790339440444 0.14575792759490128
736 0.42776645169720223 0.07514246320827546 0.11803290339440445 0.14599427693097133
736 0.7858153010332722 0.11784915543750792 0.07428290339440444 0.14573974687674202