719 0.306344011758645 0.3215899381639933 0.61268802351729 0.6431798763279866
736 0.6903349886915808 0.5763209910693755 0.08698210085908258 0.11126611474138884
736 0.6721504754625979 0.43778516793111166 0.07448210085908258 0.1109751740119446
717 0.8613258401164904 0.4890060950771883 0.2572680246489437 0.2338347118153475
1165 0.8418332909301445 0.6828463608447576 0.2598463907731741 0.1043654173624308
1803 0.8549684560135784 0.7845906988006603 0.22210072930778502 0.09880509517409734
1803 0.7267240315463488 0.21354954055628533 0.09723792740790582 0.21762521751493064
1803 0.796173394391219 0.21360539836382011 0.07478971732199753 0.20617857123840286
1803 0.8638555393482648 0.2097186385801743 0.08095783016686794 0.20476154160312507
1803 0.9277542650380053 0.20808470981857713 0.08671650723608906 0.19553201196784728
736 0.9533816646869491 0.8885716436141674 0.09323667062610178 0.07758209897381967
718 0.8230777261399664 0.890749126612327 0.11560506784239592 0.09164459897381931
1346 0.6178436765033947 0.2055532429692366 0.053746876978364354 0.16199216014423615
1346 0.6644763370642727 0.18713120450024362 0.06838258706427283 0.17325696846486113