2235 0.28227397403200827 0.8858559592838688 0.3119580779204516 0.2282880814322624
2235 0.8699842540637803 0.8363107603266912 0.23717626623205454 0.2649193028977489
717 0.6829646842544129 0.21426937229605197 0.4184456314911742 0.36705920110742085
1803 0.7503083226487413 0.43366901680509606 0.05761367694751698 0.08172966378737563
1803 0.6766935446455641 0.439119177971578 0.05920345048646745 0.0833922933370248
1803 0.5890980872592377 0.43898067319121603 0.05448867694751698 0.08152940468807693
1803 0.3442351952114616 0.08384738047249997 0.07888865909060953 0.04875647748246605
1803 0.3441300551955755 0.13467869524732462 0.06633411201270878 0.044830441085271476
1346 0.22831018628300784 0.09362529379845021 0.10720457386326192 0.06149630937615382
1346 0.22751925365344797 0.13893779379845023 0.11356366801906326 0.06814682757475107
736 0.2128197796280303 0.219336692626431 0.052707988635914305 0.06892927513842757
736 0.931624326705931 0.2622712854651187 0.05295345048646745 0.08299177513842756