1372 0.0921875 0.3921875 0.0375 0.2140625
1372 0.15546875 0.39375 0.0390625 0.1921875
1372 0.2140625 0.40859375 0.034375 0.2109375
1372 0.27890625 0.40078125 0.03515625 0.19609375
1372 0.3390625 0.409375 0.03203125 0.2234375
1372 0.39765625 0.40546875 0.028125 0.20859375
1372 0.46015625 0.396875 0.03046875 0.2015625
1372 0.51484375 0.39375 0.02890625 0.2
1372 0.57734375 0.39765625 0.02734375 0.2
1372 0.63671875 0.40078125 0.028125 0.2
1372 0.69765625 0.40078125 0.0265625 0.2109375
1372 0.759375 0.39921875 0.02578125 0.21796875
1372 0.82109375 0.3953125 0.02421875 0.20703125
1372 0.88046875 0.39375 0.0265625 0.17734375
1182 0.26171875 0.1109375 0.415625 0.14765625
1182 0.75 0.1015625 0.4078125 0.121875
1182 0.03046875 0.3546875 0.0546875 0.2109375
1182 0.9765625 0.30234375 0.046875 0.1796875
1182 0.95390625 0.65859375 0.06953125 0.3453125
1182 0.50625 0.78828125 0.23125 0.10546875
1182 0.42421875 0.93984375 0.07734375 0.1203125
1346 0.10078125 0.6265625 0.01953125 0.12578125
1346 0.1609375 0.63125 0.021875 0.1125
1346 0.22109375 0.6296875 0.01953125 0.1015625
1346 0.28359375 0.625 0.0203125 0.10703125
1346 0.33984375 0.6171875 0.021875 0.07734375
1346 0.40234375 0.625 0.015625 0.1
1346 0.45078125 0.63046875 0.0203125 0.08515625
1346 0.52734375 0.628125 0.01875 0.1
1346 0.5765625 0.6296875 0.02421875 0.0796875
1346 0.6359375 0.6265625 0.02109375 0.103125
1346 0.69453125 0.621875 0.02265625 0.0796875
1346 0.75390625 0.63203125 0.01953125 0.09609375
1346 0.815625 0.628125 0.01796875 0.09609375
1346 0.878125 0.63046875 0.0203125 0.09609375
1346 0.22421875 0.7359375 0.03359375 0.040625
1346 0.2890625 0.7375 0.04140625 0.0296875
1346 0.75 0.74375 0.04375 0.03125
1346 0.8125 0.7390625 0.03515625 0.0484375
717 0.23515625 0.8234375 0.04921875 0.08671875
717 0.75703125 0.81796875 0.05390625 0.0796875
736 0.20625 0.909375 0.02421875 0.03359375
736 0.2359375 0.91484375 0.03359375 0.0484375
736 0.72578125 0.903125 0.021875 0.0421875
736 0.76484375 0.878125 0.0515625 0.0484375
718 0.278125 0.8828125 0.03515625 0.06875
718 0.67734375 0.871875 0.0328125 0.0796875
1346 0.63046875 0.86875 0.0296875 0.0515625
1346 0.3453125 0.86015625 0.04140625 0.05390625
1803 0.225 0.95390625 0.05078125 0.04453125
1803 0.29375 0.940625 0.0328125 0.03671875
1803 0.3453125 0.9046875 0.03515625 0.05
1803 0.59140625 0.93515625 0.0421875 0.059375
1803 0.67109375 0.934375 0.03828125 0.04609375
1803 0.7390625 0.94765625 0.040625 0.03515625
1803 0.82265625 0.94453125 0.0484375 0.0296875
2235 0.03828125 0.18046875 0.05625 0.08671875