1165 0.8020337808416403 0.4558853128997226 0.15944935533407262 0.2986607332097771
1182 0.3069970928386877 0.709637861710747 0.2431816101144344 0.3888889183263199
1182 0.526848803977483 0.19379457378431386 0.6135990299187896 0.1601786528020412
4439 0.2744501989479525 0.44612099873405564 0.10524630937615384 0.10968751324684387
1803 0.7769369578903677 0.7973659739696484 0.11790699568106326 0.08830358656782167
1803 0.6281990692414195 0.7978620256910796 0.10859255243632368 0.06459326805616747
1803 0.46891610193798633 0.7071155185195035 0.08465440468807692 0.05596231252120454
1803 0.46816632787929285 0.6343228592636764 0.09459060919158375 0.040719258437520445
1803 0.3787266887689197 0.4604885443802192 0.05983367982650449 0.10654266587924913
1803 0.2594085849760067 0.32136653539454446 0.047995013879660674 0.09209821996293313
1803 0.3866917782207466 0.3404116573569106 0.07067105027685514 0.10536211179556502
736 0.31988501002214925 0.33648061470597196 0.04759449568106326 0.08584821996293313
736 0.47467355104282233 0.7969592685195035 0.08213018198597286 0.06522818511654264
717 0.5764632819213744 0.4426214541842004 0.35243789173126705 0.3178720685964723
718 0.799134528063863 0.6916690454765275 0.05424501387966067 0.09231647477225664
718 0.7520592689645644 0.6901809565464532 0.05444527297895938 0.09544147477225665
718 0.6954588155407919 0.686676499830364 0.05434514342931003 0.09387897477225664
718 0.6425643530177205 0.6799106338584476 0.05973355027685514 0.10498016587924894
718 0.5863644177925452 0.6826561771423585 0.06079540252860856 0.09722222958158007