1802 0.48134673307527737 0.45649066331652294 0.41585350100840623 0.32601907668153735
1182 0.8472995150062627 0.43133245603004156 0.18867826785625397 0.5653693927329154
1182 0.21816866192383993 0.6704725124178357 0.17774149581262613 0.34231453000581913
1182 0.1848055968013618 0.29448396832719104 0.1669132564562878 0.3429842097023772
4439 0.6012829026175606 0.2502730010387701 0.05135468639013112 0.06788887272903601
4439 0.6469942403647445 0.2410416511885513 0.050557010895763276 0.07869882697140156
4439 0.6829031512801782 0.6309651495215614 0.04891810124083733 0.055261326971401556
4439 0.6369732922456708 0.6370714993717802 0.043323665102807676 0.0641261439408634
1803 0.7680594012801782 0.6240139057304792 0.028135707677454568 0.06910068636451801
1803 0.7604493610513197 0.5264214286092965 0.029807468321116203 0.07079073212215263
1803 0.7452674854210659 0.3430189972457483 0.027119510895763276 0.07678564060688356
1803 0.7360238893760087 0.25577408876101737 0.026682468321116204 0.07053564060688355
1346 0.6921096344323302 0.369358098762957 0.036461659907027585 0.09929836939505617
1346 0.7017792013963937 0.507639348762957 0.04402278763096845 0.11855855242559432