736 0.78671875 0.29765625 0.25546875 0.5796875
1456 0.29375 0.2421875 0.26875 0.465625
1346 0.50390625 0.23828125 0.10390625 0.3265625
736 0.07421875 0.44609375 0.0703125 0.22265625
736 0.72890625 0.76796875 0.0828125 0.21953125
736 0.8125 0.76796875 0.06171875 0.228125
1803 0.5953125 0.86640625 0.0671875 0.06484375
1803 0.40390625 0.8640625 0.06953125 0.06015625
1803 0.27421875 0.7765625 0.06875 0.08046875
1803 0.1796875 0.83984375 0.04140625 0.1203125
1803 0.1890625 0.63984375 0.0390625 0.121875
1803 0.2765625 0.5875 0.071875 0.0671875
736 0.278125 0.68125 0.065625 0.06015625
717 0.50859375 0.634375 0.1796875 0.309375
736 0.61171875 0.38984375 0.03359375 0.11015625