735 0.7272325450065594 0.28359375 0.530064015502667 0.3015625
1803 0.7132632373399306 0.5234375 0.11664001038216938 0.1515625
1803 0.661603484850269 0.67265625 0.24719278939195172 0.0859375
1803 0.6333889376363967 0.83515625 0.2408517841302798 0.084375
718 0.36302395875367127 0.903125 0.25332096302712276 0.1375
718 0.4160025585136749 0.65078125 0.27528696828879456 0.1390625
1794 0.20462398470909465 0.52421875 0.3309138839608707 0.2625
718 0.507039684299689 0.09375 0.2074624314570917 0.128125
1803 0.7537480843279238 0.1234375 0.26374325256024883 0.075
1182 0.6955410561651876 0.9484375 0.1951752630835923 0.078125
1182 0.12167773591863185 0.871875 0.2433554718372637 0.09375
736 0.37557570861249695 0.7546875 0.23525423151356134 0.06875
736 0.3672402928698336 0.80390625 0.21686825256024872 0.075
717 0.5074073504658754 0.48984375 0.3715697050640278 0.209375