1456 0.3078372368090125 0.6362268288480064 0.615674473618025 0.305080468963812
1346 0.07294361476853936 0.28461537363476275 0.14588722953707872 0.12582722267624522
717 0.634376160441585 0.3406769377502421 0.6320145009180838 0.24262592075921016
1794 0.7587554386112361 0.663237218099059 0.2833219094028149 0.2374737706844554
1803 0.859679694071248 0.5174065676315207 0.10816318636451783 0.024055644417413903
1803 0.7967023645147726 0.8106025766085112 0.136288186364518 0.024219270880847077
718 0.8113709002704674 0.8604934922995557 0.1322384151526908 0.03200449980360816
736 0.2083391742365465 0.15496371419023408 0.105038186364518 0.024037463699254767
736 0.504225501207948 0.10795131704234558 0.4263385857653933 0.21019417407885985
736 0.4079909376931522 0.9042268742239379 0.43861544515850975 0.18840098731057645
736 0.7091535355865171 0.5151587872827038 0.09540809484924892 0.020857921544777013