735 0.620733845036651 0.18192981988648801 0.25002068739853733 0.36385963977297603
735 0.870717419542283 0.17332083519093672 0.24900449061684568 0.34664167038187343
717 0.08070673767924093 0.3211163132321421 0.16141347535848186 0.24562020060802237
717 0.0705758538771646 0.80651264376449 0.1411517077543292 0.25812020060802254
717 0.5864152952494116 0.7379908650583966 0.1613409636295394 0.257419863649884
736 0.3449033185535474 0.15888959136958153 0.10211951089576328 0.07894735376405224
736 0.385998940073302 0.3955964125103891 0.13813342055068922 0.10378552768032882
736 0.17913839079026564 0.8137919500765497 0.14038433540139544 0.09141286167271759
736 0.7468339891811112 0.7945552469598883 0.07287976114786474 0.15098417984777585
736 0.86151883807616 0.6473208082148642 0.09645937278026225 0.13169035178688587
736 0.43875868127122564 0.6326069811797387 0.12411447921687965 0.1483976907221905
1803 0.06664478364651985 0.5871087277568785 0.1332895672930397 0.10691052768032883
1803 0.22888629055783455 0.5702674431564675 0.12119729282674854 0.08439885771838504
1803 0.2456249483711752 0.30861236015266186 0.06384325075630456 0.22228617688202607
1803 0.18624459453244788 0.3445299555137572 0.07237701659574647 0.1883568458553869
1803 0.7723467134543125 0.5411119119789165 0.11643338317182242 0.06083402372599629
1803 0.84912737076345 0.4234668141463632 0.11487088317182241 0.06077035672980173