719 0.17435749082879998 0.5506181294300337 0.34871498165759995 0.8268887411399325
1165 0.5932626712201234 0.6898226204956042 0.1440348079967011 0.12291752965749528
717 0.5703098706787626 0.405939710419492 0.18062082884638359 0.2539420365775774
717 0.8920030142522719 0.39907430920344733 0.10579066191590947 0.14945085475263548
736 0.5318825535108616 0.6002454673395742 0.040108174452321774 0.03752917490485981
736 0.5908854804704656 0.5837954549822845 0.044704746239076346 0.034595175893442943
736 0.46609739528936894 0.3134258996588078 0.02337531551854859 0.05245383794672147
1803 0.491026850620503 0.2343777282139891 0.03050585391920819 0.02933467292769345
1803 0.5500979737400411 0.21558396585669942 0.03523881802583091 0.031088173916276673
1803 0.7292242179340533 0.46891325981146964 0.052773310503983595 0.09734984387822046
1803 0.8613965572717852 0.6195923976444604 0.020159387305303155 0.04920150395433272
1803 0.8501672037482884 0.4959784841083071 0.02783549498543536 0.044832338935304604
4439 0.9045388035108616 0.5850608887472118 0.08080738229073817 0.09537084980971962
1803 0.8778054365930226 0.18974573015397442 0.04804034639736088 0.09559634288963736
718 0.8386065442731546 0.19602490505883421 0.048358595143719894 0.10653384288963733
736 0.838315724597971 0.366927654070251 0.023375315518548233 0.05245383794672147