1456 0.44921875 0.2484375 0.71171875 0.278125
1456 0.44375 0.64609375 0.7 0.27109375
1346 0.4265625 0.871875 0.55546875 0.11796875
736 0.07421875 0.0671875 0.0875 0.06484375
736 0.47109375 0.06953125 0.09609375 0.0609375
736 0.5640625 0.059375 0.07265625 0.05703125
736 0.77265625 0.06328125 0.0875 0.06171875
1803 0.66328125 0.0609375 0.09765625 0.0484375
1803 0.66953125 0.4578125 0.06953125 0.04609375
736 0.46328125 0.46328125 0.13515625 0.06796875
736 0.565625 0.45859375 0.0765625 0.05625
736 0.79140625 0.46015625 0.11171875 0.05625
736 0.04765625 0.93984375 0.09140625 0.0625
718 0.31953125 0.9671875 0.19375 0.02421875
1803 0.54375 0.97109375 0.14375 0.0375