735 0.7823628367639424 0.27956436170927207 0.4161491518867795 0.2614387886393746
1803 0.4658716702291795 0.3525801526944351 0.09894962852981451 0.13166489926336586
1346 0.20363111685133198 0.056999126967636184 0.06721624373179384 0.05927644703379287
1346 0.13231004631821858 0.05415798625424513 0.08293217194503918 0.06349405347041022
1346 0.18184103338609486 0.016543007793670142 0.14805706677218972 0.033086015587340284
1346 0.6148270296251711 0.0160438501063803 0.11198317445232178 0.0320877002127606
736 0.6334011848771629 0.056694580282489915 0.07742631802583091 0.035041271539425024
736 0.5896140809579548 0.03157424798318763 0.05054556927947225 0.022246340597175517
1803 0.641335705331134 0.03343739674235038 0.045858069279472245 0.021918558666190323
1803 0.5715233105039836 0.05554162570712845 0.036710389812585474 0.029075494804219892
717 0.5445265529821361 0.12318794761487055 0.21495506175762494 0.09923444753799596
1803 0.2806830133278352 0.17608262671553462 0.044613818025830906 0.03274679802252858
1803 0.4534218313536661 0.1937514559127438 0.061483069279472245 0.023011165102807672
1803 0.5164757608205527 0.18151389984444352 0.061483069279472245 0.023011165102807672
736 0.5278679018867795 0.19637407533881138 0.05684103338609479 0.024245883171822503
736 0.34898673244902273 0.12903302807258743 0.13334134890464328 0.08105289406758573
1803 0.3348991518867795 0.20986776483103564 0.04479567445232169 0.038996798022528624
1803 0.27694189937949704 0.23584003896835073 0.05265363855894432 0.04110560124083733