1794 0.12265625 0.18515625 0.1953125 0.28046875
1456 0.54140625 0.60234375 0.34453125 0.69296875
717 0.2765625 0.64921875 0.15625 0.26328125
1803 0.08671875 0.578125 0.08828125 0.0796875
1803 0.090625 0.7140625 0.08359375 0.0921875
1803 0.0859375 0.84921875 0.0890625 0.0828125
1803 0.29375 0.3453125 0.0890625 0.0875
1803 0.2765625 0.14453125 0.05078125 0.153125
1803 0.35625 0.15703125 0.05390625 0.16875
1803 0.4375 0.146875 0.05 0.16171875
1803 0.5171875 0.14765625 0.05390625 0.1578125
1803 0.603125 0.14375 0.05234375 0.1734375
1803 0.684375 0.15 0.05625 0.17421875
736 0.78984375 0.21015625 0.13828125 0.33359375
736 0.7828125 0.6890625 0.125 0.39140625
1803 0.2890625 0.8609375 0.1046875 0.09453125
736 0.29375 0.459375 0.08515625 0.07734375
736 0.08828125 0.43671875 0.08984375 0.090625