2235 0.4705031739466824 0.19639529449216878 0.12321384364130097 0.13190450585373248
2235 0.6002223669791602 0.25493502321853817 0.11565643515657005 0.13498405405833439
2235 0.7246163312234654 0.3056349808676687 0.1161666181871082 0.1412340540583344
2235 0.8565357530441158 0.3719962999531178 0.12228907242947358 0.13970791549465283
2235 0.4098363541022826 0.30458452351312576 0.12114116061076281 0.12564541549465283
2235 0.5509234818322885 0.3780270895735127 0.13038861485312836 0.12413745764913058
2235 0.674408650318959 0.4271600020431035 0.11265898091420468 0.13652837334017515
2235 0.8071093221396095 0.49352586630809225 0.13179161818710802 0.14132495764913067
2235 0.3596126977435835 0.43547999950902067 0.12126870636839744 0.12720791549465282
2235 0.48548941365487863 0.494778252337691 0.1123082945496865 0.11309996369925486
2235 0.6258750397178946 0.559627068398078 0.12350088606495557 0.11628859621281222
2235 0.7557855513868242 0.6205105471244474 0.1273911606107628 0.12568177693097127
2235 0.30457399562724996 0.5647857044276767 0.11256338606495557 0.11622496369925486
2235 0.43059423275037234 0.6162760024358869 0.11865388939893542 0.1334397347764936
2235 0.5629600647227437 0.688106071521336 0.12946384364130098 0.13194086729005097
2235 0.6997742806340388 0.7474679568635636 0.13603257909743344 0.1741465480082102
1182 0.2368451353160496 0.347307312937129 0.22283069061658178 0.2808510659621911