717 0.684094510636667 0.5641322625188951 0.38794294319798633 0.3768017785862593
717 0.2981037656706602 0.6064067076242765 0.11348323138263901 0.11583637357870132
717 0.31190842648048644 0.4285470181335028 0.1236583183886113 0.1507574051487323
4439 0.3969939009292712 0.5310265470021107 0.06242857123840277 0.0676117052052021
4439 0.38825664019569495 0.6249207601704079 0.057741071238402865 0.06733868942018653
2235 0.140800411947188 0.6190901761954197 0.09996493882958339 0.07135833148532651
2235 0.16030825246854197 0.3510605130130053 0.10327177678548613 0.07935284200867017
1803 0.23494522976711835 0.3733520129424181 0.022893292553055566 0.04502407366340586
1803 0.21754474990309078 0.6313619340173403 0.01965918977951393 0.04015456314006229
1803 0.22241278143822965 0.5723509550640278 0.02292966014423614 0.046586573663405774
1803 0.4703976461796186 0.667934283777344 0.019622822188333444 0.03859206314006212
1803 0.43809363924576433 0.6543499259130711 0.02292966014423605 0.046586573663405774
1803 0.3838425503399311 0.6699147417545565 0.03957164627652778 0.02415013154179633
1803 0.4591678990294102 0.5877007522073129 0.03655574905006951 0.028655621018452492
1803 0.46249226757052125 0.5629282653614925 0.033394381458888844 0.026911110495108838
1803 0.4619649374984032 0.5402720153614926 0.034956881458888846 0.027002115756780753
1803 0.4644716884483337 0.5138915258848362 0.03957164627652787 0.02415013154179633
1803 0.4669420718070837 0.48594853640817987 0.039680749050069505 0.028837631541796326
718 0.4717925727570142 0.4597045548240314 0.04593074905006951 0.02920165258848364
718 0.45662478048829913 0.6125187416839692 0.05054551386770836 0.026349668373499214
1803 0.39595742458062533 0.48649529700211075 0.03343074905006951 0.028473610495108836
1182 0.13133188012770874 0.4804449051487324 0.13928331838861124 0.15166745776545093
736 0.48936062604364616 0.4100153679640936 0.029179660144236053 0.04695059471009326
736 0.4557123246568754 0.4057150048381488 0.02292966014423605 0.04658657366340595
1346 0.3981907653863198 0.41484781015629046 0.03750130642076392 0.06928062101845249
1346 0.23240276443638921 0.4317182497882385 0.02910692496187508 0.043825594710093264
736 0.23002395326597264 0.4971157366340589 0.0214398953265972 0.04962056840173403