1794 0.51328125 0.38212245902555075 0.1375 0.11493834138279588
717 0.5140625 0.5133951910788621 0.165625 0.1688816953020041
1182 0.56953125 0.7798529168639672 0.1140625 0.14550637978345565
1182 0.4515625 0.22876412681395486 0.1734375 0.15817151583511757
4439 0.55703125 0.6888642040109858 0.05625 0.048511707838416386
718 0.49296875 0.705750175639456 0.059375 0.03297763605166182
1803 0.5640625 0.6375062924907879 0.0453125 0.027880959092057723
1803 0.50390625 0.6763809243858147 0.04375 0.026272994985435005
1803 0.49453125 0.6448581397460786 0.0390625 0.02301160266556703
1803 0.4859375 0.6172643371596538 0.05 0.02801735141192587
1803 0.42109375 0.6380338267348126 0.0328125 0.04782974623907634
1803 0.41015625 0.5728718279884537 0.03125 0.036846782132453626
1803 0.39921875 0.5077098292420951 0.028125 0.04144335391920819
736 0.55859375 0.6076596681176085 0.05 0.031142351411925874