735 0.3359375 0.309375 0.1703125 0.196875
2235 0.31484375 0.63828125 0.1 0.09453125
1803 0.3265625 0.50703125 0.04140625 0.1140625
1803 0.4484375 0.70078125 0.1140625 0.04140625
1803 0.509375 0.28125 0.09765625 0.0484375
1803 0.5171875 0.359375 0.09453125 0.05078125
1803 0.51171875 0.4375 0.09296875 0.040625
1803 0.51328125 0.51015625 0.08984375 0.0484375
1803 0.51796875 0.590625 0.1109375 0.0578125
1803 0.5109375 0.64765625 0.0984375 0.040625
718 0.653125 0.66875 0.1 0.0671875
718 0.66171875 0.59375 0.08515625 0.0765625
718 0.6640625 0.5140625 0.08671875 0.0875
718 0.66484375 0.425 0.08515625 0.07734375
718 0.66328125 0.25390625 0.09765625 0.07421875
718 0.6625 0.3296875 0.08359375 0.08125