735 0.47890625 0.44375 0.22734375 0.19609375
718 0.68359375 0.08046875 0.10390625 0.0921875
718 0.6171875 0.1921875 0.11796875 0.08515625
718 0.55546875 0.3015625 0.10234375 0.0921875
718 0.3734375 0.6140625 0.11953125 0.084375
718 0.31328125 0.728125 0.1265625 0.07578125
718 0.253125 0.85078125 0.10859375 0.09921875
736 0.325 0.8421875 0.05078125 0.03203125
736 0.41953125 0.68203125 0.05625 0.0390625
736 0.45234375 0.61953125 0.040625 0.03046875
736 0.60078125 0.35390625 0.04609375 0.040625
736 0.6390625 0.2953125 0.0453125 0.040625
736 0.73125 0.1375 0.05234375 0.05859375