1182 0.8689582980084163 0.3136449570595792 0.2511905108845912 0.27191831555913665
1182 0.8436854132625424 0.8131899307512199 0.23685519237293703 0.2632867682040899
1182 0.04829856842683627 0.7448644499435303 0.09659713685367254 0.22097889988706054
1182 0.057777767106709066 0.2661857130977099 0.11555553421341813 0.2145468893637168
2235 0.33976180509517434 0.7619202312312127 0.09350200725639413 0.17697129465362363
2235 0.3925322072642433 0.28198210224966525 0.09459328130301126 0.20822129465362355
1165 0.486894820873907 0.18022915742663245 0.06432044954451292 0.1004242052052021
1165 0.4574527913001763 0.6646573653332577 0.07838294954451293 0.10124325256024883
718 0.28835811715304266 0.1490947365634717 0.08639385698624161 0.06272678413027988
718 0.28509421869698875 0.2201429839326358 0.08935516587924912 0.05822129465362354
718 0.2872073010036411 0.31655525234848725 0.09415179328391084 0.06161931043863902
718 0.27787445182194775 0.4044724813017998 0.0828869110699257 0.051607273606936135
718 0.2084051668907394 0.6900767813582697 0.04796627404661713 0.03398015785015538
718 0.2067136921184829 0.7385142813582697 0.048020837748947984 0.03554265785015538
718 0.20596715845321892 0.7823097839891056 0.0493105192372937 0.027821163111827297
718 0.20047856108562412 0.8273947708349259 0.05265377404661713 0.034253173635170955
1803 0.26847957133724315 0.6959242339326358 0.04160714664195542 0.030491136803468065
1803 0.264471628416152 0.743443976040128 0.04484127404661713 0.033798147326811724
1803 0.2615450358578807 0.7824154707784562 0.04796627404661713 0.03398015785015538
1803 0.2605529655321278 0.833242223409292 0.048020837748947984 0.03554265785015538
717 0.5986557216922137 0.2751992941595134 0.21966769237293704 0.2622857103256996
717 0.584856050285851 0.7824580573136929 0.19521332939624542 0.2764546261389501