735 0.164498998301957 0.21493971965118314 0.32018659623477375 0.29237943930236626
735 0.6569368221760803 0.2217094327612627 0.3180233189368778 0.28299534894328654
1456 0.21970904148209836 0.6377595961146163 0.11145673658176473 0.0818681444174139
1456 0.698866812919898 0.5835372670702181 0.10132027297895937 0.09430451190385654
4439 0.2767846545311934 0.4194232074527388 0.07391716378737563 0.05665906615858276
4439 0.8269651272332975 0.41325255902830416 0.07744268198597268 0.06292724687674216
4439 0.36566668182908935 0.42931181274073726 0.06444203423772628 0.05504202400410509
4439 0.3740823542543382 0.31690271633153344 0.07421755243632351 0.06134656615858276
1346 0.34514103562200227 0.5721078459182245 0.05334384793281668 0.07684430113146803
1346 0.41257885949612555 0.576404981358648 0.03948160703211538 0.07988748789975161
717 0.2194203423772624 0.5479476623713949 0.0648425524363235 0.06129202400410509
717 0.7012525308416402 0.48671226404515605 0.06836807063492074 0.06756020472226432
1182 0.4571832672665215 0.9312197463857628 0.3657437183831675 0.07709987294739165
1182 0.31171367365264135 0.7694959303253758 0.16211807063492073 0.0681056262670415
1182 0.7607321645533427 0.7689844085607659 0.18106832973421944 0.07133971057599667
1182 0.8376990615356222 0.06891220656897605 0.1307679410852714 0.06636131908544902
1182 0.390763504780362 0.08974077351312577 0.12481832973421944 0.07101245764913058
736 0.32227283697859155 0.6539754694547913 0.04973918414544114 0.020594301131468207
736 0.15747105490033367 0.5561777980082102 0.025279404688076924 0.053252265027114734
736 0.22181535471576352 0.48782777380771336 0.04535207279438911 0.025254530054229285
736 0.3761721876891855 0.4957544241770558 0.0607768136950904 0.022220433645025395
736 0.6283156785898869 0.494097517168414 0.03299177513842757 0.0517352168225127
736 0.6984791818290893 0.4312480592246958 0.049939443244739756 0.023719301131468206
1803 0.29459032309893096 0.5632232044276767 0.027142293337024892 0.05794885538619425
1803 0.28882238201365945 0.4975891140685971 0.02986677513842757 0.05171703610435348
1803 0.2010336829088235 0.40726812021691716 0.05795220234403846 0.02688975292686635
1803 0.35908721236618774 0.37538738202257804 0.04777616594684382 0.014335210772388507
1803 0.692600619213733 0.3882611285065366 0.05442668414544123 0.02062157220870704
1803 0.7773341694905882 0.4918406464605175 0.026441386489479513 0.047011355386194255
1803 0.7682910340808426 0.42384462538327855 0.031329145588778216 0.05016362646343318
1803 0.8275275293004807 0.33672187528508274 0.03036742288667398 0.05952953610435348
1803 0.3775694972222229 0.2372652133064713 0.02800388648947969 0.047020445745273864