2235 0.4421550516711113 0.18472216334736039 0.12009690729444458 0.12909227767481418
2235 0.3497513057551738 0.2794295173383771 0.12147756933854179 0.12133434137714509
2235 0.2635248246568753 0.3707936165200705 0.11675370174736122 0.11960815027015244
2235 0.17288360049243096 0.4740401568087564 0.1293264369297223 0.12316965988879928
2235 0.5401944677992712 0.2649602456540127 0.10926851006798621 0.13339783175849823
2235 0.6423037880877434 0.352093168704838 0.11984233415618065 0.11815477767481415
2235 0.7507903949453476 0.44447658694633974 0.12002417211208324 0.12596727767481414
2235 0.45482197188333373 0.35942206298454066 0.10875936379145834 0.11152283175849816
2235 0.5522801597629865 0.44828117714235843 0.12325827488562506 0.13076390507947586
2235 0.6693968842117713 0.5419269950210406 0.1252571859797918 0.1495684687818068
2235 0.37273813012770873 0.46080600291040685 0.11689917211208342 0.12585815027015243
2235 0.4701599504161811 0.5481026170682247 0.11391964247680555 0.1319990228654909
2235 0.5768658517267019 0.6311655990120574 0.12809124525034718 0.13717759618646852
2235 0.2802616490294102 0.5523883569014236 0.12463893692972228 0.12300596878180663
2235 0.37995448413552135 0.6364781255057451 0.11998780452090285 0.12440477767481414
2235 0.4870422451534381 0.7359473574495778 0.1268196859797918 0.14962303248413739
1182 0.6813993896270141 0.18418641689073942 0.25803593123013896 0.28690975607526775