1372 0.5293127976383668 0.415625 0.45185933135366607 0.225
1372 0.5663184233316945 0.8890625 0.4252059031404206 0.221875
1346 0.2830766436400163 0.47421875 0.07499530298213619 0.1609375
1346 0.22485862984996272 0.35390625 0.07690479546028879 0.2265625
1346 0.2531544967678017 0.75078125 0.09116587226160835 0.1796875
1346 0.31006842333169443 0.8890625 0.06915447994174029 0.175
718 0.866274554697996 0.165625 0.061432908154985456 0.178125
718 0.9014448957515875 0.6484375 0.06249530298213628 0.1609375
1346 0.8246864482715051 0.171875 0.06475648495630537 0.13125
1346 0.8494050226320493 0.66484375 0.05101223370266368 0.1421875
4439 0.7780661978757937 0.32421875 0.08044366943775678 0.0796875
4439 0.8033758056224325 0.796875 0.07433006175762458 0.084375
1803 0.8421276640274804 0.02890625 0.0751196719450391 0.0578125
1803 0.8717837909744492 0.51328125 0.06363660266556721 0.0390625
1803 0.8563644133025645 0.8015625 0.0333413489046432 0.071875
1803 0.8290293043022844 0.31796875 0.03981866943775678 0.0796875
1803 0.7922674387045937 0.4 0.070022994985435 0.04375
1803 0.8288866194916285 0.88671875 0.06703438730530316 0.0484375
1182 0.4376039854185236 0.184375 0.1371483105039836 0.0953125
1182 0.4551692893250966 0.6546875 0.14165395407749273 0.0890625
1182 0.12135451128277108 0.5984375 0.24270902256554217 0.803125
1182 0.6213605229612537 0.04453125 0.15057431301126592 0.0734375