1456 0.38199813865002946 0.375585364875608 0.37200048275037245 0.6253026226801562
1346 0.692378560760544 0.10285971532324571 0.14167680121764636 0.15140378729346105
717 0.719529058054784 0.6740526690441101 0.3100106657809105 0.629370074586922
1794 0.4211866371522174 0.8365774285779388 0.26594296182840915 0.2803869375636136
1803 0.5791264250339442 0.9199951077040318 0.036925657276782965 0.10879464664195523
1803 0.282347148821147 0.8917138179635 0.03922148091420459 0.13691964664195524
718 0.2364765394280305 0.9119246250424091 0.04665134364130097 0.1325049651536098
736 0.8395720383407687 0.22641132112836101 0.03510806576151389 0.10561508293962456
736 0.9008046974294736 0.516984246626257 0.19839060514105283 0.4233184820286507
736 0.13773743986767578 0.5135119176933476 0.22726258334949723 0.43639883538669527
736 0.5598507823010288 0.7697495710435429 0.03121779121570665 0.09613095553496294