719 0.48984375 0.15390625 0.78125 0.2828125
1165 0.27109375 0.5828125 0.09921875 0.128125
717 0.5578125 0.59140625 0.2296875 0.1421875
717 0.50703125 0.909375 0.13515625 0.08359375
736 0.371875 0.5328125 0.03046875 0.034375
736 0.37734375 0.5921875 0.028125 0.03984375
736 0.66875 0.49921875 0.04921875 0.01640625
1803 0.74296875 0.5328125 0.02578125 0.0265625
1803 0.7515625 0.59296875 0.025 0.03046875
1803 0.4671875 0.74140625 0.09140625 0.0375
1803 0.29296875 0.85546875 0.046875 0.01328125
1803 0.41796875 0.8578125 0.040625 0.02265625
4439 0.31953125 0.9015625 0.08515625 0.0671875
1803 0.71796875 0.91875 0.08984375 0.0328125
718 0.71875 0.8796875 0.1015625 0.03125
736 0.5484375 0.86015625 0.05078125 0.015625