717 0.51953125 0.059375 0.1078125 0.059375
717 0.50390625 0.23046875 0.225 0.21015625
2235 0.65625 0.621875 0.15234375 0.059375
1794 0.36328125 0.62734375 0.2578125 0.2453125
2235 0.4953125 0.440625 0.21484375 0.06640625
4439 0.846875 0.42109375 0.11640625 0.06328125
718 0.8640625 0.071875 0.13046875 0.04765625
718 0.57578125 0.91484375 0.11328125 0.05390625
1803 0.84453125 0.14765625 0.0984375 0.03984375
1803 0.8375 0.2265625 0.11796875 0.03984375
1803 0.47421875 0.79375 0.07890625 0.0421875
1803 0.4390625 0.91875 0.075 0.03359375
1803 0.171875 0.2046875 0.11328125 0.0390625
1803 0.175 0.27265625 0.10703125 0.03984375
1803 0.17890625 0.34453125 0.09375 0.0484375
736 0.17734375 0.06328125 0.09140625 0.04609375
736 0.16640625 0.13515625 0.08203125 0.0546875
736 0.84140625 0.3109375 0.09921875 0.04921875