735 0.34468997362497117 0.6904022522763116 0.19436147483619653 0.2229410020669146
2235 0.29489411972664187 0.3679857508285695 0.11117505357072241 0.10821922249740998
1803 0.3176440527632388 0.49572760711487585 0.05360801542127547 0.11958906203449331
1803 0.42201177313520855 0.285564894956548 0.11808752678536116 0.0570205955329393
1803 0.5195263323912691 0.6916264962804556 0.10257162094116268 0.06254284946188057
1803 0.520890009338786 0.6135014962804555 0.09947389448011279 0.06395980024766904
1803 0.5081775495168279 0.5368127177444083 0.09774775324641087 0.054512025640563164
1803 0.5039770190780187 0.4644111788692788 0.09632162094116267 0.0622517510334573
1803 0.5014753563339612 0.3841243653870434 0.11682503571381489 0.07413532092583344
1803 0.4891623169666984 0.3292741995474432 0.10243525324641087 0.05473034946188075
718 0.6288521083625562 0.2868597595150219 0.10758640340856669 0.08151117328319835
718 0.6439765020318902 0.35953312614041044 0.09366027110331832 0.08866870181924558
718 0.653536688314898 0.4379299538906694 0.09856595941492116 0.10138702564056316
718 0.6621519833642038 0.5257381689444813 0.09368754464226861 0.09023120181924557
718 0.6755854176186167 0.6952865355698699 0.10616027110331831 0.08925089867609248
718 0.668300797488233 0.620686795908952 0.09374209172016937 0.09335620181924557