1372 0.31303814338815567 0.858726606491194 0.17857275025210156 0.08151548138875028
1372 0.32635188039870544 0.7692103422231705 0.17613616510280766 0.06894270678164424
1372 0.33486885676559347 0.6810382541338292 0.18293246832111637 0.0770463052100677
1372 0.35637750602895935 0.5864171129013348 0.18649451089576327 0.08344185442427943
718 0.5224674097318006 0.7556145308078497 0.05963707995351371 0.0510573858558109
718 0.5344535935240418 0.6738743792362731 0.056512079953513705 0.050911836641599
718 0.5474013437761431 0.6008007522718024 0.05629355866619044 0.047786836641599176
718 0.5611849743500757 0.5269822626108847 0.06276207995351371 0.051202935070022625
1803 0.5115791862149042 0.7880267704687676 0.07060743094224939 0.02976458271265763
1803 0.5287609683979909 0.7104475800220614 0.07049817029858776 0.028202082712657627
1803 0.5371304792937541 0.6355931292362731 0.07696669158591121 0.03161818114108108
1803 0.5534763811550101 0.5587588014860141 0.06323197351689647 0.03565070967712849
1182 0.6359782526747646 0.802442489037236 0.10957137797604233 0.09699062406898662
1182 0.6638568702592468 0.6391441224118475 0.15999698491686284 0.261309989246633
2235 0.5083834943768915 0.8897712069865321 0.11983117080279086 0.17689644789030404