1182 0.646636120106586 0.7777382659134586 0.13275905068427196 0.13121473201781733
1182 0.830283319422314 0.6458962778883233 0.16099313868554468 0.1409169960216353
1182 0.53903796875 0.033979271875 0.1073104984375 0.2956703078125 0.1824429671875 0.3690020875 0.5974239625 0.10828641875 0.53903796875 0.033979271875
1802 0.6341408320337257 0.24109224124764034 0.38210671204645247 0.3465873827179976
1802 0.40917828938572487 0.3812285346117298 0.38548625071608866 0.36849874538508853
4439 0.4301111440960865 0.7029035399427299 0.07125792934436319 0.08206816000954512
4439 0.7781470127307244 0.4628843305617775 0.06951361600890867 0.06642497867599957
1346 0.7137668867361332 0.5034826059039135 0.06635225334181775 0.06326361600890866
1346 0.5036480940881323 0.6434461765993212 0.0694954346753633 0.06486247867599956
718 0.4757605461091313 0.7984791219366848 0.06942270934118148 0.05861247867599957
718 0.8712163074076784 0.5375928818825964 0.052089758672817864 0.045912484006999675
1803 0.5107344354312227 0.7152484512651395 0.06155566534054522 0.05383407200827221
1803 0.5463543094366317 0.754683121260367 0.0583215773392725 0.04442270934118149
1803 0.772043010741542 0.5426536465627321 0.055232940006363404 0.047511346674090585
1803 0.8115236814130873 0.5781366132240959 0.056686352005090514 0.03815452800763595
717 0.7109969700827234 0.6011843092377772 0.12020450668363551 0.12638178134945371
717 0.6304014980903595 0.6583797385821402 0.14538632001908985 0.14229768268618095