1794 0.48876893131473487 0.4988822189240791 0.2139711020792369 0.1960236734939967
717 0.3767075618135659 0.46885235565695993 0.12126153859206372 0.12217737884037305
718 0.43287597405598355 0.3948009346526249 0.04633147095570571 0.057144642065139896
718 0.5883904230163651 0.47752388743875257 0.04273287427505377 0.050712631541796324
1803 0.6129769485361743 0.4302015664061827 0.05116068091374952 0.03875866311182748
1803 0.4803672033100591 0.35314478469497723 0.0491245842330974 0.03241765785015547
1803 0.3568784686573988 0.5765661451194989 0.044176975104890735 0.04924113680346807
1803 0.30666590372033325 0.5514898213855057 0.04476897095570589 0.05705363680346807
736 0.39705318276462737 0.6006715030543589 0.047775571785542856 0.0556731473268119
736 0.441370945212182 0.6214243478350394 0.05066377344521662 0.052730157850155376
1182 0.6371392667972321 0.27556727431280786 0.21226689212119326 0.21459166297065302