1802 0.24645438182618626 0.4591704057758331 0.4822237101832133 0.4471023504924309
1802 0.7094629210537977 0.40151241499079804 0.4885191619786113 0.4550603208571532
1182 0.45251244252382 0.15277101614881908 0.8452317285299777 0.27432599923750073
717 0.44288097169428653 0.7804238906738539 0.17289312021691713 0.1790004350298613
717 0.5982906343602691 0.7666490653513884 0.1495374334486339 0.19251742116215276
1182 0.7381939925751337 0.9079435997363188 0.23035109621281205 0.11940853590354195
1182 0.3469377334999474 0.9428349313270484 0.28338519262201595 0.10502003400368096
1346 0.7585327218906783 0.643371953459791 0.14247839149054772 0.05330945079743081
1346 0.27676509230398716 0.6999038553389928 0.14092498184962743 0.05483558320625015
4439 0.09019633322880091 0.7300310324850694 0.09886474687674204 0.07572865824437507
718 0.10889685713471013 0.8553940551864929 0.09242384933607006 0.04277068787965277
718 0.9502353789484179 0.7560680559489923 0.09952924210316424 0.05396276101791671
4439 0.9358173845566607 0.6290879818607978 0.11916815651766229 0.07463893692972227
1803 0.8105088332288009 0.7132655729508327 0.10496930113146803 0.05087412860909737
1803 0.8147514265147467 0.7709871539728812 0.09402271077238851 0.04905705547083343
1803 0.23035370061704769 0.7806823830744095 0.09399543969514967 0.04436955547083343
1803 0.254163905339312 0.8441993692067011 0.11283634328594587 0.06043096656499998