1456 0.29163440799060036 0.91641346162004 0.3056056262670414 0.16717307675992005
736 0.6494661304704539 0.6783971031281439 0.20712267447164337 0.16562869046151912
736 0.6760892804470128 0.26695104026567085 0.22899767447164338 0.16728627884380157
736 0.3199625211754347 0.08442807988341991 0.1803238251355732 0.12299090456874776
736 0.18472848224241084 0.22190200124939982 0.1960215480082102 0.13667489627037802
736 0.1831063740275462 0.36637405166431836 0.2022442769309713 0.13246099295103014
736 0.23640304908836468 0.6095805226200242 0.17727154800821018 0.13525410622842174
736 0.09178420984903267 0.743100649794863 0.18356841969806534 0.1344020012493999
736 0.3769467567374953 0.4998647483496148 0.1819590480082102 0.13560930373891084
736 0.028277973461812128 0.3788712838181789 0.050327252926866226 0.0600387734452168
736 0.10969510334309081 0.6249901898368192 0.053443162567786605 0.05871307178554268
736 0.30792300420341245 0.8103985840326049 0.09081589754067192 0.039679651869455414
736 0.31374627820751755 0.7498754811281754 0.04713862041330898 0.04886447510489074
736 0.5374463568591322 0.9834620195081355 0.10335225897699055 0.033075960983729044
736 0.5386912151721928 0.9107341612167323 0.06928633118569749 0.09739706348717299
736 0.8626695915374298 0.8422740394404784 0.13789088544042372 0.07760662697434598
736 0.7876797236582039 0.5661599801024901 0.1425329336450254 0.07014932448483524
736 0.6931399041799714 0.42612513072254565 0.13311248184962743 0.06162642946385706
736 0.41457908782499686 0.3456158788484459 0.07833407825883114 0.04185745850815117
736 0.3243904250608185 0.26374872697899054 0.05347952400410509 0.06496307178554286
736 0.45986535850945226 0.08486855561301056 0.04886474687674216 0.07710787427505375
736 0.8472608193800367 0.1322002998134405 0.1284704336450254 0.06908373195336796
736 0.8309040454741276 0.25679755811181026 0.05032725292686635 0.0600387734452168
736 0.9019018258229442 0.4130251699393094 0.14252384328594586 0.06858682448483507
736 0.8086184166730032 0.7287550684847725 0.055023843285945874 0.06195647095570589
736 0.5176581151487516 0.495676923664287 0.05506020472226432 0.06820647095570571
1803 0.08963609163562586 0.848569399794863 0.08769089754067198 0.03944285352912935
1803 0.04014567262493157 0.6228464267645647 0.03939884328594585 0.060772479254075584
1803 0.10908254586691087 0.4615905406666562 0.08609203610435348 0.03307445435896632
1803 0.11347915437636309 0.5119457381771453 0.08769089754067197 0.03944285352912935
1803 0.07568371770627552 0.5598854080932327 0.08763635538619427 0.03006785352912935
1803 0.08162672902095701 0.07574720643355877 0.07831589754067199 0.03873245850815121
1803 0.1602557230690287 0.12938261452679148 0.06265453610435348 0.03129846680652095
1803 0.19581194886853187 0.0632965958554595 0.04402271077238855 0.05019017676456468
1803 0.3947796722321481 0.3902296392214081 0.07199317466803504 0.025758861827499136
1803 0.5376893348981306 0.41121941329132483 0.07826135538619425 0.02935745850815117
1803 0.5379802263886784 0.3612194132913248 0.06421703610435366 0.031416865976683986
1803 0.6650234736582039 0.5568656452446927 0.04874657220870695 0.05679537427505377
1803 0.23248718784843794 0.7452812242796981 0.055023843285945874 0.06195647095570589
1803 0.5027406005144204 0.7759205307179012 0.07202953610435348 0.03200886182749905
1803 0.49696277830571345 0.8286311336223307 0.06892271682251269 0.03489706348717299
1803 0.6588309983496801 0.9495383973192851 0.0829852168225127 0.03596265601864026
1803 0.6560514319947055 0.8899265989789591 0.0595658975406721 0.03731166846619516
1803 0.6579639108192707 0.8298887481491221 0.07207498789975161 0.0398213618274994
1803 0.8268088387087597 0.9607038081118102 0.06730567466803486 0.02540366431701031
1803 0.8506206060735654 0.4951146969090111 0.07520907825883114 0.041620660167825105
1803 0.9568387898167867 0.5086345904800967 0.03462953005422946 0.046354781743586496
1803 0.686954578455223 0.14584563487173055 0.056522710772388504 0.05113737012586887
1803 0.9407421329063407 0.31983219960830345 0.05185339149054755 0.05390717261537983
1803 0.9583729769778536 0.7823088888204228 0.04401362041330899 0.04862767676456468
1803 0.947303145890352 0.9385705442143631 0.05654089149054755 0.0542623701258691
1803 0.2363126663784157 0.4907713230349426 0.06123748184962743 0.056180067636357835
4439 0.9128064678044714 0.6881911133006136 0.1112283914905479 0.05840634108157463
4439 0.9225648255283566 0.21997390956634716 0.10498748184962743 0.059495244400922596
4439 0.9134291574014253 0.5811598633006135 0.1002727107723885 0.05445254689043359
717 0.43772919975229463 0.6654790155710543 0.16471700585373253 0.1249319128671175