736 0.17528704242365464 0.31993030124011107 0.3505740848473093 0.6308770273939089
1456 0.6536519321124542 0.2134542356783456 0.36144613577509155 0.4269084713566912
1346 0.44442045332428154 0.2054604464615819 0.17129988364905965 0.3483927236549983
736 0.8842009461972798 0.32509013669938647 0.11549668061464224 0.23546574855010755
736 0.24067550512165603 0.7706029622331287 0.12786913485700763 0.23485044191141177
736 0.15703395769703157 0.7870343682517691 0.10819436364518031 0.24112375269929237
1803 0.37857437572466024 0.840901038993049 0.08099465060882309 0.07912066016782546
1803 0.5704588578468128 0.8015155398182416 0.08204696757828493 0.07298905933798813
1803 0.6968456278506922 0.6894514024709334 0.08539510818516849 0.09498245850815117
1803 0.7941991178487525 0.7333179564103368 0.0648911606107628 0.1291439709557057
1803 0.7767399061895212 0.5382072885688418 0.06332866061076281 0.12902557178554286
1803 0.6871511187668363 0.5038457891935417 0.08580969636645772 0.0810383576783142
736 0.6888733733087642 0.5968853941725636 0.07735946757828494 0.07263386182749905
717 0.45602892240037873 0.5958952696970172 0.24253715486088687 0.3460265854824973
736 0.3428106716514726 0.37543124957579266 0.05605829454968649 0.11605197510489074