717 0.4780612200456244 0.6531595617120862 0.3593488855894435 0.38919774015134934
717 0.6139044094751338 0.275409952016535 0.10943248746358769 0.1137043557412186
717 0.43451242616818125 0.27257540657889 0.14564277210332363 0.12454369665368965
4439 0.5152646695042638 0.3668254722824901 0.06427310015828454 0.06348417984777566
4439 0.6104635092377071 0.3668480355146322 0.06413670783841656 0.05879667984777566
2235 0.6644309098708453 0.12118802562880045 0.0668812746106063 0.09948534684397004
2235 0.39537703299038346 0.11576433247233298 0.07483016693047428 0.10449118182494202
1803 0.3986180417658721 0.1921039979856526 0.0443864974927175 0.02365767589344294
1803 0.6582741865930226 0.19869094311928642 0.03960806927947225 0.02034167490485981
1803 0.5982315968595793 0.1972358724727705 0.045948997492717504 0.023721342889637363
1803 0.6321817333734596 0.4517986970736191 0.038045569279472245 0.02027800790866543
1803 0.6269092116658472 0.4184596150583967 0.04594899749271768 0.02372134288963732
1803 0.6557305451310843 0.36656419262499484 0.02301160266556703 0.03995383794672147
1803 0.5562557308661772 0.4330433798871443 0.026045674452321775 0.03695617193911023
1803 0.5304744808661772 0.4340938853243518 0.02439224623907634 0.033767504942915846
1803 0.5079091590794225 0.4318920567691705 0.02443771034569906 0.03533000494291585
1803 0.48139212318604513 0.4314118957044751 0.02301160266556703 0.03995383794672147
1803 0.4532898552393565 0.4317766516359741 0.027699102665567032 0.04014483893530461
718 0.42670462318604513 0.43364024057127876 0.027880959092057723 0.046394838935304605
718 0.5812329988128658 0.43280595794803406 0.023329851411925874 0.050891337946721474
1803 0.4717192579840658 0.36157689817593297 0.025954746239076343 0.03383117193911023
1182 0.5292890317367422 0.0993833042977125 0.14453491316955064 0.14010502965749524
736 0.3732613744396864 0.4467424184418881 0.04613085391920828 0.029971342889637497
736 0.37736385273207407 0.4130213344494994 0.045948997492717594 0.0237213428896375
1346 0.40004884646386785 0.35747433000087503 0.06818771034569907 0.03711268083635879
1346 0.45629414944600394 0.19443581912646013 0.04300585391920819 0.029844008897248565
736 0.521714560966202 0.19879305528629568 0.04898306927947225 0.020723676882026164