1165 0.725 0.3421875 0.48671875 0.13359375
717 0.29453125 0.66171875 0.2109375 0.225
717 0.278125 0.28203125 0.1953125 0.1921875
1346 0.77421875 0.665625 0.07734375 0.19375
1803 0.08671875 0.67421875 0.059375 0.1703125
1803 0.08984375 0.28125 0.05625 0.1453125
1803 0.5078125 0.66796875 0.0765625 0.13671875
1803 0.6015625 0.6796875 0.075 0.12890625
1803 0.6875 0.67265625 0.05390625 0.14296875
1803 0.55859375 0.49140625 0.14296875 0.08671875
1803 0.73828125 0.5015625 0.11015625 0.06875
736 0.31953125 0.4203125 0.10625 0.078125
736 0.31796875 0.51171875 0.1 0.07890625