4439 0.06568356897439315 0.8067050806810903 0.1313671379487863 0.15187267735518084
4439 0.3443634614079362 0.11973398138127052 0.15402741701630243 0.1579045013526355
717 0.6221393835991087 0.44747081942231415 0.2177598755244535 0.2367022106938169
1803 0.867508315338051 0.6043678987905398 0.12445647095570571 0.056087462682999245
1803 0.8718065742611205 0.5270059674569942 0.10954186597668389 0.06528064934754489
1803 0.8843317302797609 0.4442661927911761 0.10930506763635783 0.062155649347544896
1803 0.8862745838088901 0.35671164879053974 0.08828217261538 0.052544292011454094
1803 0.8384910470909261 0.19273041744904013 0.0591400468904336 0.10059998400699968
1803 0.7546488433566598 0.1847173754375861 0.05539974025173784 0.11304544000636332
1803 0.664971036717964 0.1711628580919503 0.05360044191141178 0.10990225867281792
1803 0.578370685888127 0.16859129408017814 0.06020563942190087 0.11466248400699967
1803 0.32630943318883465 0.2547993247135433 0.09921967261537983 0.052671561346272176
1803 0.3205195292447868 0.341527165380316 0.10293666846619498 0.060520424013362994
1803 0.30619507488582054 0.4273737587125888 0.11219326929603195 0.05906701201463562
1803 0.2993754672075063 0.507052168045816 0.10234467261537983 0.052707924013363085
1803 0.06045190931941062 0.6778624653484993 0.10883147095570585 0.0559056493475449
1803 0.2841611738415577 0.707833418045816 0.12421967261537983 0.05296246268299924
1803 0.279081664918488 0.7851862587125888 0.12504846680652096 0.06389996268299925
1803 0.46944747840566114 0.7185907467377239 0.07800844606059662 0.10238066000954511
1803 0.5544853292354981 0.7211441294159509 0.0693438410815748 0.11164657200827222
1803 0.7104393313100905 0.7268685127704952 0.05350535352912935 0.08804544000636341
718 0.2612178134639511 0.8764652393777705 0.1322689709557058 0.0561783693507266
736 0.7023164101446031 0.8753423754375861 0.07774833693238996 0.11954997867599956
736 0.5365730109744401 0.874977654081769 0.06465634108157481 0.11159202800763594
736 0.4555598093147662 0.8709072247374058 0.07329763527271602 0.1226204346753633
736 0.6401035205222098 0.7057196714274048 0.06806476099766208 0.07416475334181775
736 0.28200852322150216 0.6124118300445434 0.13894594606059654 0.10308973201781732