1182 0.4699334082732401 0.8760827944921689 0.6137739480508355 0.16605433040013046
735 0.7929274342511177 0.3155190409761273 0.16294783360249454 0.20561471662612102
718 0.38970261728441935 0.6654811168972674 0.09099892126547413 0.1114556504675381
718 0.5282975129823482 0.6842543636758137 0.07540119480442442 0.11292724687674216
718 0.6684549086802771 0.7030367008134395 0.07362050649282174 0.10041815651766246
718 0.4060116355483639 0.525746451206223 0.06723413879807012 0.09256929508134384
718 0.5460872106294418 0.5398412883438487 0.08170574188232518 0.1160886083130606
718 0.6800627901747466 0.562493514045156 0.07852619480442442 0.1129454275949012
1803 0.3304367114402207 0.671385683252242 0.05034664772652384 0.10965680113146803
1803 0.4711980791349724 0.6800163155694076 0.05023755357072233 0.10340680113146802
1803 0.6128497909855255 0.694901493066113 0.044042100648623086 0.10649543969514959
1803 0.34873492369781084 0.5113521530998169 0.05034664772652384 0.10965680113146821
1803 0.4850542532431156 0.5340180143397436 0.0439875535707225 0.10337043969514959
1803 0.6236355121715693 0.5520100111182897 0.04231595941492117 0.09711134933607006
1803 0.26542577150706015 0.3929107044276767 0.0981841298696163 0.07556360226293624
1803 0.47900703043551396 0.41133903844204456 0.09295115909060954 0.04428633118569749
1803 0.24056431899199793 0.22168968940056208 0.042834156654977563 0.12679884933607005
1803 0.4495535353067778 0.24555950233769108 0.0508921185055307 0.1409068011314682
2235 0.3376438705341255 0.23397204166349836 0.1630569277582959 0.21186471662612102
2235 0.5443438839268062 0.26095321906200797 0.16933420129724616 0.21346357806243949