717 0.4734375 0.47421875 0.32421875 0.271875
1165 0.875 0.44375 0.153125 0.159375
736 0.2296875 0.9 0.20625 0.09375
736 0.4578125 0.89921875 0.0859375 0.10859375
1803 0.190625 0.41953125 0.13046875 0.04921875
736 0.20625 0.35625 0.09453125 0.03203125
736 0.75703125 0.59609375 0.04375 0.06171875
736 0.71484375 0.59921875 0.04765625 0.05859375
736 0.3140625 0.81640625 0.08984375 0.0359375
1803 0.27421875 0.7 0.07578125 0.034375
1803 0.478125 0.6921875 0.04921875 0.05625
1803 0.6015625 0.896875 0.1125 0.04609375
718 0.82421875 0.89609375 0.18203125 0.08046875