736 0.51484375 0.55625 0.246875 0.6734375
736 0.8578125 0.58203125 0.26328125 0.671875
717 0.69375 0.09765625 0.3265625 0.1953125
1456 0.1734375 0.4015625 0.34609375 0.709375
736 0.3359375 0.86953125 0.04609375 0.1421875
736 0.1640625 0.8609375 0.04140625 0.14375
736 0.12421875 0.86328125 0.03515625 0.1328125
736 0.03046875 0.871875 0.0296875 0.12109375
736 0.459375 0.1765625 0.065625 0.07265625
736 0.453125 0.06328125 0.059375 0.0765625
736 0.9546875 0.20546875 0.0640625 0.05859375
1803 0.95859375 0.12265625 0.06015625 0.071875
1803 0.95859375 0.028125 0.0578125 0.05625
1803 0.07734375 0.8703125 0.03046875 0.11875