717 0.20715074745417997 0.8051345846992257 0.2541038626613008 0.14195333203372584
717 0.19590152414592568 0.6783811806969986 0.24897069368794011 0.1309612880330894
717 0.1753409678338658 0.5499561886934987 0.23022069368794013 0.13074311203054415
717 0.16681749650277783 0.4138550566915898 0.23022069368794013 0.13074311203054395
717 0.15563194019071794 0.2855391526893626 0.2397866946765233 0.13553970003181667
1456 0.7035747612943444 0.7452548860995863 0.1639590237259963 0.1143544960216353
1369 0.5724361437273087 0.5108060660804963 0.2031435405319101 0.1944601666931806
2235 0.6749138393924152 0.3744333087603139 0.13124468281352505 0.07805336935072642
2235 0.6782245231945236 0.29318330876031384 0.12518568380210837 0.0826681440165447
2235 0.6697209565023403 0.21414069875872305 0.1332528517868859 0.08900905068427196
4439 0.593976926807664 0.7494509427514051 0.05771434091247087 0.036592028007635946
1346 0.5999112504199295 0.7956355994191324 0.05028384288963732 0.045876121339908774
1346 0.4544421719019292 0.37577599073040613 0.060677514828747545 0.0709852093411815
717 0.48552775684572014 0.7638214307367696 0.09514535672980173 0.11199201734563573
717 0.5208351985564939 0.6454259667409057 0.17824701680591398 0.08172380935708982
717 0.6925656185184378 0.6317918227641319 0.1669911818249421 0.07378404002227175
717 0.7115132311797386 0.4928838640992682 0.0930443458553869 0.06042951734563573
717 0.5319623354380825 0.3915288074076784 0.09696784190105419 0.04173406134627218
1803 0.593878767720135 0.7134952614178598 0.04926517095052709 0.02087612133990895
1803 0.5496512652486771 0.7247049340785873 0.029143671939110227 0.025327264003817972
1803 0.4675112217881985 0.5345970073997243 0.038900673916276676 0.03481135200509069
1803 0.46403073612265455 0.46655553206554246 0.029525673916276675 0.03470226400381797
736 0.44359887790997804 0.584342468730088 0.02302100593149916 0.028379538669636162
736 0.4711017954004639 0.5807543920671333 0.026337006920082118 0.03310340133672707
736 0.5045296966165086 0.25911574940322407 0.1884788626613009 0.141189716024817
736 0.5155534268448451 0.35303847207190575 0.04438666996194378 0.016134077339272503
736 0.551968429316303 0.341737892743451 0.026209672927693363 0.029978401336727068
736 0.5787219303048862 0.3373594754137236 0.024519838935304607 0.026835220003181705
1803 0.4276595656292379 0.8796095153962243 0.046394838935304605 0.027089758672817866
1803 0.43239614517300246 0.8976419000636333 0.04913783695813834 0.017751121339908593
1803 0.6680616615218058 0.42750376475967755 0.032523339923887916 0.031613626670908876
1803 0.6908452455141946 0.4246423940960865 0.024710839923887916 0.0315227200031817
1803 0.7167538295065834 0.4218173860995863 0.027644838935304606 0.02687158267027261
1803 0.7418811634989723 0.4189832874363134 0.022957338935304605 0.02681703866963616
1803 0.7480608848300602 0.5550571474379042 0.021331171939110403 0.02523635733609062
736 0.711151133841477 0.5593173860995864 0.029271005931498985 0.02845226400381797