736 0.7645362482707194 0.26663646483560666 0.3540724965414389 0.5332729296712133
1456 0.26970489790789975 0.2598032886708963 0.34865582104354303 0.5157975768875074
1346 0.4755903101589518 0.2161407406162042 0.15866075970346483 0.3451973925821966
736 0.08877238955519728 0.5025241344415964 0.10802086424263582 0.23492827792830404
736 0.7896801582443368 0.6935509311415513 0.12046630054030487 0.23402087516934209
736 0.8720834304768553 0.6774921619196744 0.1019345553496283 0.239288229307785
1803 0.6749678722168202 0.8153993549314125 0.07761905771188111 0.07893058344622794
1803 0.4859971414541138 0.8503486442796774 0.07896330290255768 0.07276247060135788
1803 0.3429713385515562 0.7889684882413549 0.08285219473518968 0.09480124491161739
1803 0.2612426781146027 0.8691716446183616 0.06061509618646852 0.1279479375846712
1803 0.23553580606741856 0.6709355404799187 0.060669659888799285 0.12951043758467123
1803 0.31220494427185347 0.6027377391458661 0.08392362141421197 0.08082063206674714
736 0.330267952709374 0.6941473111721335 0.07578373920022682 0.07103619629109836
717 0.5494147675928313 0.6043943351437088 0.23188000489414157 0.3427960888732951
736 0.6084077885594054 0.34380099389556457 0.053928586567821665 0.11512038896415203