1794 0.6923500915057821 0.45236708842306905 0.20975719875988902 0.20086089439121899
717 0.5079284699300206 0.5028185470386394 0.2853025730349426 0.2530652035271874
1182 0.17195877159433892 0.7063175197877037 0.22547728714217125 0.2234728787873868
4439 0.32231304648944825 0.6513766350074232 0.06747276514684701 0.06890048620519025
1182 0.8706816594428789 0.3166808146786365 0.25863668111424226 0.24401775214770663
1803 0.41436956930996505 0.6034127685445083 0.05596658008391255 0.04028416327441171
736 0.37805356101159526 0.6210030602676223 0.050071777594401644 0.04464411465389269
1803 0.34415031246148786 0.5255201419048282 0.0522262734452168 0.05253850180902227
1803 0.30687545540787353 0.5408076272055071 0.04334818091374952 0.03806656603337366
1803 0.23128438217243819 0.5886929285395596 0.0522262734452168 0.05253850180902227
1803 0.4978645404661636 0.3700060470386394 0.07000576929603178 0.06125176051544958
1803 0.4162127213799131 0.4103654534156459 0.06425267676456467 0.04694359905006031
1803 0.3507895535384181 0.44752129466379015 0.05307837842423861 0.04324538896415202
718 0.2677304450349113 0.5624679432388806 0.050308575934727706 0.04776911465389251