1182 0.16911051894527598 0.9333580138677083 0.09300628916129602 0.13328397226458327
1182 0.1767735708297216 0.3362492373665626 0.08593608294074051 0.12674564437666672
1182 0.15148246196999968 0.17193216422829874 0.09661930471268487 0.15973998233256953
1182 0.3111779651275457 0.3308012840036808 0.07431507775694417 0.11867857123840278
1182 0.8467067790765274 0.2138424409168757 0.08212757775694435 0.11886040919430556
4439 0.7748824228087037 0.05234059004319509 0.12476484561740726 0.07151393692972233
1794 0.6009703628657397 0.5597491272779171 0.23208791300675885 0.17536759517409733
2235 0.29968657568421114 0.9454050520039063 0.09265497464666642 0.1091898959921874
2235 0.43374921739013705 0.9386696418112155 0.10488157257314797 0.1115934230620141
718 0.2541226315746745 0.730218096124028 0.09806564458064795 0.06933318787965277
718 0.39046067276222085 0.7201371941479169 0.08169835080120355 0.07830814437666671
718 0.30607823642837867 0.5131228215227432 0.14570206220555537 0.096950348023889
735 0.5408757355799068 0.29170698888517405 0.2696658254478699 0.19495404977125022
4439 0.628442669039027 0.41927025085302133 0.08861273213953691 0.05040134992375016
718 0.3321371396796756 0.14261160619201416 0.09988242280870363 0.036629790653194536
717 0.6483496681440725 0.86146874933441 0.2751529907637032 0.27706250133118004
736 0.578800711357869 0.7073683564763547 0.06876912384546294 0.03746493882958344
736 0.6741822704058784 0.6479953161075006 0.0682223196984257 0.03121493882958326
736 0.3436699619699997 0.17640537794350722 0.07277311866166655 0.029761541603125073
736 0.6005159927899534 0.15353614807947966 0.06482391762490743 0.028017203647222287
736 0.7811611085768979 0.10628320763437564 0.07060502591898139 0.040626306420763925
1803 0.29026376607055393 0.8581437275829169 0.08228481969842587 0.03154224715020852
1803 0.409277606221341 0.8461002821038198 0.05402311866166656 0.029325130508958352
1803 0.6654121546189339 0.6992486915824658 0.06156221658814811 0.026381968464861315
1803 0.5254249757779622 0.4270080560395143 0.07589811866166656 0.029834276785486225
1803 0.5946569720547683 0.12221341289711854 0.05388641762490742 0.02776263050895835
1803 0.43198060626782375 0.16988458064079898 0.057011417624907426 0.027835365691319502
1803 0.42109233294074044 0.13454649268489619 0.05415981969842587 0.030887630508958354
1803 0.9987459613811105 0.768223429233369 0.002508077237779105 0.06791485182361115
718 0.3528119331762962 0.058109972833264176 0.14019435598499985 0.08746624525034732
1803 0.2413499380307858 0.6644294419637153 0.07433561866166656 0.029797909194305562
1803 0.37663332714481357 0.6512053561920143 0.06367152073518519 0.03266833605604162
1803 0.1890171670127767 0.5563980832062502 0.059120721771944405 0.03412173328249999
1803 0.18210349420407307 0.5219321642282988 0.07290981969842587 0.031324041603125075
1803 0.17447692191374908 0.488229311454757 0.07148402073518514 0.03285017401194459