2235 0.14159909593514247 0.4010642473791064 0.25422346489804554 0.3219703392949434
1165 0.8838657816037283 0.7597224329180488 0.20241692399010347 0.3638784346068665
1803 0.8730620446023589 0.3346223033683994 0.2031824874635877 0.12219158235511314
1803 0.23429637595602504 0.600975807373569 0.12548338479802065 0.07822273442229637
1803 0.4586969823825157 0.5928572169988915 0.06495506175762475 0.08838018198597286
1803 0.533651518275893 0.586488498615724 0.12208560015828454 0.06864747532299767
1803 0.6435266234487426 0.5966669301402716 0.07410274122451135 0.0811684592838688
736 0.7585378580093364 0.5681635934662218 0.08186977711788863 0.08010660703211539
736 0.7721266480593487 0.6854815013935012 0.06610838479802066 0.07441781153562203
736 0.7641646985342024 0.8691451025655205 0.06427310015828454 0.06494268198597268
2235 0.8704037090255508 0.4584603215669967 0.12869931301126591 0.08154799352159507
717 0.6073631175762478 0.8064016779808032 0.21607494404836292 0.19007998920265834
1182 0.2394672607540457 0.6710880482742704 0.18259720282385156 0.111514898209672
1182 0.08852218936300245 0.8365196884643777 0.13585389812585577 0.2738356230712444
1182 0.23627171608517972 0.7495635016980431 0.17869931301126601 0.0847521391103733
1182 0.2437863508832004 0.8195255482742704 0.21785274122451134 0.0903803778516064
736 0.37090146568946836 0.5883082217792535 0.05999477711788863 0.07870479333702499
1182 0.5024874686589692 0.26437577575673643 0.4393499373179385 0.5287515515134729
736 0.2912868588672662 0.43452069016242084 0.06633570533113406 0.08223031153562221