736 0.8689669267305373 0.16243919269412208 0.23415807326946272 0.252486497584104
736 0.08895627939864216 0.26428602742074514 0.17791255879728432 0.25267794515850966
736 0.8201089456137298 0.3080066552714372 0.035187227498762755 0.047990960910325245
736 0.4609264546588413 0.09617504558845666 0.03921298620519007 0.06543355242559432
1794 0.310469431253093 0.0874532340790066 0.25004866689245614 0.169769592433353
1803 0.15635181931273387 0.07436278696364287 0.03814180913596861 0.07468100666795978
1803 0.4612783367255885 0.02499278590062691 0.03164614767057934 0.04998557180125382
717 0.6263976464273838 0.14798394021788297 0.289651156715691 0.29596788043576594
1456 0.3356830359573629 0.30398715877459503 0.31424172094004216 0.32592373970819627
1346 0.6810187901412343 0.3792593861856418 0.16503185775648746 0.09126221303635713
718 0.10639276289029878 0.07766300120794797 0.03756859905006031 0.06374350666795978