1802 0.6772944053199289 0.4044218860986886 0.3686211648628266 0.40485029903093483
1802 0.4789691203131401 0.2367912617289425 0.3781878703131401 0.2936614267548756
1182 0.7357293033436783 0.22512251616841797 0.3611598669791601 0.2753813203182583
1346 0.5561840351759667 0.6148180727409214 0.07723192182065049 0.07065098960843982
1346 0.34328593820068587 0.4804205654514543 0.05644118969849785 0.04433986188449897
4439 0.6334159569966171 0.6754170831324815 0.05653678454774678 0.06454310124083733
4439 0.25886326971401524 0.43760998860003364 0.05644118969849785 0.04433986188449897
1803 0.28276289744402117 0.5090097411979236 0.053571281213767016 0.047246340597175515
1803 0.5314230222990891 0.6676206446486634 0.04668355242559432 0.038996798022528624
1803 0.4971436171483381 0.6904461394528834 0.04368609818322895 0.040340776735205176
1182 0.21335906426370183 0.5539341111281944 0.1273592097023773 0.15183528763096846
1182 0.38995299942027184 0.6767274829000505 0.15752494182452983 0.17880197921687965
718 0.5568373526044705 0.7287002562810608 0.04445137272903601 0.049715776735205
717 0.42662420987155514 0.5869494348775218 0.1269129284886102 0.10830380891829172
717 0.3575554744154227 0.5493508819113148 0.12978283697334128 0.10539733020561534