4439 0.09567473657976507 0.8637925807086125 0.12530770060802232 0.16993583693238995
4439 0.09285470897379826 0.20216799647551506 0.10792919961943914 0.16394594606059654
4439 0.29001621045667303 0.21005504191605606 0.10917336463846716 0.15625184523075958
4439 0.3436519105332227 0.45156895830765853 0.12055653361182798 0.1680181394219007
4439 0.3284885310660079 0.6698453616270065 0.10592103064607841 0.1528900468904336
4439 0.5273093275294171 0.4639183608018138 0.1161237015966055 0.17391294191141177
4439 0.5109508625869388 0.6922918145360801 0.10649403361182799 0.1669525468904336
4439 0.5032153225493202 0.8821355645360802 0.10037136760421675 0.16960395020978147
4439 0.7031542445256115 0.47567576744515405 0.1004987015966055 0.17272895020978146
4439 0.8910760557805872 0.594926365375206 0.10993736859280005 0.17500184523075965
1803 0.4463908858558244 0.18037030976219542 0.09240767589344294 0.05061715186945537
1803 0.07264432114080752 0.06349566016782515 0.06753500988583175 0.05184776514684701
1803 0.24120332015222434 0.08097027054543174 0.0709146778706093 0.05833456348717305
1803 0.6809861313700191 0.6158388261584423 0.08615767589344295 0.05014355518880329
1803 0.6875133625869388 0.7056709207645019 0.08641234387822046 0.05639355518880329
1803 0.8923454426249947 0.7368654116409397 0.08309634288963749 0.05146925684847723
1803 0.9130213344494994 0.4602320566619177 0.0800350098858317 0.05279495850815117
1803 0.9205247697344824 0.37224680458732534 0.07416701186299832 0.06169636182749914
1803 0.4204426318271296 0.9797033071631495 0.033669345855386903 0.04059338567370112
736 0.28847239023008664 0.9267249222027836 0.07250103558899426 0.14655015559443285