1456 0.46328125 0.365625 0.35234375 0.64609375
736 0.21328125 0.29453125 0.15078125 0.35625
736 0.215625 0.765625 0.140625 0.36484375
1794 0.89140625 0.79296875 0.190625 0.2859375
717 0.7375 0.31015625 0.134375 0.2875
1803 0.71796875 0.1046875 0.0890625 0.09375
1803 0.90390625 0.10546875 0.0984375 0.0890625
1803 0.9109375 0.240625 0.08984375 0.09609375
1803 0.9140625 0.38359375 0.0984375 0.08203125
736 0.90703125 0.53203125 0.08515625 0.06953125
736 0.70859375 0.5 0.10625 0.08125
1803 0.7125 0.6203125 0.09140625 0.10234375
1803 0.3265625 0.8359375 0.05390625 0.19375
1803 0.3921875 0.83125 0.053125 0.19609375
1803 0.48125 0.83359375 0.05390625 0.18515625
1803 0.56171875 0.82578125 0.0453125 0.16796875
1803 0.64609375 0.828125 0.04921875 0.15390625
1803 0.73046875 0.825 0.0546875 0.16328125