4439 0.45703125 0.34765625 0.09765625 0.10703125
1803 0.2796875 0.48125 0.05234375 0.0359375
1803 0.353125 0.6109375 0.0390625 0.05390625
1803 0.3890625 0.5875 0.0328125 0.0546875
1803 0.41953125 0.56875 0.0359375 0.0453125
1803 0.45234375 0.5453125 0.0328125 0.05
736 0.51328125 0.28828125 0.0421875 0.06171875
736 0.52109375 0.49296875 0.0453125 0.05703125
736 0.590625 0.446875 0.04140625 0.05234375
736 0.625 0.43046875 0.04296875 0.04296875
736 0.684375 0.38515625 0.03125 0.04765625
736 0.7296875 0.35625 0.0578125 0.04765625
736 0.284375 0.65078125 0.0421875 0.05546875
736 0.31953125 0.6296875 0.0375 0.04609375
1182 0.3140625 0.2578125 0.2609375 0.125
1346 0.48359375 0.515625 0.05 0.04765625