735 0.7515148977331144 0.7905638058802604 0.30981492532266375 0.3186214227387344
735 0.7825577609603439 0.30824564239455965 0.3023297077900679 0.3367336939505618
1456 0.33189787297634804 0.7850298646839504 0.08940914772652384 0.11651756242753404
1456 0.42306971266462723 0.29936368952932 0.10018300649282175 0.10803538273097572
4439 0.5555905174564609 0.7074795942210291 0.060656856330665934 0.07828423879011233
4439 0.6034720531669806 0.15435472315898302 0.06696140340856668 0.08191942182065048
4439 0.5524439724071553 0.6195809814939327 0.058930715096963834 0.06878169303247787
4439 0.6651212504103323 0.6002414369442463 0.06534435633066593 0.07866687606301603
1346 0.40831214286185047 0.65319019119631 0.07902502678536116 0.0579397878817268
1346 0.408703655036715 0.5860664640751272 0.0819045649348082 0.0441323793969957
717 0.4225365097458232 0.7768509607411473 0.06518071509696384 0.06929187606301604
717 0.5200128965120031 0.28754960255597883 0.07151253571381488 0.0744895590935541
1182 0.05628776704942386 0.5742668053005323 0.1001047345754292 0.371715245458072
1182 0.20768485146599258 0.7054535481735306 0.07937167451188501 0.16718724212409236
1182 0.24207485714474014 0.2548477702937434 0.0828239569792891 0.18619233363936133
1182 0.9498112650175337 0.11204083784293344 0.07413870373287815 0.13555460485118864
1182 0.8951496696472117 0.5619609605719695 0.07715460957707698 0.12955969636645753
736 0.32429565300812013 0.6842326392297576 0.024310253246410875 0.051913186364518006
736 0.4097404549572848 0.8395263039234063 0.055123876623205524 0.029464101517208973
736 0.4827473068237239 0.7688154490722178 0.027326159090609536 0.045918277879787084
736 0.4869826136408572 0.6155629033145832 0.026063668019063256 0.06297823212215263
736 0.5077935401813372 0.3618799228594206 0.05213524431795715 0.03702151000193972
736 0.5754407362035776 0.2853654781599529 0.027435253246410874 0.05216827787978708
1803 0.41289450284596435 0.7035250310445891 0.05983865016215582 0.03140923879011233
1803 0.4784376822291133 0.7028556092239386 0.052080697240056394 0.03389651000193972
1803 0.5620802508173695 0.7826231154328565 0.03066934740221221 0.058673369395056164
1803 0.6054735150208289 0.6207131757343586 0.018032979707460584 0.049840503333979845
1803 0.6183140288172514 0.28732671982500313 0.02439207386326192 0.056600686364518
1803 0.5205407763816193 0.21261337543479614 0.048901150162155814 0.030516418486670638
1803 0.5883731586868677 0.21487763497769388 0.05054547077900686 0.03533146424430509
1803 0.6800481899364558 0.1473237310348908 0.059893197240056394 0.034534238790112325
1803 0.7456718210271834 0.5889853304260676 0.04733865016215581 0.03038887272903601