719 0.2359375 0.48046875 0.409375 0.30546875
1165 0.6703125 0.56953125 0.2234375 0.06484375
717 0.8546875 0.4140625 0.0796875 0.09453125
717 0.85703125 0.5765625 0.06953125 0.08125
1346 0.64296875 0.41875 0.0265625 0.065625
736 0.8515625 0.4859375 0.04609375 0.02578125
736 0.85234375 0.5203125 0.0671875 0.028125
1803 0.684375 0.415625 0.0203125 0.06328125
1803 0.721875 0.4171875 0.0203125 0.059375
1803 0.7578125 0.41640625 0.028125 0.0609375
1803 0.65390625 0.49375 0.046875 0.03125
1803 0.74375 0.4875 0.05703125 0.03046875
1803 0.940625 0.4140625 0.0296875 0.0796875
1803 0.9453125 0.58359375 0.0453125 0.0765625