736 0.61640625 0.821875 0.115625 0.24140625
736 0.73671875 0.7703125 0.11875 0.25546875
736 0.84296875 0.715625 0.10703125 0.2328125
736 0.565625 0.66328125 0.10546875 0.2125
736 0.69765625 0.60234375 0.1 0.12265625
736 0.80703125 0.53984375 0.09921875 0.1125
736 0.42265625 0.409375 0.1546875 0.41796875
736 0.57109375 0.19140625 0.1515625 0.12578125
736 0.71484375 0.1328125 0.14140625 0.13359375
736 0.575 0.43984375 0.1671875 0.32890625
736 0.728125 0.35234375 0.15234375 0.31796875
736 0.87109375 0.3265625 0.1421875 0.43359375
736 0.4203125 0.653125 0.0453125 0.046875
4439 0.08046875 0.74296875 0.08359375 0.10703125
4439 0.0734375 0.66328125 0.0671875 0.06484375
736 0.21015625 0.7140625 0.034375 0.075
717 0.3578125 0.80625 0.26484375 0.24453125
736 0.1375 0.83359375 0.04609375 0.0390625
736 0.14765625 0.84609375 0.0390625 0.0390625
736 0.159375 0.87421875 0.04453125 0.03671875
736 0.17734375 0.89921875 0.04140625 0.03515625
736 0.1921875 0.92578125 0.046875 0.040625
736 0.21171875 0.9484375 0.0515625 0.0328125
736 0.215625 0.978125 0.04609375 0.04296875