1182 0.3903133734375 0.2135257546875 0.5269451765625 0.315008640625 0.6170166640625 0.0922050921875 0.4899451765625 0.009161564062499999 0.3903133734375 0.2135257546875
736 0.506889059375 0.586956521875 0.527389059375 0.613193403125 0.554889059375 0.5479760125 0.530389059375 0.5337331328125 0.506889059375 0.586956521875
736 0.553 0.6349325343750001 0.5755 0.6506746625 0.603 0.585457271875 0.5795 0.5682158921875 0.553 0.6349325343750001
1182 0.5458939734375 0.3108489203125 0.6955 0.42578710624999994 0.786821790625 0.2295241140625 0.6355000000000001 0.11994002968749999 0.5458939734375 0.3108489203125
736 0.3058889984375 0.413043478125 0.32938899843749997 0.43178410781250004 0.3548889984375 0.37106446718749997 0.3323889984375 0.3568215890625 0.3058889984375 0.413043478125
1803 0.5695 0.760119940625 0.5599999999999999 0.7788605703125 0.5589999999999999 0.7908545734375 0.5685 0.79910045 0.581 0.7668665671875 0.5695 0.760119940625
735 0.46015625 0.7515625 0.14921875 0.26171875
1182 0.41328125 0.425 0.0765625 0.10859375
1182 0.26171875 0.75390625 0.1828125 0.2421875
717 0.44609375 0.59765625 0.0859375 0.10078125
1803 0.378125 0.2875 0.04453125 0.0625