735 0.6351214343139346 0.6868587272438222 0.2304762176006804 0.2041624306969986
2235 0.3090326494675443 0.654730216621593 0.11335815027015243 0.11533519334818117
1803 0.4399007035512283 0.6641404846037757 0.12082342068857255 0.060756781349453705
1803 0.2749627282308176 0.512215999960229 0.063521841377145 0.11944089067472703
1803 0.6987176867610053 0.5205610179026408 0.06766370435383653 0.1038704346753633
1803 0.6236730467424719 0.500349062579595 0.06917164065150558 0.10232611600890884
1803 0.5458481471052916 0.4926643792568671 0.05974207694917481 0.10065452800763594
1803 0.4752454704262693 0.4794291299331849 0.06750001324684388 0.0991829346753633
1803 0.3977752348542395 0.46158819661045714 0.080709341377145 0.11964088534372674
1803 0.3400718622589013 0.45913590595163856 0.0614682680561673 0.10536020934118148
718 0.34899797287334 0.31534045261777494 0.08663195916315995 0.11033861067790855
718 0.4246155317663474 0.3191461579408209 0.09400794954451311 0.09792951734563574
718 0.5031125539988659 0.3299467505967759 0.10510914065150559 0.10274428668045399
718 0.5900941988267229 0.343772345918231 0.0955704495445131 0.09794769867918127
718 0.7577529247801058 0.373058761895323 0.09438989546082902 0.10886701734563572
718 0.6831894343987527 0.36143146590550435 0.09869544954451293 0.09798406134627217