736 0.81328125 0.6666816570632104 0.2484375 0.14148812867060592
736 0.753125 0.7809872045234725 0.2640625 0.14515876569391467
736 0.69140625 0.8811756882814038 0.2390625 0.13022324645662095
736 0.65859375 0.5995611005324557 0.21875 0.1279514183263199
736 0.58828125 0.7252307339275672 0.128125 0.11228672359113005
736 0.51796875 0.8274628673226786 0.11875 0.1119593413771451
736 0.41484375 0.4308929129688422 0.428125 0.1977629544386545
736 0.1875 0.5557663942797026 0.1359375 0.16412204210278442
736 0.11875 0.6932093413771451 0.14375 0.1565823606144388
736 0.434375 0.585481209247978 0.3390625 0.20090282340579577
736 0.33671875 0.7289459778522994 0.328125 0.1864583774894797
736 0.30078125 0.8683160126986899 0.44375 0.1873710914619629
736 0.65859375 0.4542486005324557 0.05 0.05018353847458741
4439 0.771875 0.12539196895144278 0.1125 0.09611608656782163
4439 0.69296875 0.11013650198373455 0.0703125 0.07433036660488854
736 0.73359375 0.2513989082443368 0.0765625 0.04173612141421188
717 0.815625 0.40816975261670674 0.2609375 0.29036213828925295
736 0.8578125 0.19167422257963984 0.0421875 0.05147321996293308
736 0.86953125 0.20302095034712125 0.0421875 0.04366071996293304
736 0.896875 0.21725706513791124 0.040625 0.048293656260602266
736 0.92109375 0.2384153025240395 0.0375 0.043497028855940555
736 0.94609375 0.2556945717613332 0.04375 0.05152778366526398
736 0.9671875 0.2775249317427998 0.0359375 0.0543799651536097
736 0.98671875 0.2844569780219355 0.0265625 0.050927582939624474