1182 0.07961041728734228 0.3086429458233896 0.15922083457468456 0.35771410835322087
1182 0.8260978496712778 0.4066499129486253 0.2772433200972639 0.42919531017246654
1182 0.10287017307831052 0.7483389925564019 0.20574034615662104 0.3558648180303493
2235 0.6416181116629898 0.07481794768541639 0.14343328453190338 0.14963589537083277
2235 0.6411899644346394 0.22583021422975164 0.1408519400324213 0.14532111621110372
2235 0.6460486306885244 0.38931051737290473 0.144122489246633 0.14859166542531543
2235 0.6465108953708327 0.5467591443373754 0.14404971463952715 0.1470291654253156
2235 0.6482445616247178 0.7103849966947403 0.14797523531769166 0.16436221463952716
2235 0.6596807136105791 0.86654295140947 0.16025691149637405 0.1602569114963739
1346 0.4789489836650618 0.1608880725829725 0.11490156203449331 0.05680227171162171
1346 0.48960388565092305 0.3170824146012551 0.08633991439185813 0.04611732878371626
1346 0.4895759987616549 0.4683174288692788 0.09705909057054055 0.0419392510334573
1346 0.5016842388368575 0.6267827462804556 0.08157963978475244 0.04433650496239885
1346 0.5070887146440364 0.7785442994236087 0.07191354135632881 0.03764985731976367
1346 0.5169259793263448 0.9355562787454442 0.09393409057054072 0.041793701819245396
1372 0.3732127140203546 0.08785729508038251 0.33932367328319835 0.1218237659206535
1372 0.39078970409555713 0.2460679013666888 0.3521875463187277 0.13021846277750032
1372 0.3880541941707597 0.4052245775453712 0.3462286447471509 0.13617736434907696
1372 0.3964381207637269 0.5599655814743126 0.3458647717116217 0.12836486434907696
1372 0.4059842870176119 0.7232275607961481 0.34815501778268043 0.14406263895618282
1372 0.40313961518215563 0.8847279869748306 0.38274834160399784 0.15035118031251143
718 0.3651219241117678 0.17788298159814717 0.07122433664159918 0.05632708271265772
718 0.375885988008288 0.3317335736164298 0.06758991439185813 0.04524403349844599
718 0.37787436538704344 0.48989067597379465 0.06758991439185813 0.04524403349844608
718 0.390492027711987 0.6374184933849714 0.06446491439185813 0.04509848428423417
718 0.3978399931800836 0.7976646346174657 0.07107878742738745 0.053202082712657625
718 0.40469780707660374 0.9516971631535132 0.07754711124870503 0.058180681141081436
718 0.8859821561241997 0.6774846437182029 0.0943365049623985 0.08390842721213972
1803 0.8150146846602471 0.6948220010379665 0.059306533498445904 0.0682448858558109
1803 0.2632319383797915 0.18964458106002788 0.11275686517764641 0.04422949710451585
1803 0.2628765657585469 0.34791084532805155 0.09684076674922296 0.037251751033457306
1803 0.2799634042621729 0.49990783891791074 0.09698631596343468 0.0403767510334573
1803 0.271196218158693 0.6546681135250166 0.12227741439185813 0.04779114474715094
1803 0.28504889475166023 0.8091544063290875 0.09578768899896399 0.04811647642635144
1803 0.28413059595173323 0.9627695579006641 0.136412688998964 0.05000861621110388