4439 0.9032881205699663 0.16092112541198003 0.1790401956651067 0.1405273628234877
4439 0.2480183473382616 0.06212430438479662 0.1720898587069682 0.12323076866768637
4439 0.22547613836446337 0.2571873883943282 0.16434102570316256 0.12465690097293472
4439 0.4557949911399325 0.345420225246529 0.1772866946765232 0.13581258928453738
4439 0.6745914120904596 0.36192806656295656 0.1610250247145794 0.11991485389503395
4439 0.4397746961965791 0.527860578330784 0.18334569368794007 0.13123418344033871
4439 0.6687273671471061 0.5441911416440345 0.1751511917107738 0.1217228157455871
4439 0.857963622090022 0.5643421802005184 0.17808519072219084 0.11708986282348768
4439 0.4234360662722537 0.7024884314150391 0.1811465237259963 0.11558190990138825
4439 0.5121815257775246 0.9042088441590966 0.18315469269935694 0.12654668344033873
1803 0.17136825300293057 0.40667491964391633 0.058571186767857865 0.09626707386326191
1803 0.11370967292769345 0.02895111444834082 0.0586693458553869 0.05790222889668164
1803 0.10470604053191016 0.19049654058507892 0.06555601581733081 0.07609094155801363
1803 0.566436649770351 0.7007741526010831 0.05675401878308044 0.08998980032431163
1803 0.6540149042189751 0.7203542211893392 0.06300401878308044 0.0900988944801128
1803 0.6530121142185378 0.9259866124230414 0.058189184790691684 0.08689207386326174
1803 0.3754627757775246 0.9065952788172513 0.06118685079830275 0.08382162094116268
1803 0.28689502429464986 0.9011049837679457 0.06724584980971962 0.07924321509696383
1803 0.9729977606458597 0.49813870739291677 0.0540044787082806 0.03859094155801355
736 0.9294367850947026 0.3604574752498243 0.1411264298105948 0.09020008035608366