1456 0.511340703459791 0.782406302011421 0.7422667672861808 0.37754946291098346
1456 0.560385454028472 0.38918192446722966 0.7280224293302782 0.36899997851481564
1346 0.6023047695672915 0.16766877261277885 0.5679538322563197 0.19674876300184044
736 0.8642435786504159 0.9876526447299032 0.09378767401194459 0.024694710540193655
736 0.46973116565638817 0.957003510288307 0.1031626740119446 0.07407266508343398
736 0.37592661426961727 0.9544340309805218 0.07957970364722229 0.06659435775648745
736 0.16942269434173535 0.9209277329258297 0.09382404160312507 0.07514384215265543
1803 0.27772550361229087 0.9391188902073475 0.10130923328250008 0.06149077792830404
1803 0.3150696879765621 0.544499108999683 0.07311149810013892 0.056891809135968606
736 0.5210287472471176 0.5678082134768102 0.14247974715020834 0.0870573439616777
736 0.41879410002065925 0.5577571048158114 0.0827047036472223 0.06675813206674697
736 0.19428506250159677 0.5248716044771273 0.11871493882958344 0.07176653663473154
736 0.9679667903688539 0.15163317333557594 0.0610115416031249 0.07342421189493056
718 0.7191487370822222 0.08774997851481561 0.19629442496187507 0.05242339439121899
1803 0.4970380009499305 0.05264355890882597 0.14803876291777768 0.05769739258219668