736 0.8676294740345358 0.5728024789088588 0.21847234674870286 0.38705294515850974
736 0.7623317790765274 0.16819305104846843 0.23403855815305477 0.33638610209693687
736 0.3270058910937953 0.4910404907469664 0.1154677580585183 0.09630065727678297
736 0.12891014368569348 0.5111450519665524 0.12267466531583313 0.10774834030732112
1794 0.11708692106527727 0.25009598166311064 0.21804311979296234 0.34668303667377875
1456 0.6083720512258322 0.5593449831609227 0.5094252862400912 0.7691630409258426
1803 0.6351548329407406 0.08786769332234189 0.09691183063166627 0.17573538664468377
1803 0.5606038922715738 0.09434875718734484 0.08943152130083298 0.18869751437468968
1803 0.47626784849212933 0.11062018286136029 0.09921662441111075 0.19425992515463036
1803 0.4016875135251386 0.1395261749854525 0.08548631508027746 0.17917705909355405
1803 0.31870891819055525 0.15338112301890014 0.0971852327051848 0.20650483363936128
1803 0.24440198529708296 0.18541211514299238 0.10077912441111074 0.19438747091226488
1803 0.3081595633368511 0.3745544924139563 0.11452997464666641 0.12104556576151389
1803 0.41788020961444267 0.8912001163509403 0.12275257775694418 0.1263707945496865
1803 0.23096596998203528 0.9221943801459019 0.11324087672018494 0.12404302000387943
1803 0.19760808289425774 0.7927300207527853 0.10685417568342573 0.12197033697334128
1803 0.16322493803078575 0.6515469113596689 0.10997917568342572 0.12222542848861018
717 0.36236506706004495 0.679353691655352 0.20593409905777715 0.3146677621279716