735 0.6453125 0.7890625 0.2125 0.34921875
735 0.89453125 0.79140625 0.2109375 0.3578125
717 0.1015625 0.6890625 0.15234375 0.23515625
717 0.09765625 0.203125 0.15234375 0.24609375
717 0.63046875 0.23125 0.1359375 0.246875
736 0.36875 0.83125 0.09375 0.07109375
736 0.41796875 0.590625 0.12734375 0.09453125
736 0.22578125 0.1859375 0.13203125 0.08046875
736 0.79296875 0.1625 0.0578125 0.14609375
736 0.90234375 0.3015625 0.0828125 0.12578125
736 0.47890625 0.3484375 0.11015625 0.13984375
1803 0.10234375 0.42265625 0.12734375 0.096875
1803 0.2671875 0.4265625 0.11171875 0.0765625
1803 0.27421875 0.68828125 0.040625 0.21796875
1803 0.21640625 0.65703125 0.05234375 0.184375
1803 0.809375 0.41484375 0.1109375 0.05390625
1803 0.8828125 0.52734375 0.109375 0.05234375