1456 0.634375 0.13046875 0.2484375 0.14765625
1456 0.64296875 0.88359375 0.22109375 0.1640625
1346 0.42578125 0.1296875 0.090625 0.0875
1346 0.31328125 0.71015625 0.04296875 0.14453125
1346 0.578125 0.696875 0.0796875 0.0734375
1803 0.3734375 0.7140625 0.04609375 0.16953125
1803 0.4328125 0.73359375 0.02578125 0.0765625
1803 0.2796875 0.36953125 0.025 0.0921875
4439 0.2828125 0.503125 0.05859375 0.0703125
1803 0.2453125 0.63203125 0.0515625 0.03828125
1803 0.2265625 0.52421875 0.0234375 0.0953125
1803 0.24375 0.70546875 0.04609375 0.04375
718 0.24453125 0.775 0.05625 0.03828125
736 0.22890625 0.36796875 0.02578125 0.09921875
736 0.77578125 0.4578125 0.021875 0.09765625
717 0.396875 0.4515625 0.10546875 0.24921875
717 0.5828125 0.45078125 0.09765625 0.24140625
1182 0.121875 0.4359375 0.13828125 0.41875
1182 0.878125 0.43984375 0.15625 0.24296875