1372 0.5090143100857032 0.45486736323382015 0.09405237884037305 0.11402731818121907
1372 0.5572551180346808 0.3969360864484589 0.08928928413027978 0.08584777110331832
1372 0.6008007207078689 0.3523815170494239 0.08865224729857708 0.07491027110331831
1372 0.6523408339044009 0.31081557995563713 0.07936825256024882 0.07630912986961631
1372 0.7023639497317687 0.2700581664008007 0.07660727360693613 0.08250458279171564
1372 0.7478360734516444 0.23172632346281538 0.09268729991529537 0.09058981818121907
1372 0.7946886866481764 0.19024220698587965 0.08322129465362345 0.08886367694751698
1372 0.8399787998447081 0.1487853640478943 0.0925962946536238 0.08902731818121908
1372 0.8895391840879275 0.11351033726253308 0.08652830517696727 0.09204322402541769
1182 0.804002044441862 0.296437659907979 0.045008663111827475 0.049173885551659156
718 0.4485626574972196 0.41056398417498274 0.028109589448421346 0.027026150162155815
718 0.4940347812170952 0.3722321412369973 0.02838260523343692 0.03171365016215581
718 0.5414411312594476 0.32682813799058646 0.03141659997176518 0.030205697240056485
718 0.5843874944559795 0.28541220536102657 0.02838260523343692 0.03171365016215581
718 0.6337203655450192 0.24623092857566536 0.02369510523343692 0.03163182954530477
718 0.6830077340032229 0.20626840179030417 0.031598610495108835 0.0333306972400564
718 0.7294886208772782 0.1718291720828436 0.04115562101845249 0.03661933847375849
718 0.7702277419663179 0.13279789976170925 0.03821263154179633 0.03968979139585782
718 0.8204783709478655 0.09594673620687287 0.03472361049510866 0.03338524431795713
2235 0.39024889953412467 0.48352992573299625 0.1274109104104042 0.12397506249917604
1182 0.3974104101986427 0.3379446903434929 0.07936825256024882 0.07630912986961631
1182 0.444081012871831 0.2933355738665572 0.06641322625188942 0.06827844155801355
1182 0.49355039185337846 0.25649804708119595 0.0702662683452644 0.0808329886359143
1182 0.5381502603115822 0.21661734091268578 0.07936825256024882 0.07630912986961631
1182 0.5860571392931296 0.1798070876662749 0.0831302893919517 0.08730117694751702
1182 0.6374607445971538 0.13589740057248817 0.06143729991529536 0.09004434740221226
1182 0.688583628840373 0.1005951002481766 0.08009629465362345 0.08880912986961631
1182 0.7283139867752333 0.057671214696517425 0.07357327886860787 0.08401253571381495
1182 0.7702893841726322 0.033502652194045954 0.08745376834526422 0.06700530438809191