1802 0.43828125 0.2484375 0.39140625 0.44140625
1802 0.43984375 0.71484375 0.39921875 0.446875
1182 0.16015625 0.48671875 0.16796875 0.83125
717 0.7828125 0.40859375 0.159375 0.15625
717 0.7890625 0.5640625 0.1765625 0.13125
1182 0.946875 0.6875 0.08984375 0.221875
1182 0.9390625 0.2953125 0.08359375 0.27578125
1346 0.68671875 0.73671875 0.0359375 0.1390625
1346 0.68125 0.25234375 0.03671875 0.13671875
4439 0.6875 0.0640625 0.0640625 0.0921875
718 0.81484375 0.06875 0.03203125 0.0890625
718 0.8234375 0.91640625 0.040625 0.10078125
4439 0.6953125 0.9140625 0.06015625 0.1125
1803 0.7625 0.78046875 0.0375 0.1015625
1803 0.8203125 0.778125 0.03671875 0.09140625
1803 0.75546875 0.19765625 0.0328125 0.08984375
1803 0.821875 0.2140625 0.04609375 0.1078125