717 0.4974243627024217 0.4515591688676094 0.38602558916607277 0.3448237364928845
1165 0.8814892785862594 0.329634606080483 0.1887726156156063 0.19318709983059074
736 0.35777365963394536 0.9206262292356613 0.22593941567207604 0.13617823663405879
736 0.580589533353821 0.8700214715549152 0.1102234104104042 0.1278813472703419
1803 0.2088700969174062 0.46366213964606545 0.141686242036905 0.07988346302712265
736 0.20978087855802446 0.39854537386104993 0.10273015785015546 0.05269933674699843
736 0.801565102108491 0.5051799086266143 0.05869173151356151 0.07193518415851478
736 0.7615316363093578 0.5177022954300824 0.06016322625188941 0.07046368942018652
736 0.4210178413027985 0.8220907477220999 0.09831567363517095 0.05711382096198285
1803 0.3553634782474409 0.7177364476656303 0.08241765785015547 0.05151626834526439
1803 0.5520795835514651 0.6631645268024695 0.06310621572854594 0.06752069994353035
1803 0.7196219412745636 0.8344872480044486 0.12257222099021767 0.07254139988706036
718 0.9187540601562905 0.7818572587395538 0.16249187968741907 0.12213114718563745