717 0.3839213927820865 0.3155101053866794 0.2658596468722145 0.27956242003499837
1165 0.2494170459890142 0.5601220767027256 0.1805466210079671 0.19266130935708983
736 0.12556802052047814 0.49225222935231727 0.04887542069139798 0.06929544000636341
736 0.3685725597790677 0.6818618113860431 0.06225595909205772 0.04602157200827239
736 0.415138985880742 0.5049998667249973 0.062346887305303154 0.049146572008272396
736 0.41766120994998757 0.12286861939049736 0.06422763605166182 0.060102253341817756
736 0.4997091803248164 0.17696632073517865 0.06271060015828453 0.06164657200827235
736 0.6134270363555958 0.32443276141785976 0.07713681301126592 0.07431020401018137
736 0.54590691574334 0.36194130474217834 0.04704013605166182 0.059902258672817864
736 0.39866688822973995 0.5876487347230883 0.040517351411925875 0.05045453333863605
736 0.4384053381505977 0.6185901993952699 0.053153743731793844 0.055287484006999676
736 0.487960371932404 0.446452117401315 0.04993781551854859 0.052126121339908946
1803 0.5493621878466638 0.24319130474217837 0.05806856426490725 0.06315452800763595
1803 0.49463025758835444 0.5395299554025877 0.0532446719450391 0.05841248400699968