1372 0.12302097135581716 0.165625 0.2210419427116343 0.33125
1456 0.5412860961170856 0.8625 0.23924540802036276 0.15
1456 0.8101639127943578 0.940625 0.2341942813494537 0.11875
1346 0.770046895448722 0.85 0.2039067973424542 0.0671875
1346 0.6598708220878142 0.646875 0.15684998400699968 0.0515625
1346 0.5946408853437267 0.0765625 0.17888861600890885 0.065625
1346 0.33890960069222614 0.18828125 0.17111247867599957 0.06875
718 0.6944152607017712 0.25859375 0.09727498933799979 0.034375
718 0.5961072194064057 0.53828125 0.10663180800445424 0.0328125
1803 0.42981969541690523 0.615625 0.11224655601527207 0.1125
1803 0.4865520480983136 0.72421875 0.04585794000636341 0.046875
1803 0.5873412940801781 0.590625 0.09563976400381798 0.028125
1803 0.8461441294159506 0.60859375 0.04745680267345449 0.05
1803 0.9102702640833599 0.6140625 0.05210794000636341 0.046875
1803 0.5323874280314985 0.23203125 0.09563976400381798 0.028125
1803 0.5119380206874536 0.153125 0.049055665340545215 0.053125
1803 0.6370198366884081 0.16015625 0.049055665340545215 0.053125
1803 0.7171709606938169 0.2 0.08944430800445424 0.0328125
1803 0.7386096086887263 0.1625 0.10196248933799978 0.034375
4439 0.7365107593491356 0.11640625 0.09120680267345413 0.05
4439 0.7492236760820872 0.6046875 0.08809998400699967 0.0515625
717 0.7055111334340862 0.7421875 0.3044886000159085 0.1171875
717 0.6101231713876338 0.4 0.5505828973583625 0.184375
1182 0.36576190734404496 0.07890625 0.21277381468808992 0.1578125
1182 0.892188047342454 0.23671875 0.21562390531509196 0.2046875
736 0.5329055960375437 0.2765625 0.09563976400381798 0.028125
736 0.5642337947962668 0.9546875 0.1020352146721816 0.040625
736 0.7462163074076784 0.54765625 0.08477498933799979 0.034375
736 0.5768272240213171 0.15703125 0.052071577339272326 0.04375