1182 0.2921875 0.67109375 0.42578125 0.4234375
1802 0.5698561062499999 0.2861812015625 0.33496896249999997 0.537023578125 0.5762044265624999 0.7211863546874999 0.8126786062500001 0.4544678765625 0.5698561062499999 0.2861812015625
1802 0.352426709375 0.14170870468750002 0.119890834375 0.37419146406250003 0.34766560156250004 0.524322659375 0.580965534375 0.2845935859375 0.352426709375 0.14170870468750002
1182 0.82578125 0.2640625 0.12890625 0.12734375
1182 0.6359375 0.14765625 0.153125 0.12421875
718 0.46875 0.1796875 0.05546875 0.04765625
1803 0.52578125 0.215625 0.05234375 0.04609375
4439 0.82421875 0.503125 0.0625 0.0609375
718 0.884375 0.428125 0.04921875 0.0453125
1803 0.8203125 0.3890625 0.04609375 0.04140625
1803 0.78671875 0.42421875 0.0515625 0.0375
717 0.69453125 0.31875 0.115625 0.109375
717 0.61640625 0.26484375 0.090625 0.08125