719 0.46828889855191436 0.8118787430395091 0.7942249040419981 0.3646608856928378
1165 0.2694552406110935 0.3901997570373655 0.10621473201781732 0.1385704631253363
717 0.5561558092775479 0.37171292892543717 0.23612040802036277 0.16638909654926018
717 0.5200301419875915 0.05496782533881137 0.13853633601209037 0.09867743664223268
736 0.36805582527054836 0.4363867061648453 0.03323067067154515 0.038231973516896466
736 0.37576887527850256 0.37730128326836754 0.03017839600572696 0.04426345222957302
736 0.6628501572645031 0.4602676945127774 0.050199994668999895 0.02068384059717552
1803 0.738213783935412 0.4237731836170141 0.026889764003817974 0.029982430942249394
1803 0.7498512652769117 0.362852109111382 0.02694430800445442 0.03466993094224957
1803 0.4727813299650016 0.22454263400500168 0.09266021467218159 0.04707137797604233
1803 0.3038687926480009 0.11613954416413082 0.047038632001908984 0.01734031930985207
1803 0.4288415206476827 0.109742442671192 0.0408977200031817 0.02627827673520513
4439 0.3325210513208188 0.06886035257821957 0.08675566000954502 0.07632183540139544
1803 0.7317761639879097 0.037819258122646277 0.09260567067154532 0.04238387797604236
718 0.7305403806492735 0.07693638844447714 0.10352498933799978 0.04158620248167451
736 0.5592920893141373 0.10218167892543714 0.05176249466899989 0.02079310124083724