736 0.8387682414722077 0.6563161572247322 0.26507751038216937 0.15454423870145284
736 0.7748716124200732 0.7672905672342772 0.2810665314288567 0.16097605203690737
736 0.7102014386437278 0.8649837272438223 0.2551564788121382 0.1450601507001803
736 0.6851812389119589 0.5830524745783222 0.23457096302712283 0.1401362933640895
736 0.6117198940606914 0.7043013132559126 0.14276289462538863 0.11876927601845377
736 0.5385469755460178 0.8036569705999576 0.1332968893637169 0.11709768801718105
736 0.4464996285580245 0.4044569492759572 0.4502407366340588 0.22384077339272448
736 0.2147707573983976 0.5197296026416375 0.15670356826055967 0.17045904535327167
736 0.14203745464050477 0.6534784413192278 0.16406104195220045 0.16273745202099904
736 0.4618046520943734 0.5598529739417754 0.36264973137238704 0.22126011871417967
736 0.35965686512149614 0.6986347579567292 0.3508021787556686 0.20550784937936156
736 0.3191823255177829 0.835917129296638 0.4636661998023559 0.21306690539463347
736 0.689998999576477 0.437585433243186 0.056128173635170954 0.05218066534054522
4439 0.8126581656720762 0.1140650225573232 0.12457433674699843 0.10138178134945379
4439 0.7341768499011779 0.09543374856782273 0.07945925782192056 0.07743520401018136
736 0.7714100813441522 0.23806614389723196 0.08232665258848364 0.04623974801081765
717 0.8487523732963526 0.3982127558880052 0.3002855102409949 0.30329082137172547
736 0.8972676550781451 0.1842224338797328 0.04840667889684269 0.05365225867281791
736 0.9088876945406842 0.1958139145449147 0.04795165258848329 0.045839758672817865
736 0.9355789971574027 0.21113892254141486 0.04657116311182748 0.048946577339272414
736 0.9587280708208084 0.2327593838717786 0.04326415258848364 0.04578521467218159
736 0.9795271472562245 0.2512275732018242 0.04094570548755101 0.05367044000636332
736 0.9910561814570915 0.2729298505331425 0.017887637085816976 0.05663180800445433