1182 0.8828125 0.77578125 0.1828125 0.31875
718 0.278125 0.275 0.08046875 0.128125
718 0.5078125 0.29296875 0.0796875 0.1421875
718 0.73515625 0.28203125 0.08203125 0.12421875
736 0.25546875 0.184375 0.03046875 0.034375
736 0.31484375 0.19609375 0.01953125 0.0296875
736 0.69765625 0.2 0.03203125 0.03671875
1803 0.76328125 0.2 0.0265625 0.02578125
1803 0.3140625 0.4234375 0.03671875 0.05
1803 0.50703125 0.40625 0.040625 0.03828125
1803 0.7671875 0.425 0.03359375 0.046875
1803 0.7609375 0.50625 0.02890625 0.03203125
4439 0.7046875 0.3859375 0.0453125 0.07578125
4439 0.2546875 0.3796875 0.03671875 0.075
1803 0.3203125 0.50078125 0.02421875 0.0359375
1803 0.51484375 0.52421875 0.04140625 0.05546875
718 0.7046875 0.50078125 0.0265625 0.04609375
718 0.25234375 0.50234375 0.03671875 0.04609375
736 0.26796875 0.5515625 0.0390625 0.0296875
736 0.73671875 0.56015625 0.03046875 0.03203125