1372 0.08472373920283054 0.3614533844080688 0.06524833693238982 0.1213698858558109
1372 0.14891629376693388 0.3730672806029619 0.07329763527271585 0.12485875889134013
1372 0.21027984625644486 0.38062937758364324 0.07689623195336796 0.13125430810555194
1372 0.2759757012354667 0.3930972983856422 0.08674482863402008 0.13794095574818704
1372 0.338368957459244 0.40776341997342946 0.07185353444287887 0.12634848428423417
1372 0.4037571591189179 0.4139449534718754 0.06946224025173783 0.11533820967712849
1372 0.46296621575761376 0.4292467758454509 0.06813653859206373 0.11839043507002263
1372 0.5240337703217172 0.44071512282613234 0.071616736102553 0.12322348428423417
1372 0.5843200748858205 0.45214708250326074 0.07424482863402009 0.13735875889134022
2235 0.7053196591189179 0.42799045264330593 0.15528134108157482 0.11777831306795061
1182 0.11003416036831781 0.2136708558720215 0.07407796265733606 0.07351458271265772
1182 0.16977601327274722 0.221941428245597 0.0935383576783142 0.08376287799792799
1182 0.234217021571117 0.24062296174404302 0.06818316016782511 0.07791098428423435
1182 0.30026807406062794 0.24840338254604197 0.08307445435896632 0.08950345574818704
1182 0.35821062862473124 0.2597261803125116 0.07405465186945541 0.09375430810555185
1182 0.4221663848485086 0.2744650765074047 0.08967965186945541 0.0944820541766104
1182 0.4812570423170414 0.29132939888098025 0.07069285352912935 0.09048375889134022
1182 0.5470004414872044 0.2928234323794262 0.07369945435896633 0.08906680810555186
1182 0.6069907481259003 0.30816164205655466 0.0837848493799445 0.09887845574818703
2235 0.6262768962471561 0.7778962533052598 0.1341400468904336 0.10589474317557439
1182 0.042284095007044976 0.5593985787837162 0.06891686597668398 0.06704625889134022
1182 0.10407369998606683 0.5716845630679506 0.07251546265733606 0.07344180810555194
1182 0.16009855703968112 0.5876220862273144 0.07275226099766216 0.07656680810555194
1182 0.22783050869935512 0.5939127816364191 0.07502515601864027 0.08601458271265763
1182 0.288412811188866 0.6014384913135477 0.07767655933798814 0.07991013192686935
1182 0.35440466409329546 0.6100001621155465 0.08224566016782511 0.07856595574818712
1182 0.41336526699772486 0.6182343471855691 0.08331125269929238 0.09262845574818712
1182 0.4737816261259316 0.6382964441662505 0.0810383576783142 0.08318068114108108
1182 0.5403771302751165 0.6492382522718024 0.07502515601864027 0.08601458271265763