4439 0.31341074645625566 0.4514089990771494 0.12253393892580319 0.11522208667404979
1803 0.4404703015134729 0.25342447717792427 0.044229663787375625 0.05885336829088237
1803 0.5733841286267987 0.30403814158360865 0.05905362739018098 0.04735466378737554
1803 0.5513997046603902 0.34357101095422515 0.0603157387412331 0.04276729333702489
1803 0.5337220488925792 0.37660355645071836 0.05104086829088246 0.04372901603912895
1803 0.5111566340254695 0.4130614905961595 0.055528109191583755 0.04090440468807692
736 0.2563306292451075 0.5165321537652263 0.07029151603912895 0.052743070634920744
736 0.4618692304171267 0.4901339327611652 0.06424177513842758 0.05546755243632351
736 0.41810064158360866 0.5660746715023983 0.060716256939830335 0.04901729333702498
736 0.40329766194167427 0.6028132078995927 0.05154151603912904 0.05154151603912886
736 0.3601298504060521 0.6693789466408259 0.0523029796419344 0.039141645588778216
736 0.33358833436692314 0.7193183898855656 0.05713018198597286 0.06590440468807693
736 0.6100714026854922 0.22932923581579753 0.06404151603912886 0.052342552436323506
736 0.5904807934939085 0.2679306608619401 0.05270349784053181 0.045391645588778305
1182 0.21801550817644796 0.3252551141288292 0.16898504163898184 0.2815875663159842
1346 0.4831725339331845 0.4490886281653733 0.05506703423772628 0.05799177513842757