1182 0.9078017923225454 0.04179703199355411 0.09064641535490914 0.08359406398710822
1182 0.8056894551564391 0.6175441297580063 0.08374085149293861 0.1293682525602488
1182 0.8051545875719569 0.7809695929263034 0.09384782500983527 0.16263577886860786
1182 0.6699322716162996 0.6340098348926213 0.07225704827463009 0.12091871572854576
1182 0.11398863819237559 0.7955491764777685 0.08006954827463013 0.12137374203690499
4439 0.15909405253887862 0.9516479870575818 0.12366672896477807 0.07722889988706072
1794 0.4151894133380969 0.4270974951618512 0.22909691015912906 0.18296223137238704
2235 0.7788244865063467 0.0350496266683538 0.09067926634364483 0.0700992533367076
2235 0.6427941513570528 0.044245739759004976 0.10285148441265975 0.08849147951800995
718 0.7901997570373654 0.2270780244539822 0.09688570767745457 0.07255681043863911
718 0.6517710415662407 0.2483677374811049 0.08035377153942491 0.08093075256024873
718 0.7038095169247226 0.44996876386005125 0.14405563861970413 0.10175846302712266
735 0.4332245932719402 0.6921463715125628 0.2663455378830699 0.20380535239083955
4439 0.36545757508670984 0.5708243793344833 0.08776207995351379 0.05335178413027997
718 0.6192117337332297 0.8252564611727458 0.0992787341605581 0.04001732622365495
718 0.004687863978185946 0.2516157079066252 0.009375727956371892 0.05926858418674961
2235 0.024612233908456623 0.13121990792074265 0.049224467816913246 0.1125601841585147
717 0.41656515110495124 0.13418674224866656 0.2699946977900975 0.2683734844973331
736 0.46072542448596165 0.27661237677423456 0.06813799480421992 0.03975972099021767
736 0.35562837906132316 0.34420096615206885 0.06770095222957292 0.03350972099021767
736 0.002245924990164763 0.33360145527578927 0.004491849980329526 0.03904708944842143
736 0.612967087571957 0.7921632401119408 0.0722791915859112 0.032220236775233245
736 0.35157076566421486 0.8361763635494679 0.06435743094224948 0.03020271046687384
736 0.1628089144233776 0.8985229870575818 0.06991901609154336 0.042975726251889765
1803 0.7741044994957968 0.10119035864073175 0.08176345222957301 0.034328768345264306
1803 0.6527540233810104 0.12304151378946412 0.053419930942249394 0.02956567363517104
1803 0.3725152303021604 0.2918649214278581 0.061123170298587756 0.02845819994353018
1803 0.4700740192705111 0.5546162794333054 0.0754041915859112 0.0324022472985769
1803 0.35251055279098015 0.867244353026124 0.053419930942249484 0.02956567363517095
1803 0.5233036540318174 0.8059442900272362 0.0565449309422494 0.029747684158514788
1803 0.5286577895494284 0.840645513718877 0.053638452229573017 0.032690673635170954
1803 0.03146389540496806 0.25103958425733675 0.035948207677454616 0.06900760523343692
718 0.5851320286536651 0.9120508058828388 0.13882183540139542 0.09367294724210709
1803 0.7926420600035726 0.2922935007764589 0.07373243094224939 0.030748742036904985
1803 0.6547760732451244 0.3166627111727457 0.06312271287323483 0.0347992052052021
1803 0.8281264559127438 0.396822106080483 0.05854447351689629 0.036088689420186525
1803 0.8296289717521855 0.43096959292630344 0.07238845222957266 0.033782736775233246
1803 0.8319673679134583 0.4642903271412878 0.07093521287323483 0.03525423151356133