1456 0.63828125 0.4471993506070497 0.69375 0.49040633618230095
736 0.74765625 0.2056727322900202 0.375 0.22496626280124374
736 0.28203125 0.16091730026823123 0.3828125 0.21760878910960307
1794 0.15234375 0.8309707369869948 0.3046875 0.2505585260260105
717 0.65 0.7262043111445108 0.3046875 0.1958710260260105
1803 0.85625 0.7274728666038267 0.10625 0.10931335779368574
1803 0.8265625 0.9042019665755919 0.103125 0.1013188472703419
1803 0.6921875 0.9057784190793707 0.109375 0.11105786831702957
1803 0.55 0.8953098978915092 0.0953125 0.11492632096198285
736 0.4046875 0.873304637226991 0.08125 0.09848227360693614
736 0.4671875 0.6790394267601171 0.096875 0.1228298262236546
1803 0.34765625 0.6711575792780137 0.115625 0.11298438936371688
1803 0.1953125 0.26440559229101884 0.2 0.09446117349399667
1803 0.18984375 0.33034911070687034 0.203125 0.09464318401734033
1803 0.1734375 0.4188046659544248 0.190625 0.09235264192396553
1803 0.16875 0.5003276817394402 0.1734375 0.08197658404557515
1803 0.153125 0.5840502343561588 0.159375 0.0827200366905286
1803 0.14296875 0.6682355185570258 0.16875 0.08951606826055976