719 0.3637652447087708 0.31644280072805336 0.14600448535963517 0.1962591655834313
1794 0.057461248050588574 0.37358355032431156 0.07480110001590837 0.11846935633066594
1182 0.9543522400143175 0.5103868587597074 0.09129551997136502 0.5672614123370204
4439 0.9556602013446813 0.10025788229865773 0.01756930800445424 0.03311250892845372
4439 0.9521630313494537 0.13534594845128187 0.012827264003818329 0.028343188311602718
4439 0.9353749733449994 0.1022470762923033 0.014444308004454242 0.033057961850553055
4439 0.9341761000159083 0.13346980275335296 0.011264764003817974 0.028315914772652384
4439 0.931033466024817 0.19902661890597712 0.014444308004454242 0.033057961850553055
4439 0.9188869073440451 0.09492945413332474 0.012881808004454598 0.03303068831160272
4439 0.9001550886775904 0.09616467166592066 0.017532945337363513 0.029987508928453744
4439 0.9169522373488175 0.13004479382489922 0.012790901336727245 0.02521818831160272
4439 0.9150084766868172 0.16437888351647373 0.012790901336727245 0.02521818831160272
4439 0.9138277846912715 0.19716410997752337 0.011246582670272431 0.026753414772652383
4439 0.9118749333624987 0.23071694966909786 0.011228401336727246 0.025190914772652385
4439 0.9091044693666348 0.2611311525911972 0.014371582670272432 0.026807961850553053
4439 0.8918896973663166 0.2584873936627434 0.012845445337363514 0.029905688311602674
1346 0.9147373987109979 0.3424629732080482 0.017460220003181703 0.02373750892845372
1346 0.8898464867122705 0.35140159658484277 0.020603401336727244 0.02535455600635448
1346 0.9118669373806341 0.3642834261301475 0.018986357336090977 0.0206397824674041
1346 0.9121123853834977 0.38537717613014755 0.02374658267027243 0.026971603084255058
1346 0.8880390860518613 0.39745443627641724 0.020585220003181703 0.02379205600635448
1346 0.9095237347230883 0.43141637905224683 0.02211135733609062 0.020694329545304768
1346 0.8861953227243611 0.44038227596799173 0.02062158267027243 0.0269170560063543
1346 0.9063901913987698 0.49775444520487094 0.020530676002545434 0.0191045560063543
1346 0.8835975813971789 0.48564022889009106 0.022093176002545435 0.01913182954530477
1346 0.9058452987348605 0.5180533084353959 0.020548857336090975 0.020667056006354302
1346 0.8794282494032242 0.5300896582732401 0.023673857336090974 0.020721603084255236
1346 0.8807180294000425 0.5066794318121903 0.020548857336090975 0.020667056006354302
1346 0.9045555187380423 0.5414635348964454 0.020548857336090975 0.020667056006354302
1346 0.9067078173933609 0.4579243319743462 0.022184082670272432 0.02694432954530477
718 0.906338384110404 0.8289362613574951 0.017532945337363513 0.02998750892845372
718 0.9043400794477673 0.8585828510490696 0.018986357336090977 0.020639782467404187
718 0.8813202027768586 0.8269373847342898 0.017460220003181703 0.023737508928454075
718 0.8586730434436312 0.8273231684195098 0.017423857336090975 0.020612508928453722
718 0.8359531587762223 0.8214589521047297 0.015861357336090974 0.020585235389503253
718 0.8824468981142222 0.8566385215037648 0.01746022000318135 0.02373750892845372
718 0.8574287167806766 0.8546396448805595 0.01742385733609062 0.020612508928453722
718 0.833982126113904 0.8534492917963042 0.017423857336090975 0.020612508928453722
718 0.8023503181094496 0.8200913210172974 0.019022720003181705 0.02376478246740419
718 0.7788764554423586 0.8165572179330425 0.017460220003181703 0.023737508928454075
718 0.7562020241088131 0.8145992516182625 0.017442038669636162 0.02217500892845372
718 0.7319741834420405 0.8133952617645323 0.017460220003181703 0.02373750892845372
718 0.7006787301081768 0.8089435409855253 0.017442038669636162 0.02217500892845372
718 0.6772594114417222 0.8100969379012704 0.015843176002545433 0.019022735389503255
718 0.6537764581078587 0.8057815848170152 0.014335220003181704 0.02368296185055314
718 0.630357139441404 0.8069349817327602 0.020585220003181703 0.0237920560063543
718 0.8003611041135856 0.850519160708872 0.017387494668999894 0.017487508928453722
718 0.7784588321132675 0.8477935811635673 0.014298857336090797 0.02055796185055314
718 0.7541855381126312 0.842683341309837 0.014298857336090797 0.02055796185055314
718 0.7307662194461766 0.8438367382255819 0.020585220003181703 0.0237920560063543
718 0.7002429254455402 0.8386174042160501 0.015897720003181702 0.023710235389503252
718 0.6759969034452221 0.8358509143623201 0.01749658267027261 0.02686250892845372
718 0.6525866754455404 0.8377855612780649 0.01900453866963616 0.02220228246740419
718 0.6306389501113585 0.8311537317327602 0.01586135733609062 0.020585235389503253
718 0.4655224801081769 0.8048388733734992 0.01749658267027261 0.02686250892845372
2235 0.9027781267902217 0.9257294407406441 0.024328385343726923 0.07697160308425524
2235 0.8800855141231306 0.9222089744258642 0.019604522676635837 0.07376478246740419
2235 0.8550491514560399 0.9186475978026587 0.027417022676635837 0.07390115016215582
2235 0.8339281294557217 0.9159356550268292 0.02120338534372692 0.0769170560063543
2235 0.8003343794557217 0.9153492739393968 0.02436474801081765 0.08009660308425523
2235 0.7753161981221762 0.9133503973161915 0.02594542934436319 0.08168637662320535
2235 0.7525872227879944 0.9067049310014115 0.024292022676635838 0.07384660308425524
2235 0.7276417667886308 0.9109560543782059 0.02912497334499946 0.08642842370110629
2235 0.6963463134547672 0.9065043335991992 0.02285679201145392 0.08475682954530477
2235 0.6736627914544491 0.9037651172844192 0.02594542934436319 0.08168637662320535
2235 0.6502434727879944 0.9049185142001643 0.02917951734563573 0.09111592370110629
2235 0.6259429067870399 0.8974645243464341 0.024328385343726742 0.07697160308425524
2235 0.5735622467774949 0.8262519975610727 0.04302384134309047 0.07261138555165907
2235 0.5204281561107221 0.8245434472367613 0.03835452267663584 0.07409206493480838
2235 0.567512788788949 0.9105042666357962 0.04460452267663584 0.07420115909060954
2235 0.5158957447883126 0.904916739850435 0.04298747867599957 0.06948638555165906
2235 0.4673855194541308 0.8978212601429745 0.041479522676635835 0.07414661201270896
2235 0.41167132145126734 0.8757592995102375 0.03063292934436319 0.08176819724005639
2235 0.3215184887809947 0.8476285710205929 0.046076116008908666 0.06641593262955965
4439 0.3629969167727224 0.7874274565722521 0.012863626670908878 0.031468188311602675
4439 0.34500998543917694 0.7855513108743231 0.01124658267027261 0.026753414772652383
4439 0.20270430677113155 0.7729131688298422 0.014389764003817973 0.02837046185055314
4439 0.18628896610435883 0.7718455466708636 0.012827264003818017 0.028343188311602673
4439 0.12056396876985889 0.7621063080349494 0.014371582670272564 0.02680796185055314
2235 0.27188156810944947 0.8108319545436572 0.04306020401018138 0.07573638555165943
2235 0.26798495611867634 0.8787188839268062 0.046076116008908666 0.06641593262955965
2235 0.2144326947803584 0.8410728336024945 0.05412497334499946 0.08686480032431163
2235 0.10096963144490397 0.8234705020285948 0.04620338534372679 0.07735343262956
1369 0.20871685475013252 0.6183620365245939 0.37496582670272555 0.2721161022701809
717 0.2399822993714073 0.2846006911509765 0.07082267202418073 0.17932503571381497
717 0.15631582403722555 0.2768915568171333 0.06766130935708983 0.1761454886359143
1346 0.09768516402768054 0.20556993587597075 0.012899989337999785 0.03459318831160267
1346 0.0852124360279987 0.20769549756436803 0.012899989337999785 0.03459318831160267
1346 0.07426584536122599 0.20672333279171565 0.012899989337999785 0.03459318831160267
1803 0.0975140833863612 0.39224777556754525 0.011282945337363449 0.029878414772652385
1803 0.20267320337363454 0.30035237621616834 0.011082950668363534 0.012690914772652384
1803 0.11661752470558913 0.28869608157389964 0.011082950668363534 0.012690914772652384
1803 0.20132887937617983 0.319075102677218 0.014262494668999893 0.017432961850553052
1803 0.1136834287078163 0.305047784495999 0.014262494668999893 0.017432961850553052
736 0.22868062535804431 0.1859859131477993 0.014262494668999893 0.017432961850553052
736 0.1426522186903171 0.17667336850553061 0.015824994668999892 0.01746023538950343
736 0.0878465400222717 0.1655625446422687 0.011264764003818017 0.028315914772652384
736 0.1078232326941351 0.20418471387914794 0.008103401336727111 0.025136367694751714
4439 0.3113829426718634 0.04370868425111766 0.014371582670272609 0.026807961850553053
4439 0.29420453333863616 0.044189925322663914 0.014389764003817973 0.02837046185055305
4439 0.2754090800047725 0.039956392855259835 0.01124658267027261 0.026753414772652383
4439 0.23244033000477252 0.03920637053412549 0.014426126670908878 0.031495461850553054
4439 0.21366305800445434 0.03653533806672141 0.012790901336727067 0.02521818831160272
4439 0.16986760467059075 0.03186542897611189 0.014407945337363426 0.029932961850553063
4439 0.15187158267027256 0.029208033278182978 0.011228401336727112 0.025190914772652385
4439 0.272693160009545 0.07505809577735915 0.011228401336727067 0.025190914772652385
4439 0.22889770667568143 0.07038818668674965 0.014371582670272609 0.026807961850553053
4439 0.2124641846753632 0.06775806452777107 0.014407945337363514 0.029932961850553053
4439 0.1663613440085905 0.06617224512873603 0.014371582670272564 0.026807961850553053
4439 0.1499460033418178 0.06510462296975747 0.01593408267027252 0.026835235389503387
4439 0.2878914460136812 0.10578594439738738 0.014371582670272609 0.026807961850553053
4439 0.27147610534690847 0.10471832223840882 0.012790901336727067 0.02521818831160272
4439 0.22768065201304485 0.1000484131477993 0.014426126670908878 0.031495461850553054
4439 0.20972099267981753 0.1005160174498704 0.014389764003817973 0.02837046185055305
4439 0.16361815201304486 0.09893019805083536 0.014353401336727111 0.025245461850553052
4439 0.1479749706794994 0.09709496266133195 0.014371582670272564 0.026807961850553053
4439 0.3039346166852264 0.14199617978689077 0.014426126670908878 0.031495461850553054
4439 0.2867652980187719 0.14325867085843705 0.014407945337363426 0.029932961850553053
4439 0.2679516633513628 0.13746263839103295 0.012827264003817973 0.028343188311602718
4439 0.2257641633513628 0.13672625283937379 0.014371582670272609 0.026807961850553053
4439 0.20699598201781738 0.13483647037196972 0.019168170671545238 0.0362647824674041
4439 0.161628938017181 0.12935803774240986 0.017514764003817972 0.028425008928453722
4439 0.14597666601686288 0.12674155235290646 0.014407945337363426 0.029932961850553053
1803 0.13703692333704529 0.029730184658154746 0.008012494668999892 0.017323867694751693
1803 0.13504770934118143 0.060158024349729236 0.008030676002545345 0.018886367694751716
1803 0.13307667667886308 0.09214836404130372 0.008067038669636251 0.022011367694751694
1803 0.19606702534213596 0.0682529423687925 0.008067038669636206 0.022011367694751715
1803 0.18747327534213595 0.06810293790456563 0.008030676002545345 0.018886367694751716
718 0.19018974267981759 0.10017509821299116 0.015824994668999892 0.01746023538950343
718 0.2535164460136812 0.10518592654047991 0.014280676002545345 0.018995461850553053
1803 0.3078766820098632 0.0780155004037418 0.014226132001908986 0.014307961850553053
1803 0.25863066000954504 0.0748126339268061 0.008030676002545345 0.018886367694751695
1803 0.24844713800922685 0.07229160592362889 0.00799431333545444 0.015761367694751692
1803 0.24140679734245413 0.07138762499835236 0.00799431333545444 0.015761367694751716
1803 0.3066505366804539 0.10689447686479148 0.014226132001908986 0.014307961850553053
4439 0.9087179494350408 0.7649283084353958 0.015897720003181348 0.023710235389503433
4439 0.8907582901018134 0.765395912737467 0.015897720003181702 0.023710235389503433
4439 0.8743338587682681 0.7635470405784883 0.017460220003181703 0.02373750892845372
4439 0.8563378367679497 0.7608896448805594 0.01749658267027243 0.02686250892845372
4439 0.8391412461011771 0.7598083859521056 0.019040901336727246 0.02532728246740401
4439 0.821145224100859 0.7571509902541769 0.017532945337363513 0.02998750892845372
4439 0.8055020427673135 0.7553157548646734 0.01749658267027243 0.02686250892845372
4439 0.7875423834340862 0.7557833591667444 0.01749658267027261 0.02686250892845372
4439 0.7703367021005408 0.7539208502382907 0.020621582670272608 0.0269170560063543
4439 0.75155033943345 0.7504685677708867 0.020657945337363516 0.0300420560063543
1346 0.4693281854312228 0.7291394439903502 0.00981135200509069 0.0376636412337021
1346 0.45601966343090455 0.7265638689092724 0.011373852005090512 0.037690914772652385
4439 0.7359162487666773 0.7494145823813833 0.01749658267027261 0.02686250892845372
4439 0.7171298860995863 0.7459622999139792 0.01749658267027261 0.02686250892845372
4439 0.6999332954328136 0.7448810409855254 0.01749658267027243 0.02686250892845372
4439 0.6819554547660409 0.7437861452875965 0.017532945337363513 0.02998750892845372
4439 0.6647497734324954 0.7419236363591428 0.017532945337363513 0.02998750892845372
4439 0.6483344327657227 0.7408560142001642 0.017532945337363513 0.02998750892845372
4439 0.6334725014321773 0.739034415580136 0.017532945337363513 0.02998750892845372
4439 0.6131145480983137 0.7347736095737816 0.02067612667090888 0.0316045560063543
4439 0.5943645480983136 0.7344463271063775 0.020694308004454244 0.0331670560063543
4439 0.5787304574315411 0.7333923417168741 0.016043170671545325 0.03621023538950343
4439 0.5599531854312227 0.73072130924947 0.017514764003817972 0.028425008928453722
4439 0.5443372760979954 0.7312298238599666 0.017514764003817972 0.028425008928453722
4439 0.5271043227641319 0.7270235649315129 0.02063976400381797 0.028479556006354302
4439 0.5083815947644501 0.7290400324641088 0.019095445337363515 0.03001478246740419
736 0.48406284742995015 0.7200235426103785 0.012718176002545434 0.018968188311602675
736 0.4835452267663591 0.7426661558409033 0.014280676002545433 0.01899546185055314
736 0.4433469407622228 0.7115019305976696 0.015843176002545433 0.019022735389503432
1803 0.44593613876508637 0.7326365909060952 0.0064863573360907974 0.02042159415580134
1803 0.43660659209895003 0.7363791996723931 0.008103401336727245 0.025136367694751627
1803 0.4279582980983136 0.7315416952081663 0.008103401336727245 0.025136367694751627
1803 0.9089997601049952 0.7891470584353958 0.012699994668999893 0.017405688311602673
1803 0.8910491914385407 0.7903959127374669 0.014189769334818437 0.011182961850553142
1803 0.8730531694382225 0.787738517039538 0.014226132001908809 0.014307961850553141
1803 0.8558565787714496 0.7866572581110842 0.014280676002545078 0.01899546185055314
1803 0.8378696474379044 0.7847811124131553 0.014226132001908809 0.014307961850553141
1803 0.820691238104677 0.7852623534847016 0.014262494668999893 0.017432961850553142
1803 0.8018957847708134 0.7810288210172975 0.014226132001908809 0.014307961850553141
1803 0.784690103437268 0.7791663120888439 0.012663632001908986 0.014280688311602674
1803 0.7667122627704952 0.7780714163909149 0.01424431333545435 0.01587046185055314
1803 0.7503151034372679 0.7785662942319362 0.014262494668999893 0.017432961850553142
1803 0.7322918094366316 0.7735651485340075 0.014298857336090797 0.02055796185055314
1803 0.7143321501034043 0.7740327528360785 0.014262494668999893 0.017432961850553142
1803 0.6978895374363134 0.7706213806771 0.014226132001908986 0.014307961850553141
1803 0.6807111281030862 0.7711026217486461 0.014298857336090797 0.02055796185055314
1803 0.6627060154359953 0.7676639760507173 0.014226132001908986 0.014307961850553141
1803 0.6455094247692226 0.7665827171222637 0.014226132001908986 0.014307961850553141
1803 0.6282946527689044 0.7639389581938099 0.011046588001272539 0.009565914772652385
1803 0.612651471435359 0.7621037228043064 0.011082950668363623 0.012690914772652384
1803 0.595463971435359 0.7618037138758527 0.012645450668363622 0.012718188311602674
1803 0.5767048807685862 0.7606951814084486 0.014280676002545433 0.01899546185055314
1803 0.5587179494350408 0.7588190357105197 0.011082950668363623 0.012690914772652384
1803 0.5430929494350407 0.7585463003210163 0.014226132001908986 0.014307961850553141
1803 0.5227531774347226 0.7558479943146619 0.017387494668999894 0.017487508928453722
1803 0.5055384054344044 0.7532042353862082 0.014262494668999893 0.017432961850553142
4439 0.8977937046864991 0.16173512458801997 0.014444308004454242 0.033057961850553055
4439 0.895059603357726 0.19527432751011928 0.011264764003817974 0.028315914772652384
4439 0.8364471246817267 0.1255152065689567 0.014444308004454598 0.033057961850553055
4439 0.8321147080283169 0.22307599918263055 0.011246582670272431 0.026753414772652383
4439 0.8301345846992259 0.25428508887420503 0.011228401336727246 0.025190914772652385
4439 0.7758454320098632 0.08618392531936862 0.014371582670272432 0.026807961850553053
4439 0.7562596380092268 0.08115550608248938 0.012790901336727245 0.02521818831160272
4439 0.7390903193427724 0.08241799715403564 0.011282945337363515 0.029878414772652385
4439 0.7211033880092268 0.08054185145610673 0.012827264003817973 0.028343188311602718
4439 0.7031164566756815 0.07866570575817781 0.014407945337363514 0.029932961850553053
4439 0.6851477066756815 0.0783520600602489 0.014371582670272432 0.026807961850553053
4439 0.7551153086807721 0.11706573254353905 0.014444308004454242 0.033057961850553055
4439 0.7371101960136812 0.11362708684561014 0.011246582670272431 0.026753414772652383
4439 0.7191414460136812 0.11331344114768123 0.012827264003817973 0.028343188311602718
4439 0.7027170146801357 0.11146456898870265 0.009629538669636162 0.02203864123370205
4439 0.6854931520130448 0.10803956006024891 0.014335220003181704 0.023682961850553054
4439 0.735166435351681 0.1479611765371846 0.011210220003181703 0.023628414772652383
4439 0.71794257268459 0.1445361676087309 0.011264764003817974 0.028315914772652384
4439 0.7015363226845901 0.1442497954497523 0.014371582670272609 0.026807961850553053
4439 0.6819959820178173 0.14312762621287306 0.011228401336727246 0.025190914772652385
4439 0.7527266526893627 0.18029243546563836 0.012827264003817973 0.028343188311602718
4439 0.7348033560232261 0.18388503976770945 0.011228401336727246 0.025190914772652385
4439 0.7160351746896808 0.18199525730030536 0.011301126670908879 0.03144091477265239
4439 0.6980391526893627 0.17933786160237647 0.011228401336727246 0.025190914772652385
4439 0.6800340400222717 0.17589921590444754 0.012827264003817973 0.028343188311602718
4439 0.6975942573599533 0.20823047483290127 0.009665901336727067 0.025163641233702093
4439 0.6796436886934988 0.20947932913497236 0.01124658267027261 0.026753414772652383
4439 0.7668260626989076 0.2508367605467162 0.012863626670908878 0.031468188311602675
4439 0.7504016313653622 0.24898788838773767 0.011246582670272431 0.026753414772652383
4439 0.7316425406985895 0.2478793559203336 0.014389764003817973 0.02837046185055305
4439 0.7136374280314985 0.2444407102224047 0.01280908267027261 0.026780688311602675
4439 0.6956686780314986 0.2441270645244758 0.011264764003817974 0.028315914772652384
4439 0.6776635653644076 0.24068841882654687 0.014371582670272432 0.026807961850553053
4439 0.7469044613701347 0.28407595454036183 0.012790901336727067 0.025218188311602673
4439 0.7116845767027256 0.2779935499139792 0.011264764003817974 0.028315914772652384
4439 0.6757288953691802 0.27580375851812133 0.014407945337363514 0.029932961850553053
4439 0.6069136186744087 0.0676133831127319 0.014444308004454242 0.033057961850553055
4439 0.5889085060073178 0.064174737414803 0.011319308004454243 0.03300341477265238
4439 0.6057601986791813 0.10274235957378157 0.014371582670272432 0.026807961850553053
4439 0.5869647453453176 0.0985088271063775 0.011228401336727246 0.025190914772652385
4439 0.6037891660168629 0.13473269926535605 0.014407945337363514 0.029932961850553053
4439 0.5850300753500901 0.133624166797952 0.011264764003817974 0.028315914772652384
4439 0.6018090426877718 0.16594178895693054 0.012827264003817973 0.028343188311602718
4439 0.5830408613542263 0.16405200648952648 0.014389764003817973 0.02837046185055305
4439 0.6006283506922261 0.19872701541798024 0.014389764003817973 0.02837046185055305
4439 0.581878350692226 0.19839973295057614 0.016043170671545325 0.03621023538950343
4439 0.5994567493634533 0.23229349187902987 0.014407945337363514 0.029932961850553053
4439 0.5799073180299077 0.23039007264215067 0.012863626670908878 0.031468188311602675
4439 0.5967499200349984 0.2681764448011292 0.016024989337999784 0.03464773538950343
4439 0.5779635573679075 0.26472416233372514 0.014444308004454242 0.03305796185055314
4439 0.6131652607017711 0.2692440669601078 0.014407945337363514 0.029932961850553053
4439 0.49432271200668154 0.05783718830830743 0.015970445337363515 0.02996023538950341
4439 0.47636305267345425 0.058304792610378534 0.014426126670908878 0.031495461850553054
4439 0.4743738386775904 0.08873263230195301 0.011228401336727067 0.025190914772652385
4439 0.47316587468172655 0.11917410876300268 0.011264764003817974 0.028315914772652384
4439 0.43842724801081767 0.08732409090609519 0.014371582670272432 0.026807961850553053
4439 0.4216210086728179 0.05266271874711662 0.011264764003817974 0.028315914772652384
4439 0.43642894334818116 0.11697068059766969 0.012827264003817973 0.028343188311602718
4439 0.42042213534372674 0.08388544520816628 0.011319308004454243 0.03300341477265238
4439 0.41768803401495386 0.11742464813026561 0.014407945337363514 0.029932961850553053
4439 0.4156806386855446 0.14628998782184008 0.011264764003817974 0.028315914772652384
4439 0.41296471869031703 0.1813916907439394 0.014462489337999785 0.03462046185055305
4439 0.39157042934436315 0.08806838473758499 0.01767839600572705 0.042487508928453745
736 0.4666800646880899 0.16592637783772615 0.012827264003817973 0.028343188311602718
736 0.5312778193427723 0.07879061647364043 0.01580681333545435 0.015897735389503388
736 0.4479482460216354 0.16716159537032207 0.012899989337999785 0.03459318831160272
1794 0.5102846140197264 0.15419003692833563 0.059012468013999356 0.10413412094116259
1803 0.46306362133990875 0.05651046752930063 0.008067038669636161 0.022011367694751694
1803 0.4618465666772722 0.0861706939903503 0.0064499946689998925 0.01729659415580136
1803 0.4598937153484993 0.11972353368192479 0.011137494668999891 0.017378414772652385
1803 0.37976077267663594 0.08005133319545746 0.008030676002545256 0.018886367694751716
1803 0.5764175966740905 0.06473779910320028 0.008067038669636161 0.022011367694751715
1803 0.5744647453453176 0.09829063879477476 0.008048857336090797 0.020448867694751693
1803 0.5717306440165446 0.1318298417168741 0.008030676002545433 0.018886367694751716
1803 0.569768702020999 0.16460143140844857 0.009593176002545434 0.01891364123370205
1803 0.567007328691908 0.19579688433054793 0.009629538669636162 0.02203864123370205
1803 0.5658175460295896 0.22780086079159756 0.007994313335454351 0.015761367694751716
1803 0.5638465133672712 0.25979120048317206 0.011192038669636162 0.022065914772652385
736 0.6127021840388164 0.2965741801906326 0.01424431333545435 0.015870461850553054
1803 0.5946879807049528 0.2923542844927037 0.014226132001908986 0.014307961850553053
1803 0.8853204293443632 0.09668682304589242 0.011301126670908702 0.03144091477265239
1803 0.8841215560152721 0.12790954950694208 0.011210220003181703 0.023628414772652383
1803 0.8814147266868172 0.1637925024290414 0.012790901336727245 0.02521818831160272
1803 0.8817329000238626 0.19113625242904142 0.007994313335454705 0.015761367694751716
1803 0.879798230028635 0.2262515921206159 0.011155676002545079 0.018940914772652383
1803 0.8762646973663166 0.25821465827324 0.008048857336090976 0.020448867694751717
1803 0.8231476933481812 0.12372088148787883 0.011228401336727246 0.025190914772652385
1803 0.8179885733609078 0.2173617873320775 0.008067038669636161 0.022011367694751628
1803 0.8160539033656804 0.252477127023652 0.011228401336727246 0.025190914772652385
1803 0.6725749813414996 0.07188387174864619 0.011173857336090798 0.020503414772652384
1803 0.6698681520130448 0.1077668246707455 0.009574994668999892 0.017351141233702006
1803 0.6702772320178173 0.1429230746707455 0.011155676002545434 0.018940914772652383
1803 0.6682789273551808 0.17256966436232 0.011155676002545434 0.018940914772652383
1803 0.6647726666931806 0.20687648051494417 0.011192038669636162 0.022065914772652385
1803 0.6627652713637714 0.23574182020651863 0.00961135733609062 0.020476141233702005
1803 0.6624112827020893 0.27244693343704346 0.011173857336090798 0.020503414772652384
1803 0.7336232113701346 0.28384412945928394 0.011155676002545434 0.018940914772652383
1803 0.6953055987030438 0.2800509277550006 0.012790901336727067 0.025218188311602673
1803 0.40754941800604516 0.05163600689656356 0.008139764003817973 0.028261367694751717
1803 0.4055965666772723 0.08518884658813805 0.008103401336727245 0.025136367694751714
1803 0.40435224001431747 0.1125053230491877 0.008067038669636161 0.022011367694751715
1803 0.40240847935231727 0.1468394127407622 0.009665901336727244 0.02516364123370205