1165 0.7295747947564959 0.6995506156699454 0.4907170013526354 0.16781817955561246
717 0.30154705537872517 0.3499745030522177 0.21671697469763496 0.239343540252776
717 0.2825276194302683 0.7284336957252714 0.20071016669318062 0.20571216870147851
1346 0.7812890993793615 0.3798013596770516 0.08352266669318062 0.19957063206674713
1803 0.09355274204327073 0.32345851141996074 0.06449994668999892 0.17515048620519008
1803 0.09421909742995009 0.7162225435321363 0.06108404535327181 0.14998671189493057
1803 0.514801033378407 0.35880834972742887 0.08130563868554468 0.1432387449116174
1803 0.6084328547103617 0.353565329035214 0.07807155068427178 0.13369997060135788
1803 0.6944703520448616 0.36666287256735036 0.05794086401972649 0.14826043758467106
1803 0.564520864735815 0.5386496579588863 0.14636701734563573 0.09824050542706679
1803 0.7441265487348605 0.5410354307988078 0.11175566000954493 0.07612648801421233
736 0.32467766207826915 0.5932265360689045 0.10873974801081765 0.08533771370395282
736 0.3236140540658606 0.5018202860689045 0.10248974801081764 0.0850101650834338