719 0.4953125 0.15546875 0.75234375 0.30703125
1165 0.5171875 0.36171875 0.20078125 0.0484375
736 0.54765625 0.6484375 0.05 0.08125
736 0.64375 0.64375 0.0640625 0.05625
1803 0.3375 0.6453125 0.05234375 0.0625
1803 0.4359375 0.64453125 0.05703125 0.0578125
1803 0.44765625 0.76484375 0.08671875 0.0296875
1803 0.409375 0.90390625 0.08984375 0.02734375
1803 0.340625 0.3625 0.04609375 0.06171875
1803 0.67421875 0.44921875 0.08359375 0.0375
1803 0.675 0.54375 0.0921875 0.03515625
1803 0.30703125 0.54140625 0.103125 0.034375
717 0.48671875 0.503125 0.13984375 0.11328125
718 0.578125 0.91328125 0.1375 0.04609375