1182 0.48828125 0.20859375 0.1625 0.190625
2235 0.04609375 0.35703125 0.0609375 0.134375
2235 0.10390625 0.3578125 0.05625 0.12265625
2235 0.16484375 0.36015625 0.0515625 0.11796875
2235 0.22421875 0.3578125 0.05625 0.10859375
2235 0.28515625 0.36484375 0.0515625 0.0890625
2235 0.3484375 0.36875 0.0546875 0.1109375
2235 0.40390625 0.3578125 0.05859375 0.09921875
2235 0.4671875 0.36015625 0.04921875 0.09921875
2235 0.53046875 0.3640625 0.05234375 0.096875
2235 0.59296875 0.36484375 0.0484375 0.0890625
2235 0.64921875 0.36640625 0.05625 0.08203125
2235 0.709375 0.36875 0.0546875 0.096875
2235 0.77578125 0.36484375 0.05234375 0.0796875
2235 0.83671875 0.36875 0.05390625 0.10625
2235 0.8953125 0.36015625 0.06015625 0.09921875
2235 0.96015625 0.3640625 0.05078125 0.115625
1372 0.04140625 0.58359375 0.0390625 0.2875
1372 0.10078125 0.58984375 0.03125 0.30390625
1372 0.15546875 0.58046875 0.02734375 0.26640625
1372 0.21796875 0.58125 0.03203125 0.2734375
1372 0.28203125 0.58125 0.0296875 0.2875
1372 0.34140625 0.58359375 0.02734375 0.2828125
1372 0.4015625 0.5671875 0.02734375 0.2734375
1372 0.4625 0.58515625 0.02734375 0.25625
1372 0.52265625 0.58359375 0.0328125 0.26328125
1372 0.58203125 0.578125 0.02734375 0.26640625
1372 0.6421875 0.58828125 0.03515625 0.2875
1372 0.70546875 0.5859375 0.0328125 0.2875
1372 0.76796875 0.57578125 0.0265625 0.26640625
1372 0.8296875 0.5828125 0.0375 0.29921875
1372 0.8890625 0.578125 0.03828125 0.29453125
1372 0.95 0.57890625 0.0265625 0.2921875
1346 0.07734375 0.49453125 0.0109375 0.09921875
1346 0.1359375 0.5 0.01640625 0.0921875
1346 0.19609375 0.4859375 0.0140625 0.096875
1346 0.253125 0.490625 0.01484375 0.0921875
1346 0.3140625 0.496875 0.01328125 0.09453125
1346 0.3734375 0.4921875 0.015625 0.0703125
1346 0.4328125 0.4921875 0.0140625 0.0890625
1346 0.49375 0.48984375 0.01171875 0.09453125
1346 0.553125 0.48828125 0.0140625 0.10625
1346 0.6140625 0.48984375 0.0140625 0.10390625
1346 0.6734375 0.49921875 0.0140625 0.11796875
1346 0.73359375 0.4921875 0.009375 0.0796875
1346 0.79453125 0.4875 0.0109375 0.0796875
1346 0.85390625 0.490625 0.01484375 0.0875
1346 0.9125 0.49296875 0.0140625 0.0875
1346 0.97265625 0.4875 0.0140625 0.09453125
718 0.07734375 0.5859375 0.01796875 0.046875
718 0.13671875 0.59296875 0.0125 0.0375
718 0.1984375 0.5953125 0.01796875 0.05625
718 0.2546875 0.59296875 0.02265625 0.065625
718 0.3140625 0.59453125 0.0203125 0.06796875
718 0.375 0.59296875 0.0171875 0.065625
718 0.434375 0.59296875 0.02109375 0.065625
718 0.49453125 0.58359375 0.01796875 0.065625
718 0.55625 0.5875 0.02109375 0.06796875
718 0.6140625 0.58828125 0.0203125 0.065625
718 0.67265625 0.59453125 0.02265625 0.05390625
718 0.73359375 0.5953125 0.01875 0.0703125
718 0.79296875 0.59296875 0.0234375 0.0609375
718 0.85546875 0.5875 0.0171875 0.05859375
718 0.915625 0.58828125 0.0140625 0.065625
718 0.9765625 0.59453125 0.015625 0.06328125
1803 0.0765625 0.6859375 0.01640625 0.0875
1803 0.13671875 0.68125 0.0140625 0.05859375
1803 0.19453125 0.6859375 0.01875 0.07265625
1803 0.2546875 0.68046875 0.0140625 0.084375
1803 0.31640625 0.68046875 0.0125 0.065625
1803 0.37421875 0.67890625 0.01484375 0.07734375
1803 0.43359375 0.690625 0.0140625 0.07734375
1803 0.49375 0.68359375 0.015625 0.096875
1803 0.55546875 0.68984375 0.015625 0.09453125
1803 0.6125 0.68984375 0.01640625 0.10390625
1803 0.6765625 0.68515625 0.0171875 0.09921875
1803 0.7328125 0.67421875 0.01953125 0.096875
1803 0.79140625 0.6859375 0.025 0.1203125
1803 0.8546875 0.6875 0.01953125 0.10390625
1803 0.91875 0.70625 0.01953125 0.0890625
1803 0.978125 0.690625 0.0140625 0.1203125
718 0.59375 0.1875 0.01875 0.07734375
1182 0.29296875 0.8765625 0.32265625 0.2
1182 0.6953125 0.871875 0.325 0.1953125