1802 0.601210390888618 0.7680704594796459 0.44629438988021164 0.46385908104070805
1802 0.5912523387555901 0.3082242832019278 0.4561064324548587 0.48197426333166193
1182 0.870312318010907 0.5605507081516696 0.2593753639781859 0.8464831635169963
717 0.2528171775111802 0.5839831635169964 0.17865986758448216 0.16990081614940156
717 0.2442894934668376 0.4285962590704927 0.19264595792955613 0.14700895317271012
1182 0.08349446907742099 0.29127232994439967 0.11740529333095158 0.2301091406515056
1182 0.09841889063651647 0.6830233203257527 0.11799515521545056 0.283125013246844
1346 0.3435361045950319 0.2652827819359834 0.05358345792955612 0.142152783665264
1346 0.3578210238083389 0.7481944856568477 0.0550366972858944 0.14064484736759475
4439 0.354580681369578 0.9359028167823737 0.07541489926336578 0.09771330290255768
718 0.227198726542115 0.9197644068935744 0.04227461733238069 0.09187996515360979
718 0.20313570767745462 0.0741170901960187 0.05241444183801276 0.10314484736759481
4439 0.331916271539425 0.08796631378714886 0.07371028763096846 0.11791667549789595
1803 0.26676615496334904 0.2150620379264332 0.04939870248167448 0.10459821996293303
1803 0.20889902464151816 0.21226193094019155 0.04863387797604242 0.09366071996293313
1803 0.28402824472734534 0.7962748323914705 0.043946377976042325 0.09349702885594055
1803 0.21703748668157363 0.7744519068935745 0.060773245056321465 0.11123016587924894