2235 0.46790662985995485 0.09945890015309937 0.10491013192686935 0.07601335475263546
718 0.4183153906133218 0.24339724254844514 0.05127570967712849 0.06291117688202616
718 0.46991427791687473 0.24051498167403024 0.046224336641599174 0.05490767589344294
718 0.520241763648851 0.23144638779580973 0.04956766046291676 0.0597225098858317
1165 0.4302930440469252 0.45500590460172363 0.04393409057054054 0.03921900889724857
1165 0.5157767797789015 0.44450480330912934 0.04222604135632899 0.03603034190105418
1456 0.429246428454994 0.34354182258650123 0.030560795285270358 0.01995967292769345
736 0.4739232276692057 0.3386023131949611 0.027363020678164495 0.018269838935304605
736 0.5123136395798645 0.3346987217881985 0.036810795285270356 0.02021434091247105
736 0.4268277497951122 0.37872990608459844 0.025582196856846907 0.013518671939110227
736 0.4715409363128769 0.3730091466930583 0.02721747146395259 0.015144838935304605
736 0.5146552355270886 0.3681333042977125 0.03041524607105863 0.016834672927693452
736 0.4292785076529951 0.4098207385941125 0.030488020678164494 0.018397172927693363
736 0.4723928068672068 0.4049448961987666 0.028925520678164496 0.018333505931499162
736 0.5138354441707598 0.40247647079961535 0.02721747146395277 0.015144838935304605
736 0.4738439909037721 0.4407550622063779 0.024165246071058633 0.01658000494291585
1456 0.5017377427657989 0.6454770542977124 0.05599744292790554 0.030353344866803765
1803 0.4218319189444813 0.6534115711036265 0.011665246071058632 0.016070668973360826
1803 0.4382745562480343 0.6519618176435854 0.011665246071058632 0.016070668973360826
1803 0.45471719355158713 0.6505120641835443 0.011592471463952592 0.014508168973360824
1803 0.5285934952469983 0.6046146323586022 0.01827911910658777 0.024137836958138335
736 0.5011041960327866 0.6088538047920041 0.0215496683207995 0.027390170950527093
1182 0.4809286290358945 0.7406768077577536 0.12744010339082212 0.09096719269935694