1802 0.2125 0.4265625 0.24921875 0.21875
1802 0.3953125 0.365625 0.23359375 0.228125
1802 0.546875 0.28828125 0.23203125 0.22265625
1802 0.72421875 0.21796875 0.2296875 0.16484375
1182 0.8953125 0.38828125 0.0625 0.09375
1182 0.8421875 0.5140625 0.16640625 0.1125
4439 0.240625 0.64375 0.04765625 0.0421875
4439 0.41875 0.58671875 0.03828125 0.040625
4439 0.58359375 0.52421875 0.04375 0.040625
4439 0.7421875 0.46640625 0.0453125 0.0375
1346 0.28515625 0.59296875 0.04453125 0.04296875
1346 0.44765625 0.5296875 0.05234375 0.0359375
1346 0.6078125 0.4796875 0.059375 0.0421875
1346 0.759375 0.41640625 0.05 0.04375
1803 0.2671875 0.68046875 0.0390625 0.03046875
1803 0.284375 0.7109375 0.040625 0.04140625
1803 0.43203125 0.61875 0.04765625 0.0328125
1803 0.45703125 0.64453125 0.0390625 0.028125
1803 0.60390625 0.55703125 0.04453125 0.02890625
1803 0.6265625 0.58125 0.03203125 0.02890625
1803 0.76484375 0.49375 0.04765625 0.03359375
718 0.43359375 0.69140625 0.04375 0.025
718 0.50078125 0.659375 0.04375 0.03125
718 0.57421875 0.63984375 0.0359375 0.03515625
718 0.64140625 0.6125 0.034375 0.040625
717 0.3453125 0.63359375 0.08515625 0.10703125
717 0.51953125 0.571875 0.08515625 0.08828125
717 0.68359375 0.5109375 0.08515625 0.096875
717 0.83828125 0.44375 0.08203125 0.0828125