1802 0.7694899612508219 0.621367448858319 0.2778726507001803 0.2516751428552599
1802 0.5799820185789586 0.6563486006453279 0.2639010573679075 0.25924218100470675
1802 0.41914396857100444 0.712146812902918 0.2591408320337257 0.2529103603878557
1802 0.23421443789786833 0.7565847853067778 0.25067380402608974 0.19652399269310408
1182 0.08720471992363989 0.5641364123370204 0.07460110534690848 0.10128185633066593
1182 0.15654616060632096 0.44735406128136024 0.17965223201781738 0.13435918344033873
4439 0.7704728479471843 0.40259017531936864 0.05210794000636341 0.04777502678536116
4439 0.5864700179424117 0.43454178449270364 0.04271475867281786 0.04604888555165907
4439 0.41489446260345747 0.4729615819776415 0.04896475867281787 0.046157979707460585
4439 0.2496052699315941 0.5083654736183806 0.05049089600572696 0.04306025324641087
1346 0.719173429941139 0.4462350353034825 0.04900112133990895 0.04928297970746058
1346 0.5499234432686393 0.4862582430968459 0.058303396005727134 0.04319662094116268
1346 0.3847251572645032 0.513849634737585 0.06462612133990878 0.04955571509696384
1346 0.225613239258458 0.5556126205341255 0.05526930267345422 0.05095457386326192
1803 0.7490614719525931 0.3623645957740639 0.042605670671545325 0.03667388555165925
1803 0.7361529392902748 0.33010152069298593 0.045839758672817865 0.04610343262955983
1803 0.5774859166136388 0.4007843932590016 0.05043635200509069 0.03837275324641087
1803 0.5559472712842295 0.3714963137136969 0.04256930800445424 0.033548885551659156
1803 0.39889729260823 0.4375189598186628 0.04725680800445433 0.03363070616851012
1803 0.37967512527850256 0.4106155405817836 0.03473862667090888 0.03185001785690744
1803 0.23120071526895752 0.47835069115097656 0.05045453333863614 0.039935253246410875
718 0.585362598623502 0.3282508741842782 0.04722044533736351 0.030505706168510206
718 0.5147773786203202 0.35046106493151286 0.04729317067154533 0.036755706168510205
718 0.4396501092855022 0.3600894350618965 0.04107953333863605 0.039771612012708776
718 0.3691194332829569 0.3776121258091313 0.0395715773392725 0.04443183847375849
717 0.6650404606142752 0.3976242114402207 0.09822041868236298 0.11731595941492098
717 0.4840989959420936 0.4350991176914564 0.09487724267981754 0.0985114123370204
717 0.31332287193668473 0.47197005194586933 0.09654883068109026 0.1079136858759707
717 0.15104050059677593 0.5175847406645092 0.09169769867918123 0.09376936525911965