1346 0.890625 0.10078125 0.13671875 0.1453125
736 0.35625 0.04140625 0.07265625 0.0828125
736 0.62890625 0.23828125 0.0734375 0.06015625
717 0.49609375 0.11953125 0.15703125 0.10234375
4439 0.28984375 0.27421875 0.09453125 0.07890625
4439 0.2875 0.4046875 0.1046875 0.0859375
4439 0.31015625 0.5390625 0.08046875 0.06640625
4439 0.32265625 0.67265625 0.1 0.0671875
4439 0.31328125 0.80546875 0.1015625 0.071875
4439 0.30703125 0.9328125 0.109375 0.07421875
1803 0.4703125 0.33984375 0.07578125 0.053125
1803 0.465625 0.44296875 0.0671875 0.0625
1803 0.4671875 0.56328125 0.0640625 0.0640625
1803 0.46015625 0.69375 0.0703125 0.06796875
1803 0.4765625 0.81328125 0.06796875 0.05546875
1803 0.48359375 0.93984375 0.0625 0.0671875
1803 0.71875 0.190625 0.09375 0.040625