735 0.30495605541849613 0.6152151872249684 0.3585408480267261 0.21139107513232122
717 0.6979526247612684 0.6687660211801761 0.18375902402927125 0.22301037155854928
1346 0.5251894761298121 0.9353035582520451 0.18010567067154531 0.04325920456235508
1346 0.8633696341104041 0.778487236579765 0.1800693080044546 0.04013420456235508
1346 0.8351702667488599 0.5717252420169725 0.054034066677272105 0.08028967787060921
1803 0.4990264181253579 0.9035415636892526 0.28639203333863605 0.050713560303573504
1803 0.48528154411994906 0.864238983156905 0.31611589600572715 0.055048233231267216
1803 0.252859395448722 0.8400997820917722 0.20979317067154524 0.04446887749004844
1803 0.2609349774426768 0.795218363612703 0.21760567067154524 0.04478721247102051
1803 0.3290759027689044 0.7400732657801498 0.23010567067154525 0.04529654844057553
1803 0.8390850600731785 0.5051279910283893 0.15517839600572714 0.048490532623244674
1803 0.6778026620782691 0.5492175251345088 0.1065227200031817 0.0277668557412186
1803 0.6641032414067238 0.5138211946021611 0.13319430800445425 0.03822419467652338
1803 0.5305004007399512 0.5184834727767816 0.12385567067154532 0.04096719269935693
1803 0.5391230647676317 0.7221350547920041 0.061501121339908774 0.05092051285158128
736 0.8719355647676317 0.7085739846025987 0.18224997334499946 0.09332287155854928
1794 0.8961810394254958 0.6427115626634885 0.19594884667409077 0.06264587452429886