1372 0.7779468389843375 0.8733879567861536 0.3588669816532356 0.19791538502724143
1456 0.1508009933607006 0.39933641232494355 0.1592124152982611 0.24797523531769167
1456 0.10933461426498885 0.1222859148061429 0.14824764422102227 0.2427783130679506
1346 0.20106811719185508 0.17427860029045025 0.07462833703942992 0.20810790653397532
1346 0.38391749950902065 0.3064253585626179 0.05872153590796181 0.15894266046291677
1346 0.9363935805965223 0.43776717225425016 0.07292039129415606 0.18303513192686935
1346 0.7822838392789251 0.678601995661283 0.07599993949875809 0.17536818114108108
718 0.7731481711519936 0.3172107313932594 0.03807269262201594 0.10018409057054053
718 0.48047940300162095 0.3824184702256076 0.0365556444174139 0.10792381596343467
1803 0.3758878726528041 0.5381120062052529 0.11785109621281213 0.11952059553293921
1803 0.2785901709556019 0.4699677818458162 0.048710210772388504 0.04913101282028158
1803 0.4265731530016209 0.3849291941707597 0.03180451190385654 0.09676799214211709
1803 0.45319824375348405 0.1258067512428543 0.05184430113146821 0.05083906203449331
1803 0.45751303903121976 0.06152592742153671 0.04874657220870695 0.055381012820281586
1803 0.7725401588553534 0.48134600600036526 0.03180451190385671 0.09676799214211726
1803 0.8469498063960256 0.510701712162837 0.05497839149054755 0.052547111248705036
1803 0.8602896228491957 0.3858279906988843 0.05497839149054755 0.052547111248705036
1803 0.8347896530998169 0.301054884412578 0.03645565046753809 0.09073631596343468
1803 0.8753328398681003 0.28510024462782574 0.03966246369925486 0.10494436517764641
4439 0.9206998820225781 0.2923647810217559 0.05366133118569749 0.09466183664159918
4439 0.44047605083688063 0.22251908540325407 0.05364315046753809 0.09153683664159917
717 0.2968487706844554 0.25030809925699293 0.12989762002052546 0.31065501778268034
717 0.6188106499765589 0.38457166749673927 0.20789639675510507 0.5610959735308674
1182 0.9033321374835271 0.665149463610579 0.18250446955298755 0.22406685442427943
1182 0.8282482407284221 0.1191447594103234 0.21385446350286302 0.2382895188206468
736 0.7279634570599554 0.47560758230288214 0.03180451190385671 0.09676799214211726
736 0.06308282474278978 0.3659117903228716 0.045912463699254766 0.10523546360606986
736 0.49680331888905727 0.2331804495474432 0.036437469749379045 0.08761131596343467
736 0.853608351673761 0.44631172643086064 0.045621572208706954 0.05523546360606986