1182 0.6015625 0.8 0.11953125 0.11640625
1182 0.8015625 0.69375 0.1453125 0.12109375
1182 0.5943120765625001 0.0483734921875 0.1315630484375 0.25011500625 0.1962363625 0.3328090703125 0.642259621875 0.1298001484375 0.5943120765625001 0.0483734921875
1802 0.6609375 0.26640625 0.34375 0.30390625
1802 0.41953125 0.375 0.34296875 0.32421875
4439 0.396875 0.696875 0.06171875 0.0734375
4439 0.77421875 0.50546875 0.06328125 0.0578125
1346 0.7046875 0.53671875 0.05859375 0.05703125
1346 0.478125 0.64765625 0.06328125 0.05546875
718 0.4296875 0.79765625 0.06328125 0.05
718 0.85625 0.59140625 0.046875 0.040625
1803 0.47578125 0.71953125 0.05625 0.04609375
1803 0.50546875 0.76328125 0.053125 0.0375
1803 0.75703125 0.58359375 0.05078125 0.04140625
1803 0.79140625 0.62421875 0.05234375 0.03046875
717 0.6890625 0.63359375 0.10703125 0.11328125
717 0.6015625 0.6796875 0.1296875 0.125