719 0.4587353493887446 0.31178299431480516 0.8799706987774891 0.6213818623494859
717 0.4691914082975706 0.8085291916980866 0.36194888059640906 0.2781066733528224
1346 0.03475453753924254 0.14299884207925734 0.060829036634731395 0.1203726841585147
718 0.8697702674128547 0.08492842285871215 0.09266553482570927 0.07393729991529538
1346 0.8363778290352141 0.6515552097610022 0.09635710085908258 0.11465330517696729
1165 0.7265424836031983 0.6809858335514651 0.1097578595655099 0.1325688472703419
1803 0.9411527809805218 0.4512583491247192 0.07054487336031982 0.06797572625188941
1803 0.8482890880803255 0.8936972071301664 0.07999511646291495 0.09968075256024847
1803 0.37371953527593504 0.9634148417969086 0.10549972749876275 0.0513188472703419
1803 0.25432440411369905 0.8996036998023559 0.0707905348257091 0.07266322625188941
1803 0.2348606739014028 0.7808614050781453 0.07128185775648763 0.08203822625188942
1803 0.20556824230962553 0.6677775761530675 0.06717421189493056 0.06310621572854594
736 0.3063937579134578 0.6596304181617376 0.07712242198083885 0.0745897472985769
736 0.6476583242855156 0.9443210204819901 0.13008364767057934 0.07455892619541978
736 0.8227922845985665 0.540943933452643 0.08600609905006032 0.06576077886860787