719 0.477809174511885 0.15758986807313055 0.66811834902377 0.3151797361462611
1803 0.8090745856310895 0.2586512146440364 0.05416139448011279 0.061849336641599174
4439 0.6985967816533298 0.33494834905210513 0.09826595048646744 0.08419952564056317
1165 0.30795991923358396 0.48684491273922836 0.08208757142762994 0.14121150496239884
1803 0.3001592816533299 0.35350587386409876 0.058930715096963925 0.06675516046291677
1803 0.6368270332748877 0.6036662698541041 0.04497730925276535 0.07235018899896399
1803 0.36265887621287307 0.664130850704735 0.07420115909060954 0.0471704065339754
1803 0.3652168603845604 0.7210893260976292 0.09276024431795715 0.03710620181924558
1803 0.3655129151730989 0.7828444634011821 0.08360343262955983 0.0491695541766104
1803 0.6809470004004465 0.7572064927657989 0.09772047970746059 0.05294952564056317
1803 0.6049629732080481 0.8835014731210918 0.0756545649348082 0.040993181141081435
718 0.46129479382489913 0.8948842369748305 0.11811480032431163 0.05858309553293921
717 0.5196104853862081 0.47307770347638467 0.1905352711033185 0.09318072745980874
736 0.4980706761334428 0.4037112733687607 0.11156479139585791 0.04110449710451576
736 0.49648485673440773 0.35765391067231367 0.11468979139585792 0.04125004631872757