1182 0.4646990905203009 0.7856948304951665 0.22793860174504044 0.20715987847863157
1182 0.44165689431968724 0.1872745765408339 0.22001684110137862 0.20527904349765969
1182 0.4000803075809095 0.4890400063886096 0.11052187278026224 0.13226335475263545
1456 0.607391154963349 0.18208837494422841 0.1291954631253361 0.10965352570316252
2235 0.6103772133005633 0.9082489683281573 0.10458894703379293 0.0696996877564409
1803 0.580324090520301 0.7809834727767816 0.029184755447881728 0.038582338935304605
1803 0.5674220828035054 0.08108163186431065 0.03245186708027905 0.018460839923887827
1803 0.585401176502774 0.2597650473776303 0.03245186708027905 0.018460839923887827
1803 0.5386897034900807 0.37605589224443403 0.021372255447881728 0.038264003954332715
1803 0.489645188154842 0.5598207385941125 0.026933840597175518 0.05095500494291585
1803 0.4491401564759583 0.6304170814837498 0.022279191585911205 0.028952670950527094
1803 0.47279617776328176 0.6325870765408339 0.019154191585911206 0.028825336958138336
1803 0.5093346113034214 0.6397164856283629 0.03285605866619044 0.04652217292769336
1803 0.5431468825907448 0.6414726452101835 0.032200494804219916 0.03714717292769336
717 0.6047124493027068 0.7039925498490882 0.08358803218308672 0.08130834980971961
717 0.5757412252816072 0.5249735533091293 0.09398993664223276 0.14093801779449713
717 0.6130123602950152 0.34090495943090876 0.07654035668871888 0.09192751482874754
736 0.566291271539425 0.053706048366213455 0.0389203883676025 0.02184050790866541
736 0.5699515031020932 0.10604979836621346 0.038811127723940866 0.02027800790866543
736 0.6152361419738988 0.27186845794803405 0.016247712873234833 0.03182300296574958
736 0.6491030435830532 0.2744058675298546 0.03924817029858776 0.02652800790866543
736 0.5117012325710742 0.32622964718734987 0.029403276735204997 0.04170733893530461
736 0.5382091022492433 0.3243660582520452 0.020028276735205 0.04132533695813834
736 0.5629905809619199 0.3202223863129349 0.025731973516896288 0.033767504942915846
736 0.5161427141337425 0.3785415636892527 0.024169473516896467 0.03370383794672147
736 0.5606739641337424 0.3767270542977125 0.01893567029858776 0.025700336958138337
736 0.5565052702020428 0.44035847277678164 0.03590464901126431 0.023275673916276673
736 0.5143777543626008 0.47654798216832184 0.022825494804219915 0.036765170950527094
736 0.5177866136492097 0.5477053991645162 0.021153734160558102 0.03513900395433271
1803 0.6011457808457045 0.44010646338524156 0.03088936708027905 0.018397172927693363