4439 0.28203125 0.15859375 0.14140625 0.30625
4439 0.46875 0.1625 0.1578125 0.2953125
4439 0.665625 0.1625 0.14140625 0.2734375
4439 0.6546875 0.509375 0.13359375 0.30390625
4439 0.45859375 0.53203125 0.10546875 0.3
4439 0.21328125 0.52890625 0.134375 0.3
1803 0.33984375 0.48828125 0.040625 0.146875
1803 0.521875 0.846875 0.06171875 0.07421875
1803 0.62265625 0.84609375 0.075 0.08984375
736 0.61875 0.96171875 0.07109375 0.07265625
736 0.52734375 0.95625 0.06640625 0.06171875
736 0.43671875 0.9265625 0.0515625 0.146875
736 0.35234375 0.92109375 0.090625 0.1578125
736 0.71328125 0.93046875 0.05 0.1390625