2235 0.5 0.88203125 0.09609375 0.06640625
718 0.44765625 0.74296875 0.04375 0.0578125
718 0.4984375 0.740625 0.04140625 0.05078125
718 0.54921875 0.74375 0.04453125 0.0546875
1165 0.4546875 0.5296875 0.03984375 0.03359375
1165 0.53984375 0.53125 0.0390625 0.03203125
1456 0.45546875 0.64140625 0.02890625 0.0171875
736 0.50078125 0.64140625 0.02578125 0.01640625
736 0.5390625 0.64140625 0.03359375 0.01640625
736 0.45234375 0.60703125 0.025 0.0109375
736 0.49765625 0.6078125 0.02421875 0.01328125
736 0.540625 0.6078125 0.02890625 0.0140625
736 0.4546875 0.575 0.02734375 0.015625
736 0.49765625 0.575 0.0265625 0.01640625
736 0.5390625 0.5734375 0.025 0.01171875
736 0.49765625 0.5390625 0.02109375 0.0140625
1456 0.52109375 0.33125 0.05390625 0.02421875
1803 0.44140625 0.33203125 0.009375 0.01484375
1803 0.4578125 0.33125 0.009375 0.01484375
1803 0.47421875 0.33125 0.01015625 0.0140625
1803 0.5484375 0.36875 0.01484375 0.02265625
736 0.52109375 0.36796875 0.01875 0.025
1182 0.4984375 0.2375 0.11796875 0.07890625