2235 0.43515625 0.12421875 0.29140625 0.22421875
1165 0.7890625 0.88125 0.340625 0.16875
1803 0.36484375 0.853125 0.09765625 0.19375
1803 0.634375 0.225 0.06328125 0.11875
1803 0.625 0.44921875 0.08125 0.05546875
1803 0.61796875 0.52421875 0.05390625 0.1171875
1803 0.62734375 0.634375 0.07265625 0.0671875
736 0.5984375 0.7484375 0.0703125 0.07421875
736 0.715625 0.76640625 0.06484375 0.06015625
736 0.89921875 0.765625 0.05625 0.05859375
2235 0.48828125 0.85546875 0.06484375 0.121875
717 0.8375 0.60625 0.16328125 0.19921875
1182 0.70390625 0.2328125 0.0875 0.1734375
1182 0.87109375 0.084375 0.2578125 0.121875
1182 0.7828125 0.2328125 0.0609375 0.1734375
1182 0.85234375 0.24375 0.06171875 0.21328125
736 0.62109375 0.3609375 0.07109375 0.05234375
1182 0.26796875 0.478125 0.53515625 0.38828125
736 0.46796875 0.275 0.0734375 0.059375