717 0.9400725716195317 0.3821097702104074 0.0694045058537327 0.1169057001845701
717 0.7707185836215843 0.42344257634735866 0.22953400565734067 0.25680641424880085
2235 0.3669072615110732 0.33130725015688356 0.07279312626704142 0.1624184592838688
1794 0.38892420383850157 0.6229743160114424 0.268805583916172 0.29524715299003396
2235 0.5622793697259378 0.46337237122554303 0.08565674063022613 0.22571949568106325
4439 0.5492965389330239 0.11251077807308829 0.07257495764913066 0.1249184592838688
718 0.8951130329810955 0.05585786474713805 0.058594270880847434 0.1117157294942761
718 0.08315040592848724 0.45578082819305993 0.06318177693097131 0.12119268198597286
1803 0.8218255239059093 0.07316317165928174 0.04902837334017533 0.10466651603912895
1803 0.7437823371376258 0.09223214914174781 0.05227154800821019 0.12517927513842758
1803 0.21258389675510508 0.538145140346991 0.04891019867214012 0.08435401603912887
1803 0.09175376716841396 0.5912176804448134 0.041079517953980904 0.08072836829088229
1803 0.8273150590283042 0.7480630421096325 0.04911927693097127 0.12029151603912905
1803 0.7593644897464633 0.755543677519378 0.050645415494652825 0.11414164558877822
1803 0.6875031252850828 0.7624933868032466 0.05681360226293641 0.10047966378737563
736 0.9678400650784283 0.7218638826411935 0.05523292154477701 0.09725453423772627
736 0.8968463090283041 0.7436072771502376 0.06144656010845857 0.09140505243632369
736 0.6594300630353248 0.10154539482281115 0.05842155405833438 0.1083922933370249