2235 0.1037184487493275 0.5568834508028789 0.207436897498655 0.3066061551495022
1165 0.8664998131056658 0.16509196483942312 0.19256882031825812 0.33018392967884624
1803 0.8087105483515046 0.5804855158914707 0.2005241599070274 0.10929106415651582
1803 0.199433009383154 0.35120634485049773 0.12312042574646939 0.0701098457733484
1803 0.4229961955211836 0.3462127544758202 0.06193155347041017 0.08485466378737554
1803 0.4975045226247058 0.34843778609265275 0.12090236188449896 0.060634716223699134
1803 0.6083163364866762 0.33200365284237565 0.07221348960843983 0.07618057063492083
736 0.720357514578934 0.3536004457179752 0.07991672896477801 0.0751187183831675
736 0.7465208128535642 0.235261455897008 0.06396394703379293 0.06942992288667416
736 0.758577688483818 0.051717770671832655 0.06330838317182241 0.0600549228866742
2235 0.8196858892007818 0.45689782156699665 0.12646394703379293 0.07343510487264701
717 0.5948868930591795 0.1236497347360634 0.21136310694082033 0.17531658235511313
1182 0.2121076080261012 0.28117444710225115 0.17955609604505715 0.09861438001107459
1182 0.07536099689790686 0.1281552783776301 0.13990300620418628 0.2563105567552602
1182 0.21762527053101882 0.20226819710225116 0.17769866510280768 0.07205188001107458
1182 0.23342486917396604 0.1320360402547059 0.2168704257464694 0.07611761875230769
736 0.3344417939120293 0.35577632403100684 0.058150989608439826 0.07527940468807692
1182 0.4269363884444772 0.7013916078073077 0.4248671401323133 0.5592071283130317
736 0.23779675083317922 0.5144084492617195 0.06451025025210155 0.07724242288667434