1182 0.27578125 0.90859375 0.3375 0.1578125
1182 0.4765625 0.15 0.4 0.2234375
1182 0.71953125 0.90078125 0.3296875 0.1984375
2235 0.11015625 0.31953125 0.15 0.1234375
2235 0.2703125 0.3265625 0.12890625 0.1234375
2235 0.43515625 0.328125 0.13203125 0.1265625
2235 0.59296875 0.334375 0.1296875 0.1265625
2235 0.75703125 0.3390625 0.14765625 0.128125
2235 0.915625 0.334375 0.13984375 0.13984375
1346 0.18359375 0.48515625 0.0421875 0.10859375
1346 0.34140625 0.48046875 0.0359375 0.08125
1346 0.49296875 0.48671875 0.0296875 0.09453125
1346 0.65390625 0.48125 0.034375 0.0765625
1346 0.80703125 0.48203125 0.028125 0.06796875
1346 0.965625 0.47890625 0.02890625 0.09140625
1372 0.09609375 0.58671875 0.07890625 0.328125
1372 0.25703125 0.57578125 0.08515625 0.33984375
1372 0.41640625 0.58515625 0.0921875 0.334375
1372 0.57265625 0.58359375 0.08359375 0.334375
1372 0.7375 0.58046875 0.1 0.334375
1372 0.89921875 0.58984375 0.10078125 0.36796875
718 0.18515625 0.5984375 0.04765625 0.06484375
718 0.34140625 0.59453125 0.03671875 0.06328125
718 0.5 0.5984375 0.0375 0.06171875
718 0.64921875 0.5921875 0.03671875 0.05859375
718 0.8109375 0.59140625 0.04453125 0.06640625
718 0.9671875 0.59140625 0.04765625 0.0703125
718 0.75625 0.1015625 0.071875 0.08359375
1803 0.7640625 0.17265625 0.0609375 0.0515625
1803 0.18359375 0.70078125 0.0296875 0.11015625
1803 0.3421875 0.70703125 0.02421875 0.09453125
1803 0.496875 0.696875 0.02890625 0.09453125
1803 0.65078125 0.71171875 0.03203125 0.11796875
1803 0.8078125 0.70390625 0.0359375 0.08984375
1803 0.96640625 0.71171875 0.0421875 0.13125