719 0.19140187585660134 0.48471244935549895 0.3653307414722077 0.669424898710998
1803 0.34525783404557525 0.1773373960454979 0.06246917889684287 0.05381589067472694
4439 0.40846973656347163 0.29752317405313394 0.08698333148532651 0.09938292934436319
1165 0.5173328572289884 0.7055453067313607 0.14388577886860804 0.08443063868554468
1803 0.38310207039728544 0.6930533027132251 0.06752069994353027 0.0601204346753633
1803 0.6696718180487982 0.3989333220878142 0.07451415258848364 0.046148841343090476
1803 0.6999787572572232 0.6780032040897231 0.04968075256024882 0.07552725867281787
1803 0.7573285256730747 0.6841355727641318 0.03974431043863902 0.09258748933799979
1803 0.8187665546122698 0.6934383947724042 0.05178928413027961 0.08492044000636341
1803 0.8285539943853923 0.3789219087762222 0.05573333148532633 0.09901930267345413
1803 0.9456420548240313 0.47240937412472145 0.04343075256024846 0.07545453333863605
718 0.9415145388978416 0.616013923456358 0.06160389988706072 0.1193863466740904
717 0.5269221469032888 0.4948623454009969 0.0986026419239657 0.191643154678545
736 0.4556841837349917 0.5049635040579064 0.043961373578701314 0.11137385200509069
736 0.4093174179499762 0.4997396547183158 0.04414338410204497 0.11449885200509051