1794 0.6328125 0.5051317131821859 0.1109375 0.1407279515702104
717 0.5015625 0.5005314782258806 0.1640625 0.17039873119538154
1182 0.23671875 0.4373565621533362 0.1421875 0.11819973370266404
1182 0.784375 0.5712604815245859 0.153125 0.17789298244902269
4439 0.32734375 0.45249348033745174 0.046875 0.05761392319868044
718 0.30859375 0.5160104110579795 0.03125 0.060284282132453626
1803 0.37890625 0.44696254585600015 0.0265625 0.046085389812585476
1803 0.33828125 0.5059367290838105 0.025 0.044477425705962935
1803 0.36953125 0.5162210112162641 0.021875 0.039698997492717505
1803 0.396875 0.525610383082161 0.0265625 0.05077288981258547
1803 0.37421875 0.5897949035361322 0.046875 0.03417642319868044
1803 0.4390625 0.6026191639609734 0.0359375 0.0322956744523216
1803 0.50390625 0.6154434243858147 0.040625 0.029307066772189572
736 0.40859375 0.45329511388183114 0.0296875 0.05086381802583091