1372 0.41953125 0.4515625 0.18828125 0.43046875
1372 0.8984375 0.4421875 0.19296875 0.40390625
1346 0.45625 0.7 0.15625 0.05546875
1346 0.33125 0.75078125 0.2234375 0.0515625
1346 0.73046875 0.74609375 0.1734375 0.07109375
1346 0.8734375 0.69765625 0.17265625 0.05078125
718 0.19921875 0.1015625 0.17421875 0.040625
718 0.684375 0.09453125 0.1578125 0.04375
1346 0.2015625 0.14296875 0.12734375 0.05078125
1346 0.69609375 0.146875 0.1390625 0.03515625
4439 0.35 0.1984375 0.0734375 0.07265625
4439 0.82421875 0.20078125 0.0796875 0.06640625
1803 0.05390625 0.115625 0.06640625 0.06953125
1803 0.546875 0.115625 0.03515625 0.06015625
1803 0.83359375 0.1484375 0.06953125 0.02578125
1803 0.3484375 0.146875 0.0765625 0.03046875
1803 0.4265625 0.18828125 0.0375 0.065625
1803 0.91640625 0.18046875 0.04453125 0.06171875
1182 0.18046875 0.52890625 0.08515625 0.128125
1182 0.6515625 0.5390625 0.07890625 0.1328125
1182 0.58515625 0.87265625 0.8296875 0.15390625
1182 0.05703125 0.33828125 0.0609375 0.14375