1456 0.88965777207986 0.5934173028799841 0.17963514536918018 0.26508971057599684
1456 0.14472762742676842 0.6890766564194666 0.19342492536599848 0.24173402380771342
1346 0.8630299953850885 0.38624515231424994 0.09960110534690862 0.10057269262201593
1346 0.27271353071290694 0.3421885417616942 0.1491465720082724 0.061801084112563666
1346 0.32106231341499625 0.6033896621750031 0.08383065467854492 0.08798178903121964
1803 0.2765385120544066 0.4023629724798535 0.17421929734245412 0.06819652985783761
1803 0.26552883406267896 0.4632322947867564 0.08008748933799978 0.034838608313060605
1803 0.6054345767027256 0.26912933342519263 0.09573067067154532 0.036492011903856716
4439 0.47363059337204366 0.28789244808296494 0.07734429734245421 0.06763292759490121
1803 0.3413448047024074 0.26524931274073726 0.044404528007635946 0.056504530054229285
1803 0.4456595873647259 0.23382711679907162 0.09727498933799979 0.034938602262936325
1803 0.26798912070336195 0.2718533158639952 0.04903748400699968 0.05184430113146821
718 0.1993482087046346 0.28082834006449203 0.04445907200827235 0.06119203005422928
736 0.6001561833624987 0.21832081234795378 0.10199885200509069 0.038090873340175156
736 0.5847264661043589 0.7720997973208391 0.09881930800445424 0.03338519262201593
717 0.5397106740531339 0.39451969798476905 0.2625192760184536 0.1374555899662962
717 0.5653026620782692 0.5798123033709633 0.2514545066836355 0.1264544574527388
1182 0.5185511000159083 0.12019640885535346 0.43499426002545344 0.1900180294650541
1182 0.6155684807844946 0.8714912641433518 0.26308289735836254 0.1858930899662962