1802 0.640625 0.44921875 0.33828125 0.38203125
1802 0.45703125 0.26875 0.35625 0.26953125
1182 0.71328125 0.275 0.34140625 0.25078125
1346 0.503125 0.65 0.07109375 0.065625
1346 0.30234375 0.5015625 0.05234375 0.04140625
4439 0.575 0.715625 0.0515625 0.0609375
4439 0.221875 0.453125 0.05234375 0.040625
1803 0.23984375 0.52578125 0.05 0.04296875
1803 0.47421875 0.70078125 0.04453125 0.0359375
1803 0.43828125 0.72109375 0.03984375 0.03671875
1182 0.1671875 0.565625 0.11484375 0.14375
1182 0.3328125 0.7 0.14453125 0.16796875
718 0.49453125 0.76328125 0.040625 0.04609375
717 0.3765625 0.61328125 0.11796875 0.1
717 0.3109375 0.57109375 0.12109375 0.096875