1794 0.62890625 0.4640625 0.090625 0.1234375
717 0.49921875 0.4859375 0.13984375 0.14375
1182 0.22890625 0.47734375 0.12890625 0.09453125
1182 0.78828125 0.4984375 0.128125 0.15234375
4439 0.3203125 0.4734375 0.0390625 0.05
718 0.3125 0.53984375 0.02109375 0.05625
1803 0.36953125 0.4578125 0.01875 0.0421875
1803 0.33984375 0.52421875 0.01953125 0.04140625
1803 0.37265625 0.528125 0.01640625 0.0375
1803 0.40078125 0.53203125 0.01875 0.04765625
1803 0.38984375 0.59921875 0.04453125 0.025
1803 0.45546875 0.59921875 0.03046875 0.0265625
1803 0.52109375 0.5984375 0.0375 0.02265625
736 0.4 0.4578125 0.02265625 0.046875