1182 0.0890625 0.0421875 0.17421875 0.0640625
1182 0.703125 0.1671875 0.11875 0.06328125
1182 0.8671875 0.1734375 0.1515625 0.0671875
1182 0.69765625 0.30234375 0.1125 0.05234375
1182 0.76953125 0.86015625 0.1109375 0.0609375
4439 0.93515625 0.81953125 0.0609375 0.11328125
1794 0.44765625 0.54765625 0.15078125 0.203125
2235 0.0890625 0.17265625 0.10546875 0.07109375
2235 0.0875 0.3078125 0.10078125 0.0859375
718 0.3078125 0.16875 0.0578125 0.0859375
718 0.30625 0.30703125 0.0703125 0.06875
718 0.51796875 0.2625 0.08203125 0.1296875
735 0.7171875 0.5390625 0.16484375 0.23671875
4439 0.584375 0.60234375 0.040625 0.08125
718 0.88125 0.359375 0.025 0.0953125
718 0.20234375 0.96875 0.05390625 0.03984375
2235 0.08359375 0.95 0.1015625 0.08046875
717 0.13515625 0.53515625 0.2703125 0.2234375
736 0.30390625 0.49765625 0.0296875 0.06328125
736 0.3546875 0.60390625 0.0234375 0.0640625
736 0.28515625 0.9671875 0.03359375 0.025
736 0.84765625 0.36484375 0.0203125 0.06796875
736 0.84921875 0.62578125 0.0203125 0.0609375
736 0.88125 0.81484375 0.0328125 0.0640625
1803 0.17890625 0.18046875 0.02265625 0.078125
1803 0.18046875 0.3015625 0.02265625 0.05078125
1803 0.3046875 0.58515625 0.01875 0.0578125
1803 0.58515625 0.49765625 0.0203125 0.071875
1803 0.88046875 0.62578125 0.02265625 0.05
1803 0.846875 0.45390625 0.021875 0.05390625
1803 0.88203125 0.45 0.02578125 0.04921875
1803 0.2078125 0.92265625 0.06484375 0.02578125
718 0.96328125 0.39609375 0.07265625 0.1265625
1803 0.3734375 0.16875 0.01953125 0.0703125
1803 0.37578125 0.30625 0.02421875 0.06015625
1803 0.48515625 0.13671875 0.028125 0.053125
1803 0.51953125 0.13671875 0.021875 0.06875
1803 0.553125 0.1359375 0.02578125 0.0671875