735 0.2866644228905124 0.365625 0.3709677104938541 0.2078125
717 0.6842371012554133 0.31015625 0.19647704646340927 0.2203125
1346 0.5286542406084599 0.04453125 0.18140650889724858 0.0421875
1346 0.8567262079852151 0.19921875 0.18127917490485962 0.0390625
1346 0.8147284144875554 0.40546875 0.05793451680591381 0.0796875
1803 0.5000053171864749 0.0765625 0.28791117688202605 0.0484375
1803 0.48356989228161507 0.115625 0.3177896778706092 0.053125
1803 0.2497068868444076 0.14140625 0.21109400889724855 0.0421875
1803 0.2549236274528674 0.1859375 0.21897017589344295 0.04375
1803 0.31988278258606373 0.240625 0.23147017589344293 0.04375
1803 0.8151157336511965 0.47265625 0.1566611768820259 0.0484375
1803 0.6559609095446396 0.42890625 0.10895850593149917 0.028125
1803 0.6404340686321686 0.46484375 0.13434050790866542 0.0375
1803 0.5069994861226546 0.4609375 0.12502917490485962 0.0390625
1803 0.5285574456279255 0.2578125 0.06460101087441501 0.0515625
736 0.8609242766545646 0.26875 0.18650518577927463 0.090625
1794 0.8808746793163029 0.33515625 0.19935801285158128 0.0609375