2235 0.532878772046952 0.8005410612667303 0.1123096494796016 0.11686133068109043
2235 0.41961413217828875 0.7275950046149114 0.11338082654882306 0.10750451201463562
2235 0.313544516619885 0.6576921319621382 0.10869332654882306 0.10744996801399935
2235 0.20065169097557306 0.5769244846435465 0.12127521370395292 0.10915791868236298
2235 0.6073664376962127 0.7003950632559126 0.10169969810012063 0.12298406134627218
2235 0.6853918611473896 0.5931723619112313 0.11321705223856356 0.10437951201463562
2235 0.7669550424004826 0.4788729572326864 0.11206398801421233 0.11217383068109026
2235 0.5019142978275495 0.6273580999363666 0.10203389077317446 0.09956474267981755
2235 0.5736078341235966 0.518645623925867 0.11543464947960161 0.11689769334818116
2235 0.664423184643995 0.4018933812460495 0.11641729534115867 0.13564769334818116
2235 0.39679302860567267 0.5457182959500477 0.10902087516934209 0.11369996801399936
2235 0.4693497020568495 0.43855922927277546 0.10622342378986112 0.11991360534690845
2235 0.5522263998182859 0.3344069839274579 0.12044969810012063 0.12320223734881744
2235 0.28529560662483383 0.4766603079646835 0.1165877137039529 0.1091033746817267
2235 0.36035980438627024 0.3725989692870931 0.11198210085908267 0.11061133068109026
2235 0.4392516870188442 0.25207683660886626 0.11797979534115868 0.1356658746817266
1182 0.7646743266603647 0.7485951112349136 0.24007388059640905 0.2604487933640893