1182 0 0.577480275 0.21271003593749999 0.6309406562500001 0.2985376734375 0.47534068749999997 0.0670599640625 0.434822653125 0 0.5740173140625 0 0.577480275
736 0.5270973640625 0.3980592421875 0.5156392203125 0.42511341874999997 0.5711536140625 0.4367358453125 0.5949790421875 0.4110313109375 0.5270973640625 0.3980592421875
736 0.559056153125 0.342894984375 0.5445061875 0.36961175156250003 0.6137682390625 0.381282940625 0.6269378296875 0.355867053125 0.559056153125 0.342894984375
1182 0.18485911875 0.239045546875 0.09259749375000001 0.4107729875 0.292310415625 0.4576671890625 0.39008506875000004 0.2864738109375 0.18485911875 0.239045546875
736 0.37326295625 0.6319001546874999 0.36158409687500004 0.6569948875 0.4204110296875 0.6709141703125 0.43645172499999996 0.643876246875 0.37326295625 0.6319001546874999
1803 0.741862509375 0.3255889828125 0.7364233515625 0.3383009890625 0.756105903125 0.3435938984375 0.7681421109375 0.342004371875 0.7752927171875 0.330930653125 0.741862509375 0.3255889828125
735 0.7400025935608741 0.4475007008112595 0.28661476458147633 0.20568685062934441
1182 0.42015544332344723 0.5629419823543532 0.12138691818411544 0.09962333693238996
1182 0.7639843481797275 0.641344866578162 0.27185358260730724 0.23419035892771412
717 0.5881984011618637 0.4940824707319912 0.11380173871722885 0.10684384108157481
1803 0.28733693164496465 0.6267937626480473 0.0702503155185484 0.05677206348717299