736 0.2140625 0.3140625 0.13125 0.35703125
736 0.209375 0.76875 0.14140625 0.3828125
736 0.7171875 0.5203125 0.09609375 0.0734375
736 0.9140625 0.54765625 0.10390625 0.08203125
1794 0.89140625 0.80625 0.203125 0.30234375
1456 0.46171875 0.38828125 0.34140625 0.6875
1803 0.31875 0.85078125 0.05 0.19140625
1803 0.3953125 0.84921875 0.046875 0.17734375
1803 0.48125 0.853125 0.05390625 0.18203125
1803 0.56015625 0.8421875 0.04375 0.16953125
1803 0.64375 0.8484375 0.05 0.1953125
1803 0.7234375 0.83515625 0.05703125 0.18046875
1803 0.7078125 0.6375 0.08984375 0.09921875
1803 0.72578125 0.11171875 0.09609375 0.10390625
1803 0.9140625 0.12578125 0.08828125 0.10234375
1803 0.915625 0.25859375 0.08125 0.103125
1803 0.91484375 0.40390625 0.084375 0.1015625
717 0.72890625 0.3296875 0.1375 0.28203125