2235 0.465625 0.1921875 0.1078125 0.128125
2235 0.58828125 0.2546875 0.1 0.13203125
2235 0.70703125 0.30859375 0.10078125 0.1375
2235 0.83125 0.37890625 0.10703125 0.1359375
2235 0.3921875 0.2984375 0.10625 0.121875
2235 0.525 0.37578125 0.115625 0.11953125
2235 0.6421875 0.428125 0.09765625 0.1328125
2235 0.7671875 0.4984375 0.11640625 0.1359375
2235 0.3265625 0.42734375 0.10546875 0.1234375
2235 0.4453125 0.490625 0.10078125 0.10859375
2235 0.578125 0.559375 0.1109375 0.11171875
2235 0.7015625 0.6234375 0.11171875 0.12265625
2235 0.25625 0.5546875 0.10078125 0.1125
2235 0.3765625 0.61015625 0.10390625 0.1296875
2235 0.50078125 0.68515625 0.1140625 0.12734375
2235 0.63046875 0.7484375 0.115625 0.16953125
1182 0.2140625 0.3359375 0.18984375 0.2734375