1372 0.0953125 0.58828125 0.040625 0.1140625
1372 0.1609375 0.5890625 0.0484375 0.115625
1372 0.22265625 0.59296875 0.05078125 0.121875
1372 0.28984375 0.59296875 0.06015625 0.12890625
1372 0.35390625 0.58984375 0.046875 0.11796875
1372 0.41953125 0.59609375 0.04609375 0.10546875
1372 0.48046875 0.5921875 0.04296875 0.1109375
1372 0.54296875 0.5921875 0.04765625 0.11484375
1372 0.6046875 0.5921875 0.046875 0.1296875
2235 0.71796875 0.63828125 0.13515625 0.09453125
1182 0.0890625 0.7375 0.0609375 0.06328125
1182 0.14921875 0.73984375 0.07734375 0.06953125
1182 0.21640625 0.73359375 0.05390625 0.06953125
1182 0.2828125 0.73828125 0.06484375 0.07890625
1182 0.3421875 0.73828125 0.05703125 0.08359375
1182 0.4078125 0.7359375 0.07109375 0.08125
1182 0.46953125 0.7296875 0.05390625 0.08203125
1182 0.534375 0.740625 0.05625 0.078125
1182 0.59609375 0.73671875 0.06640625 0.0875
2235 0.715625 0.28203125 0.11484375 0.08515625
1182 0.09609375 0.3875 0.05546875 0.05703125
1182 0.159375 0.38671875 0.05859375 0.0625
1182 0.21796875 0.38125 0.06015625 0.065625
1182 0.28515625 0.3875 0.059375 0.07578125
1182 0.34609375 0.39140625 0.06328125 0.06953125
1182 0.41328125 0.3953125 0.06796875 0.06640625
1182 0.47265625 0.3984375 0.06640625 0.08203125
1182 0.5359375 0.38984375 0.06484375 0.071875
1182 0.60390625 0.39140625 0.06015625 0.075