719 0.8238219147759477 0.46063093988705067 0.34941062824146807 0.7757839867122707
1165 0.6301985998411395 0.500376334579913 0.06604556006354408 0.20385225334181775
736 0.34573209659472864 0.5536762466184113 0.08535684740221221 0.05723179201145392
736 0.35500591071875787 0.6488614772835932 0.062110262174864594 0.06789657200827222
1803 0.33768163758354935 0.34365635662000216 0.06663412094116258 0.05857611600890866
1803 0.34377590462967794 0.44200294995227496 0.061973894480112965 0.06008407200827222
1803 0.2238900986233235 0.4637063219685015 0.03749209172016936 0.08948067067154533
1803 0.0829884090939048 0.43644548265436417 0.03598413879807005 0.09258748933799979
1803 0.6199992597425279 0.3239683759150494 0.06652502678536117 0.052326116008908664
1803 0.5507996517903042 0.6637672199236399 0.04527731818121907 0.08800907733927232
1803 0.4569269208650276 0.6718893499363665 0.04226141233702041 0.0942227146721816
1803 0.4398987025183575 0.30497456993954825 0.04401482710967279 0.10517839600572695
717 0.4875980426169691 0.48094617659932126 0.12446598620028233 0.14985564401654478
718 0.08237298011779291 0.6059494606540461 0.05870461850553059 0.14127952800763593