719 0.45824221741393634 0.25628478256895565 0.3712064269192073 0.4560813967267734
1165 0.6167748893902276 0.6815352976298981 0.10154654844057553 0.23290675843752062
717 0.4929566818993042 0.8784871647829409 0.10681768577927464 0.09422620435383636
717 0.6539750949411658 0.8669470079741843 0.09224584980971962 0.08123513103285873
1346 0.46326788741306124 0.6668130548014742 0.07015067391627668 0.036775802902557685
736 0.5635729294278462 0.8692510632389947 0.03328734387822045 0.05109127404661713
736 0.5977887619373602 0.8665452146902736 0.038802514828747546 0.07156746515360979
1803 0.46729881281221264 0.7083011503549705 0.06520850593149899 0.030362111795565028
1803 0.4742955707208781 0.7459921233131285 0.06208350593149916 0.030252984390903494
1803 0.479666161633349 0.7820660325689557 0.06552684091247105 0.03817461179556521
1803 0.5391446379073528 0.6718031443645207 0.03953734387822046 0.051309528855940555
1803 0.5474929901885304 0.7618105854715133 0.0399193458553869 0.060684528855940556
1803 0.5073640331918984 0.9640253606992568 0.08440417490485963 0.0419543762235353
1803 0.6754773632299546 0.9542932405509891 0.08347834486680376 0.057524812521204186