1182 0.45959932224170413 0.22981476437163711 0.18169783360249453 0.2119455375661607
2235 0.03230616517968947 0.3975262574143738 0.06461233035937894 0.14192751482874763
2235 0.0861094549539895 0.3967569362735663 0.06939665665497752 0.1293001808363588
2235 0.14710150203189015 0.39611494912514755 0.0630921095770769 0.1259205128515813
2235 0.20583161972664188 0.3906899614824373 0.0676159683433748 0.11673651384016441
2235 0.26750945941821636 0.3955485578321157 0.06101141233702041 0.0961693458553869
2235 0.33081798295716675 0.3965645711779886 0.06608074188232518 0.11823534684397004
2235 0.38579185511614533 0.38238666604479227 0.0690148271096728 0.1074251808363588
2235 0.449127652194046 0.3818401793906651 0.05963982710967279 0.10704317885919253
2235 0.5124361757329963 0.382856192736538 0.06271028003177222 0.10404551285158128
2235 0.5742367463498473 0.38068353908621644 0.05785913879807012 0.09447951186299815
2235 0.6305412934277481 0.3798505509492145 0.0640000446422686 0.08848417984777565
2235 0.6907520905056487 0.3791767303026986 0.06427278003177221 0.10410917984777565
2235 0.7573219817393507 0.37250757764096026 0.060847771103318495 0.0867943458553869
2235 0.8182867552783011 0.37342809049254155 0.0644364212654743 0.11348417984777566
2235 0.8755498303593789 0.3624706858536368 0.0690148271096728 0.1074251808363588
2235 0.9412157406678044 0.3628009496938012 0.061475062499176045 0.1227318458553869
1372 0.03989910795881435 0.6255066773763177 0.0691081047058129 0.29167284684397005
1372 0.09926047118933919 0.6287072732317046 0.06313084009531629 0.3070431788591925
1372 0.15341218303989224 0.6168412846004111 0.056226275160508134 0.269288510874415
1372 0.21521275365674325 0.6146686309500896 0.06105014285525989 0.2772920118629981
1372 0.27937071104306943 0.6118102277940596 0.059733104705812855 0.2912908448668038
1372 0.3388002581209701 0.6111045736494465 0.05808878408896181 0.2865396778706092
1372 0.3977622008967997 0.5923983360067362 0.056362642855259895 0.277101010874415
1372 0.46004401258519695 0.6074450158545119 0.05450013392680617 0.25984984387822047
1372 0.5195417435104736 0.6028331117098987 0.060859228082607505 0.26635451186299813
1372 0.5783264082831259 0.5942831240671884 0.056226275160508085 0.269288510874415
1372 0.6391684508967997 0.6022348869187697 0.06442060470581286 0.2914818458553867
1372 0.7025860685915515 0.5970009002646426 0.06285810470581285 0.2914181788591925
1372 0.7637963039810549 0.5838589131162237 0.054663775160508264 0.26922484387822043
1372 0.8262690304421044 0.5879680929639994 0.0693262930174157 0.30417284684397006
1372 0.8850400584452818 0.5801993553212891 0.0676546988616142 0.29785917984777566
1372 0.9460593790621328 0.5779948681728705 0.056689925322663724 0.295851010874415
1346 0.0688519967568844 0.5344333498097196 0.022058006492821747 0.1008276709505271
1346 0.12821335998740924 0.5376339456651065 0.02507391233702041 0.09470500494291585
1346 0.18714802922428847 0.5204902080223961 0.02359323295387141 0.09932883794672147
1346 0.2441792792242885 0.5228140533834914 0.02507391233702041 0.09470500494291585
1346 0.3058843924548133 0.5261101497331698 0.02194891233702041 0.09457767095052709
1346 0.3646554204579905 0.5183414120904596 0.02312958279171564 0.07276633794672147
1346 0.42333099107484157 0.5160414244477493 0.023456865259119653 0.09151633794672147
1346 0.48440485876959327 0.5107119372993305 0.02194891233702041 0.09457767095052709
1346 0.5431213396948698 0.5060681996566202 0.025319374187573372 0.10876750494291584
1346 0.6041270235422457 0.5046449625082015 0.025264827109672795 0.10564250494291585
1346 0.6642014529253946 0.5117836418616856 0.027072788960225757 0.11976867193911023
1346 0.7237946412369973 0.5017029877170724 0.017015950486467445 0.08032416996194378
1346 0.7841281692401745 0.49399791707055646 0.018578450486467446 0.08038783695813834
1346 0.8435304427791248 0.4948547629259433 0.024992091720169186 0.09001750494291585
1346 0.9021787398570253 0.49411727528323307 0.023429591720169184 0.08995383794672147
1346 0.961744654629678 0.48559912113861997 0.0235386858759707 0.09620383794672147
718 0.07585024472828952 0.6261897682887888 0.024282979707460538 0.049392504942915846
718 0.13519797118933918 0.6301716141441756 0.016306838473758488 0.03969916996194396
718 0.19697126826723985 0.6295614604938541 0.024446620941162588 0.05876750494291585
718 0.2533439991925164 0.6248222223568523 0.029297762174864593 0.06833350593149916
718 0.3120059330398922 0.6233034847141419 0.027789809252765262 0.0713948389353046
718 0.3730661639651688 0.6187552475657231 0.024610262174864596 0.06814250494291585
718 0.4325229845820198 0.61648709342111 0.029297762174864593 0.06833350593149916
718 0.49137583320204803 0.6040308557783997 0.026172762174864594 0.06820617193911041
718 0.5531218567409983 0.6049832021280782 0.02935230925276535 0.07145850593149916
718 0.6110025405883742 0.6034326309872706 0.027735262174864595 0.06826983893530461
718 0.6703639038188991 0.6066332268426574 0.02751707386326192 0.05576983893530461
718 0.7306019744357501 0.6043969061961416 0.026254582791715643 0.07289367193911041
718 0.7900997053610266 0.5997850020515285 0.029215941558013547 0.06364600593149916
718 0.8520093701336791 0.5913623484012069 0.022938668019063257 0.06182883794672147
718 0.9122474407505301 0.589126027754691 0.021485262174864773 0.06801517095052709
718 0.9731713039810547 0.5923902906062722 0.021430715096963836 0.0648901709505271
1803 0.08193087500494294 0.7257268532697607 0.026554591720169364 0.09008117193911022
1803 0.14146951623864495 0.7187711991251475 0.019813668019063257 0.061701503954332715
1803 0.19929565300812013 0.7203456279843401 0.026281856330665977 0.0744561719391104
1803 0.2588615677807725 0.7118274738397269 0.023375044642268694 0.08682883794672147
1803 0.32066213839762353 0.7096548201894054 0.019922762174864595 0.06795150395433272
1803 0.37859736932290006 0.7049792490485979 0.023265950486467357 0.08057883794672147
1803 0.4386445251670986 0.7136804284020819 0.021703450486467445 0.0805151709505271
1803 0.49822407670922625 0.7043810242574688 0.025155732953871458 0.09939250494291585
1803 0.559929189939751 0.7076771206071473 0.0251011858759707 0.09626750494291585
1803 0.617042260556602 0.7053134659682426 0.026827327109672793 0.1057061719391104
1803 0.6805144253292544 0.6969544793141154 0.028335280031772214 0.1026448389353046
1803 0.7354746607187579 0.6835578241809191 0.028280732953871457 0.09951983893530461
1803 0.7947269297934814 0.693008420036306 0.038064836038126514 0.12333934091247087
1803 0.8580763636408573 0.6916806833821789 0.02997960064862326 0.10739600593149898
1803 0.9234831753292545 0.7068546972223434 0.028144365259119654 0.09170733893530461
1803 0.978538868105084 0.6879892920891469 0.022412562499176402 0.12114017095052709
718 0.5632561562512357 0.20354803612046696 0.026390950486467446 0.08070617193911023
1182 0.31026260633725655 0.8922458498097197 0.34293534253094826 0.21550830038056076
1182 0.7124523977331144 0.8820517670716503 0.3445251160698987 0.23589646585669932