1182 0.121875 0.2625 0.24140625 0.2578125
1182 0.1296875 0.7625 0.22734375 0.24921875
1182 0.940625 0.74140625 0.11796875 0.2140625
1182 0.93671875 0.2625 0.11484375 0.2078125
2235 0.634375 0.740625 0.08671875 0.171875
2235 0.5984375 0.25859375 0.0875 0.203125
1165 0.5078125 0.1515625 0.0609375 0.09765625
1165 0.5203125 0.63671875 0.07578125 0.09609375
718 0.70703125 0.13203125 0.08515625 0.0578125
718 0.7078125 0.203125 0.0875 0.053125
718 0.70234375 0.29921875 0.09140625 0.05703125
718 0.70859375 0.3875 0.08125 0.04765625
718 0.76796875 0.6765625 0.046875 0.03125
718 0.76796875 0.725 0.046875 0.0328125
718 0.7671875 0.76875 0.0484375 0.025
718 0.77109375 0.8140625 0.0515625 0.03203125
1803 0.7078125 0.67890625 0.03984375 0.02890625
1803 0.71015625 0.7265625 0.04375 0.03046875
1803 0.71171875 0.765625 0.04765625 0.03125
1803 0.7109375 0.81640625 0.04765625 0.0328125
717 0.39296875 0.23984375 0.21015625 0.25
717 0.3890625 0.746875 0.18515625 0.265625