1794 0.3643093407087852 0.5189584545322296 0.21257665444465293 0.22165108576539333
717 0.5358557259673962 0.42355087543479614 0.2888131525447918 0.28089828213185086
1182 0.8298187058314237 0.13968708996896534 0.22874716831236128 0.24636404334173853
4439 0.6910666367772225 0.23163495815607354 0.0688240416031249 0.07579696757828502
1182 0.19712510676069506 0.7008934649932111 0.2948813145888891 0.27359596516238904
1803 0.6104900904244447 0.30083111043188665 0.05723192496187508 0.046779147274843245
736 0.6419758265567364 0.2747789224003786 0.051054660144236055 0.04939396424430509
1803 0.6924862792540282 0.35988750391370805 0.052798998100139015 0.05733401000193972
1803 0.7255708829775004 0.3352702701245655 0.04465918977951393 0.04263378121376693
1803 0.7913582307170488 0.2696295525462805 0.052798998100139015 0.05733401000193972
1803 0.5685617360353825 0.55081500603974 0.07176720364722229 0.0682395590935542
1803 0.641507620344063 0.4900690825520996 0.06359102773541672 0.0519768303053814
1803 0.6997552250174657 0.4367848437619871 0.05258079255305557 0.047959010001939716
718 0.7608537663362502 0.3042117176989712 0.05112739532659738 0.05251896424430509