1372 0.07046214934024042 0.6488913320472008 0.06767880891829185 0.12290190445914603
1372 0.1360160935240417 0.6342007653352388 0.07570983020561535 0.12657320767745475
1372 0.19822651642051953 0.6228537199106002 0.07927187278026224 0.133041728964778
1372 0.2654522212479825 0.6064913925549764 0.09075567599857096 0.14161905347041018
1372 0.3289355670409381 0.588058466808507 0.07592835149293879 0.12969820767745457
1372 0.3949429792937542 0.5780007697747143 0.07192926634364491 0.11697968639013112
1372 0.4553013250867098 0.5597863653155682 0.07069454827463026 0.12155792574646931
1372 0.517784899592342 0.5445330698909296 0.07414733020561534 0.12646394703379293
1372 0.5787059740979741 0.5293890351099529 0.07825567599857094 0.14074496832111638
2235 0.6964344234775555 0.5468118458698301 0.15652278763096844 0.12600476114786474
1182 0.0803948881923756 0.7959084436795981 0.07533848960843981 0.07679172896477801
1182 0.14037082173251514 0.7831627892204522 0.09474405347041022 0.0874778566887187
1182 0.20647106913462512 0.7606597225084902 0.06941627153942509 0.08104218639013112
1182 0.27331436170927204 0.7497661451528665 0.08435285668871888 0.09452553218308672
1182 0.3326729362149042 0.7347313710155514 0.07675887797604233 0.09710422896477802
1182 0.397664151686029 0.7169704346254203 0.09082137797604233 0.09808757475773362
1182 0.45902226876630803 0.6955763998444435 0.07341535668871887 0.09376070767745474
1182 0.524647268766308 0.6909874528106507 0.07475933540139543 0.09074496832111638
1182 0.5858414948810945 0.6719371680296738 0.08646165990702759 0.10244729282674854
2235 0.6569009379796149 0.20051028225996131 0.13533620248167466 0.11208437278026225
1182 0.050689870763449905 0.453584185885928 0.07021394703379287 0.07021394703379294
1182 0.11322807559091293 0.4375496404612895 0.07377598960843983 0.07668246832111639
1182 0.17135193202753024 0.4179366269676362 0.07555701089576328 0.07991672896477801
1182 0.23892184428034632 0.40776966929018155 0.07777507475773371 0.08940098960843983
1182 0.30035101717682416 0.3964772541873739 0.07890053218308672 0.08326025025210156
1182 0.3673035703951328 0.3840211768317502 0.08504127153942509 0.08213479282674845
1182 0.4271702432916106 0.37283802237260427 0.08457137797604233 0.09765053218308672
1182 0.4894735013373824 0.3490456072697966 0.0823533141140718 0.08816627153942509
1182 0.5573711955211836 0.334191149592342 0.07777507475773363 0.08940098960843983