664 0.20859375 0.18671875 0.02109375 0.03046875
663 0.2078125 0.2203125 0.021875 0.03125
662 0.209375 0.2515625 0.021875 0.03046875
665 0.2734375 0.1796875 0.0203125 0.03125
661 0.27421875 0.21328125 0.02109375 0.0265625
660 0.275 0.24609375 0.0203125 0.0265625
649 0.16796875 0.34453125 0.02109375 0.03125
668 0.20859375 0.42421875 0.021875 0.028125
659 0.209375 0.45625 0.021875 0.03125
658 0.21015625 0.4890625 0.02109375 0.03203125
653 0.275 0.4828125 0.021875 0.03046875
657 0.275 0.45 0.0203125 0.0296875
667 0.275 0.41796875 0.021875 0.0296875
644 0.15703125 0.63984375 0.021875 0.03359375
645 0.15703125 0.7765625 0.01875 0.02578125
669 0.25 0.7640625 0.0234375 0.0296875
671 0.24921875 0.73203125 0.02109375 0.03203125
670 0.24921875 0.7 0.0203125 0.0296875
674 0.31015625 0.653125 0.01875 0.03046875
673 0.31015625 0.68671875 0.01953125 0.02890625
672 0.3109375 0.71796875 0.0203125 0.03046875
648 0.3890625 0.58046875 0.0203125 0.03359375
639 0.43671875 0.57421875 0.0203125 0.03125
647 0.41484375 0.60703125 0.01875 0.0296875
646 0.4453125 0.640625 0.01953125 0.034375
677 0.43671875 0.73671875 0.021875 0.03203125
654 0.4765625 0.77109375 0.021875 0.0296875
656 0.4765625 0.80546875 0.01953125 0.034375
650 0.35859375 0.490625 0.01875 0.028125
638 0.546875 0.5609375 0.021875 0.03125
643 0.5671875 0.746875 0.021875 0.0296875
655 0.634375 0.72578125 0.021875 0.02890625
642 0.63828125 0.634375 0.0203125 0.03046875
678 0.690625 0.6140625 0.01953125 0.03046875
676 0.70859375 0.5359375 0.01796875 0.03046875
651 0.7125 0.81171875 0.021875 0.03046875
640 0.73984375 0.8109375 0.01875 0.03125
679 0.71640625 0.76953125 0.0203125 0.02890625
675 0.7609375 0.59453125 0.01953125 0.0296875
680 0.7703125 0.63359375 0.01875 0.0296875
652 0.80078125 0.6734375 0.021875 0.034375
681 0.8140625 0.6 0.01953125 0.03359375
637 0.84375 0.60703125 0.021875 0.0296875
641 0.7921875 0.78515625 0.01875 0.03125
666 0.78359375 0.81875 0.01875 0.028125
1746 0.31875 0.28359375 0.0078125 0.02421875
1745 0.33515625 0.2890625 0.01640625 0.01171875
1744 0.3359375 0.303125 0.015625 0.0109375
1095 0.31796875 0.35859375 0.0140625 0.01015625
1091 0.3171875 0.39140625 0.01640625 0.01171875
1092 0.31875 0.42421875 0.015625 0.009375
1093 0.321875 0.45390625 0.00625 0.021875
1102 0.31328125 0.49453125 0.0109375 0.03515625
1110 0.3265625 0.49375 0.009375 0.0359375
1111 0.33046875 0.45625 0.00703125 0.0234375
1097 0.35234375 0.45625 0.00625 0.02421875
1099 0.36484375 0.45546875 0.00859375 0.02421875
1100 0.37734375 0.45625 0.0078125 0.02421875
1101 0.38671875 0.4515625 0.00703125 0.021875
1088 0.39140625 0.434375 0.01640625 0.0109375
1109 0.39453125 0.4515625 0.00703125 0.0234375
1087 0.39140625 0.39375 0.015625 0.01015625
1098 0.39140625 0.38203125 0.01640625 0.01015625
4468 0.33046875 0.3453125 0.00625 0.02421875
1089 0.365625 0.34609375 0.00703125 0.02421875
1088 0.4359375 0.41328125 0.0078125 0.021875
894 0.47578125 0.30390625 0.00625 0.02578125
896 0.48671875 0.2859375 0.01640625 0.0109375
895 0.49765625 0.303125 0.0078125 0.0234375
1428 0.48671875 0.30390625 0.01484375 0.021875
1754 0.46171875 0.49453125 0.015625 0.01171875
1425 0.496875 0.4046875 0.109375 0.16640625
2207 0.4921875 0.4953125 0.015625 0.0109375
1059 0.496875 0.53359375 0.00703125 0.021875
1061 0.5171875 0.55625 0.01640625 0.009375
4485 0.51640625 0.53359375 0.0296875 0.03125
1060 0.54609375 0.528125 0.02421875 0.01796875
1642 0.6 0.784375 0.0953125 0.05703125
870 0.5578125 0.4640625 0.0078125 0.0234375
869 0.56171875 0.33828125 0.01328125 0.02109375
865 0.60546875 0.32421875 0.0109375 0.03828125
1114 0.5859375 0.540625 0.01640625 0.01015625
2123 0.5859375 0.52734375 0.01640625 0.01171875
1112 0.6171875 0.5015625 0.00625 0.02109375
526 0.64296875 0.51953125 0.01640625 0.009375
741 0.62890625 0.55703125 0.00703125 0.021875
1173 0.65 0.5546875 0.02890625 0.03125
2031 0.6484375 0.58359375 0.015625 0.0109375
1739 0.628125 0.60546875 0.00625 0.02421875
855 0.6171875 0.34921875 0.00703125 0.021875
846 0.634375 0.35234375 0.00703125 0.01953125
844 0.65703125 0.36640625 0.00703125 0.02109375
1078 0.66640625 0.34765625 0.015625 0.01015625
785 0.67578125 0.36875 0.0140625 0.021875
842 0.6859375 0.390625 0.01640625 0.009375
1082 0.6859375 0.4078125 0.01484375 0.01015625
858 0.68984375 0.43359375 0.015625 0.0109375
1972 0.703125 0.48359375 0.01640625 0.01015625
525 0.690625 0.5359375 0.01484375 0.009375
527 0.68359375 0.559375 0.00703125 0.0203125
752 0.67109375 0.5484375 0.00703125 0.0203125
2210 0.72265625 0.73671875 0.00703125 0.021875
802 0.70078125 0.68671875 0.0046875 0.021875
2202 0.71015625 0.68515625 0.00703125 0.0203125
2198 0.71875 0.68671875 0.00625 0.02109375
2197 0.728125 0.68515625 0.00703125 0.021875
1424 0.753125 0.73828125 0.0296875 0.03203125
1921 0.74140625 0.77421875 0.00703125 0.0203125
2024 0.75078125 0.77421875 0.00625 0.021875
4449 0.74765625 0.684375 0.025 0.05078125
4450 0.77578125 0.67265625 0.02421875 0.025
4444 0.7828125 0.721875 0.0296875 0.0515625
1373 0.83125 0.72109375 0.05703125 0.04375
4440 0.8359375 0.6640625 0.01640625 0.034375
2200 0.859375 0.6484375 0.00703125 0.0203125
1922 0.86953125 0.6484375 0.0078125 0.01953125
4448 0.8640625 0.61171875 0.01640625 0.03125
1081 0.82890625 0.57421875 0.02421875 0.01484375
1249 0.8140625 0.47421875 0.10703125 0.16875
2201 0.79296875 0.59453125 0.00625 0.0234375
839 0.784375 0.59609375 0.00703125 0.021875
2188 0.775 0.59609375 0.00703125 0.02421875
903 0.8171875 0.31328125 0.00703125 0.021875
911 0.80703125 0.309375 0.0046875 0.0109375
1471 0.77734375 0.359375 0.0234375 0.01640625
899 0.7609375 0.3546875 0.00703125 0.0203125
898 0.76875 0.33671875 0.00703125 0.02109375
906 0.7609375 0.32890625 0.00546875 0.02109375
901 0.75859375 0.31015625 0.01328125 0.009375
914 0.76328125 0.29921875 0.00546875 0.00546875
1429 0.7890625 0.30078125 0.02734375 0.06484375
2213 0.76640625 0.2515625 0.00546875 0.01171875
1174 0.7796875 0.24453125 0.01328125 0.02578125
916 0.76640625 0.23828125 0.00390625 0.00859375
1639 0.803125 0.21953125 0.03359375 0.02421875
1753 0.709375 0.334375 0.00703125 0.025
2186 0.69765625 0.32109375 0.01484375 0.02421875
745 0.3890625 0.35078125 0.01640625 0.009375
3728 0.18359375 0.18671875 0.02421875 0.015625
3727 0.18359375 0.21953125 0.025 0.01796875
3726 0.184375 0.25234375 0.02421875 0.015625
3729 0.29921875 0.18203125 0.025 0.01796875
3725 0.29921875 0.2140625 0.0234375 0.015625
3724 0.29921875 0.24609375 0.025 0.01640625
3712 0.16953125 0.36875 0.02421875 0.01640625
3731 0.28203125 0.38125 0.0109375 0.0359375
3732 0.184375 0.425 0.025 0.0203125
3723 0.18515625 0.4578125 0.02421875 0.01796875
3722 0.184375 0.49140625 0.025 0.01796875
3707 0.1578125 0.66484375 0.025 0.01640625
3708 0.15703125 0.7546875 0.025 0.01640625
3734 0.22421875 0.6984375 0.02578125 0.01875
3735 0.225 0.72890625 0.02734375 0.01640625
3733 0.225 0.74765625 0.025 0.01796875
3736 0.33515625 0.71875 0.02421875 0.01640625
3737 0.33515625 0.684375 0.02421875 0.01640625
3738 0.33515625 0.65 0.02421875 0.01640625
3717 0.2765625 0.51328125 0.0234375 0.01640625
3721 0.29296875 0.44453125 0.01171875 0.03515625
3741 0.43828125 0.76328125 0.0203125 0.01640625
3720 0.459375 0.803125 0.01015625 0.03671875
3718 0.4734375 0.74609375 0.025 0.01796875
3709 0.46953125 0.6359375 0.025 0.015625
3710 0.43828125 0.60703125 0.0234375 0.0140625
3702 0.4125 0.56953125 0.02421875 0.01875
3711 0.37265625 0.58046875 0.01171875 0.0359375
3713 0.35703125 0.5140625 0.02578125 0.01875
3706 0.56640625 0.72421875 0.02421875 0.01640625
3719 0.634375 0.7015625 0.01953125 0.01640625
3705 0.615625 0.63359375 0.02421875 0.01640625
3742 0.67265625 0.63125 0.0234375 0.01640625
3714 0.6921875 0.81171875 0.01875 0.01640625
3703 0.68984375 0.79296875 0.0234375 0.015625
3743 0.69296875 0.77109375 0.0203125 0.015625
3744 0.7484375 0.6328125 0.0203125 0.01796875
3739 0.74921875 0.571875 0.02578125 0.01328125
3740 0.728125 0.5515625 0.025 0.01640625
3716 0.8 0.65078125 0.0234375 0.01328125
3704 0.77734375 0.78828125 0.01015625 0.0265625
3730 0.8 0.81796875 0.009375 0.028125
3700 0.84296875 0.63046875 0.02421875 0.01640625
636 0.81875 0.759375 0.01875 0.028125
3699 0.8 0.759375 0.01875 0.01796875
3701 0.546875 0.58828125 0.025 0.01953125
3220 0.30078125 0.3578125 0.01875 0.015625
3216 0.30078125 0.39140625 0.01875 0.01640625
3218 0.31171875 0.453125 0.01328125 0.03046875
3227 0.3015625 0.49375 0.01015625 0.028125
3235 0.3375 0.49375 0.0125 0.0265625
3236 0.33984375 0.4578125 0.0109375 0.03046875
3217 0.31796875 0.4109375 0.01875 0.01796875
3215 0.3390625 0.3453125 0.0109375 0.028125
4163 0.31875 0.2578125 0.01171875 0.02890625
4162 0.353125 0.2890625 0.01796875 0.01640625
4161 0.353125 0.30546875 0.01953125 0.01484375
3214 0.35703125 0.3453125 0.01015625 0.0296875
3222 0.34765625 0.4296875 0.01015625 0.028125
3224 0.36171875 0.43046875 0.01015625 0.028125
3225 0.375 0.4296875 0.01015625 0.02578125
3226 0.390625 0.47421875 0.01875 0.01796875
3234 0.4046875 0.4578125 0.0109375 0.025
3213 0.40859375 0.434375 0.01875 0.015625
3212 0.40859375 0.39609375 0.01875 0.01640625
3223 0.40859375 0.38046875 0.0171875 0.0140625
2849 0.4109375 0.35078125 0.02421875 0.01640625
4171 0.434375 0.3875 0.01171875 0.02890625
4347 0.44765625 0.30859375 0.01875 0.01875
2997 0.46484375 0.2984375 0.01171875 0.0359375
2999 0.48671875 0.27109375 0.0234375 0.015625
2998 0.50703125 0.29921875 0.01171875 0.0359375
4348 0.5109375 0.26953125 0.02265625 0.015625
2972 0.56875 0.30859375 0.0125 0.0359375
4176 0.4609375 0.5109375 0.01875 0.015625
4175 0.4921875 0.5109375 0.01875 0.015625
2973 0.5671875 0.45390625 0.0125 0.03828125
4368 0.51640625 0.51015625 0.01484375 0.01484375
3184 0.4828125 0.534375 0.01953125 0.01640625
3186 0.496875 0.56015625 0.01875 0.01484375
3185 0.54609375 0.51171875 0.01796875 0.01640625
3239 0.58046875 0.55625 0.01953125 0.01796875
4089 0.58046875 0.5140625 0.01875 0.015625
2968 0.60390625 0.28828125 0.0109375 0.0359375
2958 0.61875 0.31875 0.01171875 0.0359375
2949 0.6328125 0.321875 0.0109375 0.0359375
2947 0.64921875 0.33671875 0.0109375 0.03828125
3203 0.6671875 0.334375 0.01875 0.015625
2889 0.6875 0.35 0.015625 0.02421875
4154 0.69140625 0.31171875 0.015625 0.02578125
3493 0.78203125 0.1984375 0.01796875 0.01484375
4408 0.77890625 0.2234375 0.0109375 0.015625
3019 0.76484375 0.21171875 0.0109375 0.0359375
4181 0.74921875 0.24921875 0.01015625 0.028125
4351 0.76328125 0.27421875 0.01875 0.01640625
3017 0.74375 0.2921875 0.025 0.015625
3004 0.7359375 0.3109375 0.02421875 0.015625
3009 0.74296875 0.33046875 0.02421875 0.015625
3001 0.74296875 0.34609375 0.02421875 0.01640625
3002 0.7421875 0.36171875 0.025 0.01640625
2945 0.70625 0.37890625 0.025 0.015625
3207 0.70390625 0.39453125 0.01875 0.015625
2961 0.703125 0.42109375 0.0109375 0.03671875
3932 0.7 0.47109375 0.01875 0.01484375
3237 0.6078125 0.51953125 0.01015625 0.028125
2845 0.61875 0.559375 0.01015625 0.0265625
4155 0.61953125 0.60546875 0.01015625 0.028125
3993 0.63203125 0.58671875 0.01640625 0.015625
2249 0.63046875 0.57734375 0.00390625 0.00625
4405 0.6625 0.5828125 0.0125 0.015625
2856 0.67265625 0.58046875 0.009375 0.02578125
3364 0.6828125 0.584375 0.01328125 0.02890625
3362 0.69296875 0.55625 0.0125 0.025
4178 0.71171875 0.7390625 0.01171875 0.028125
3985 0.75546875 0.7984375 0.01015625 0.01796875
3877 0.7328125 0.7765625 0.01015625 0.0203125
4346 0.76640625 0.7640625 0.01875 0.01484375
2906 0.696875 0.6546875 0.0109375 0.03671875
4170 0.7078125 0.659375 0.01171875 0.0265625
4166 0.71796875 0.65859375 0.01015625 0.02890625
4165 0.728125 0.659375 0.01015625 0.028125
3760 0.75859375 0.6609375 0.0125 0.01796875
3761 0.76875 0.69609375 0.00859375 0.01953125
1780 0.64921875 0.6046875 0.025 0.021875
3757 0.6546875 0.62734375 0.01171875 0.01796875
3006 0.81953125 0.34921875 0.0109375 0.03828125
3014 0.809375 0.35 0.009375 0.03515625
3569 0.796875 0.3609375 0.01328125 0.015625
3518 0.86875 0.37890625 0.01171875 0.01796875
3206 0.8515625 0.57421875 0.01953125 0.015625
3759 0.8640625 0.58828125 0.00859375 0.01953125
3745 0.809375 0.571875 0.01015625 0.02578125
4169 0.79375 0.57109375 0.01015625 0.02578125
4156 0.7734375 0.57109375 0.01171875 0.02578125
3878 0.86953125 0.67890625 0.01171875 0.028125
3753 0.85078125 0.6828125 0.01015625 0.01796875
3188 0.8171875 0.68828125 0.01015625 0.01953125
3359 0.83203125 0.69296875 0.01328125 0.01484375
4168 0.85 0.6515625 0.0109375 0.01953125
3766 0.821875 0.64140625 0.01171875 0.015625
2955 0.821875 0.62421875 0.0125 0.01484375
2942 0.7859375 0.628125 0.01015625 0.03359375
3756 0.79453125 0.69921875 0.0109375 0.01875
3363 0.62578125 0.5265625 0.01796875 0.01484375
3514 0.54453125 0.76953125 0.01171875 0.015625
4468 0.82734375 0.26171875 0.0125 0.02890625
4468 0.83046875 0.21953125 0.00859375 0.01328125
4468 0.82734375 0.23671875 0.00703125 0.01875
4468 0.821875 0.2375 0.0046875 0.0140625
4468 0.80390625 0.240625 0.00703125 0.0109375
4468 0.7921875 0.23984375 0.0046875 0.0109375
4468 0.79375 0.25703125 0.00546875 0.0046875
4468 0.80078125 0.2578125 0.0046875 0.01015625
4468 0.8125 0.26171875 0.00703125 0.021875
4468 0.81015625 0.28828125 0.01015625 0.00625
4468 0.81796875 0.284375 0.0046875 0.01171875
4468 0.81015625 0.28046875 0.01015625 0.00546875
4468 0.82578125 0.30625 0.0078125 0.00703125
4468 0.60078125 0.36015625 0.00390625 0.009375
4468 0.6109375 0.35625 0.0046875 0.01015625
4468 0.62265625 0.3734375 0.00625 0.0203125
4468 0.6125 0.390625 0.0140625 0.00859375
4468 0.60546875 0.40625 0.0046875 0.009375
4468 0.621875 0.4078125 0.01484375 0.00859375
4468 0.64765625 0.390625 0.0140625 0.00859375
4468 0.6671875 0.390625 0.015625 0.00703125
4468 0.60625 0.44140625 0.003125 0.009375
4468 0.61953125 0.43359375 0.015625 0.009375
4468 0.6375 0.40078125 0.00546875 0.0046875
4468 0.64765625 0.4 0.00703125 0.00546875
4468 0.65625 0.4 0.00703125 0.00546875
4468 0.66484375 0.4 0.00703125 0.00546875
4468 0.675 0.4078125 0.0046875 0.01015625
4468 0.69609375 0.45078125 0.01484375 0.00859375
4468 0.634375 0.415625 0.00703125 0.00546875
4468 0.64609375 0.415625 0.00703125 0.00546875
4468 0.65703125 0.42421875 0.0046875 0.01015625
4468 0.6625 0.42421875 0.00390625 0.01015625
4468 0.66875 0.4234375 0.0046875 0.01015625
4468 0.64609375 0.425 0.00703125 0.00546875
4468 0.60546875 0.46015625 0.00703125 0.009375
4468 0.62421875 0.45859375 0.00625 0.01015625
4468 0.63984375 0.46796875 0.01484375 0.009375
4468 0.634375 0.43359375 0.0046875 0.02109375
4468 0.64140625 0.44140625 0.00390625 0.009375
4468 0.67421875 0.42890625 0.00390625 0.009375
4468 0.653125 0.44140625 0.0140625 0.00859375
4468 0.67421875 0.44140625 0.00703125 0.00546875
4468 0.675 0.45 0.00703125 0.00546875
4468 0.65703125 0.45 0.00625 0.00546875
4468 0.6578125 0.45859375 0.00703125 0.0046875
4468 0.675 0.459375 0.00546875 0.00546875
4468 0.6515625 0.48671875 0.00546875 0.021875
4468 0.65703125 0.46796875 0.01484375 0.00859375
4468 0.67421875 0.46796875 0.01484375 0.00859375
4468 0.67421875 0.4859375 0.00625 0.02109375
4468 0.68671875 0.49296875 0.0140625 0.00859375
4468 0.7 0.5109375 0.0140625 0.00859375
4468 0.6078125 0.484375 0.0140625 0.00859375
4468 0.640625 0.4984375 0.00546875 0.02109375
4468 0.66796875 0.51796875 0.00625 0.0234375
4468 0.6828125 0.5109375 0.01484375 0.00859375
4468 0.6859375 0.5234375 0.0140625 0.009375
2401 0.49921875 0.2078125 0.05234375 0.01953125
2687 0.55 0.209375 0.04296875 0.021875
3337 0.53828125 0.23046875 0.01796875 0.0203125
2302 0.48671875 0.23046875 0.06171875 0.01953125
3583 0.459375 0.209375 0.02734375 0.0203125
2254 0.64296875 0.27578125 0.03125 0.01796875
2421 0.75078125 0.47734375 0.01484375 0.13984375
1793 0.23125 0.1390625 0.0890625 0.05078125
1793 0.24140625 0.2234375 0.04140625 0.11953125
1793 0.23125 0.34140625 0.08671875 0.11875
1793 0.24296875 0.46171875 0.0421875 0.11953125
1793 0.23203125 0.5734375 0.08515625 0.10625
1793 0.1765625 0.6390625 0.01796875 0.06484375
1793 0.17734375 0.77734375 0.0171875 0.06171875
1793 0.23984375 0.80859375 0.03359375 0.04453125
1793 0.27890625 0.709375 0.03984375 0.15
1793 0.59375 0.153125 0.44453125 0.06640625
228 0.78359375 0.48671875 0.01484375 0.09921875
104 0.5015625 0.40625 0.0453125 0.1390625
1793 0.4125 0.6875 0.0796875 0.04375
1793 0.4109375 0.796875 0.07890625 0.0359375
1793 0.53515625 0.75546875 0.021875 0.1265625
85 0.64921875 0.55625 0.0203125 0.0203125
269 0.83203125 0.72109375 0.0109375 0.03671875
1793 0.81015625 0.803125 0.015625 0.06640625
1793 0.7640625 0.803125 0.01484375 0.0640625
1793 0.66328125 0.7609375 0.021875 0.12109375
852 0.80625 0.62421875 0.01640625 0.01171875
1063 0.8171875 0.665625 0.00703125 0.0234375
1806 0.80625 0.63671875 0.01640625 0.0109375
1345 0.340625 0.21875 0.0453125 0.034375