664 0.7879237233259795 0.16436001181126353 0.023330492142117087 0.032013891832631994
663 0.7863590692732035 0.19795376181126353 0.023330492142117264 0.032013891832631994
662 0.7825598271310865 0.22928560736475984 0.023330492142117087 0.032013891832631994
665 0.7234802336650616 0.15803065545799405 0.021767992142117266 0.03195932813030113
661 0.7203530796122859 0.1916789691603249 0.023112168320799497 0.02732639183263199
660 0.7180435628630628 0.22451875101149033 0.0215496683207995 0.027271828130301136
649 0.818073488008288 0.320862982955323 0.023330492142117264 0.032013891832631994
668 0.7729557330458892 0.40199642106709066 0.023184942927905537 0.02888889183263199
659 0.769901353600219 0.4340822347694215 0.023330492142117264 0.032013891832631994
658 0.7668469741545489 0.46616804847175236 0.023330492142117264 0.032013891832631994
653 0.7023307098865255 0.46140119211848296 0.023330492142117264 0.03201389183263181
657 0.7046402266357484 0.4285614102673175 0.021695217535011226 0.030396828130301045
667 0.7069133560814185 0.396502878416152 0.023257717535011223 0.030451391832631992
644 0.8105326999617279 0.6167384781459996 0.02347604135632899 0.03513889183263199
645 0.8018211718399655 0.7535390736994959 0.01991439371369381 0.025654764427970277
669 0.7095073933039181 0.7427231139881817 0.024820217535011225 0.030505955534962936
671 0.7125617727495882 0.7106373002858509 0.023330492142117087 0.032013891832631994
670 0.7140536521952583 0.678606050285851 0.021695217535011226 0.030396828130301045
674 0.6569346650155399 0.6322419709744234 0.020205492142117264 0.03190476442797028
673 0.654588760962764 0.6658630028255889 0.020059942927905538 0.028779764427970277
672 0.6515707688206469 0.6971675665279197 0.021767992142117266 0.03195932813030104
648 0.5822664588530682 0.5607514060909662 0.021913541356328992 0.035084328130301046
639 0.5349376945850445 0.5553843490120574 0.021767992142117266 0.03195932813030104
647 0.5552480405322685 0.5882142071794253 0.020132717535011224 0.030342264427970278
646 0.5224697737830455 0.6221179812260424 0.020351041356328814 0.035029764427970275
677 0.5250253854460353 0.7179661945655537 0.023330492142117087 0.032013891832631994
654 0.4828357313932594 0.7529786008261559 0.023257717535011223 0.030451391832631812
656 0.4804534400369305 0.7873808826773212 0.020351041356328814 0.035029764427970275
650 0.618445861458102 0.4705703501931837 0.020059942927905538 0.028779764427970277
638 0.42625405335255007 0.5443600581752173 0.023330492142117264 0.032013891832631994
643 0.39341151241050604 0.7303620455613455 0.023257717535011314 0.030451391832631992
655 0.328024106909988 0.7108060029104069 0.02318494292790545 0.02888889183263199
642 0.3299376714256807 0.6194815984639032 0.02176799214211709 0.03195932813030104
678 0.2785763786216098 0.6002157324919868 0.020205492142117087 0.03190476442797028
676 0.2658452462804556 0.5218824013664608 0.020205492142117178 0.03190476442797028
651 0.2444067781262717 0.7979637517292806 0.023330492142117177 0.032013891832631994
640 0.21709941542982464 0.7981373665200705 0.020205492142117178 0.03190476442797028
679 0.24324669251812986 0.7558853791339422 0.021622442927905362 0.028834328130301047
675 0.21002758581753883 0.5815500672457099 0.020132717535011314 0.030342264427970278
680 0.19805197063989238 0.6209672313108605 0.020132717535011314 0.030342264427970278
652 0.16498260546224597 0.6611210053574775 0.02347604135632886 0.03513889183263199
681 0.15668426199622126 0.5880927331249589 0.021913541356328857 0.035084328130301046
637 0.12670566356779783 0.5953794434692453 0.023257717535011314 0.030451391832631992
641 0.16681047105417718 0.7725942186969887 0.020205492142117178 0.03190476442797028
666 0.1730219296978483 0.8066964001853345 0.02005994292790545 0.028779764427970277
1746 0.6718021095960752 0.2627925665279197 0.008976893713693812 0.025272818511654284
1745 0.6551411484712046 0.2688342354023937 0.016207196856846906 0.013045637023308566
1744 0.652923677007252 0.28295129910472455 0.016134422249741043 0.011483137023308564
1095 0.667527678454994 0.3378198483790852 0.01449914764263518 0.00986607332097771
1091 0.665999411705771 0.37063234837908515 0.016207196856846906 0.013045637023308566
1092 0.662908644956548 0.403499412081416 0.01606164764263518 0.009920637023308565
1093 0.6576196774215367 0.43332332133724316 0.007268844499482086 0.022093254809323427
1102 0.6635400376367844 0.4736755028255889 0.012538541356328814 0.03475694591631608
1110 0.6502951749403374 0.4733580442954011 0.011048815963434678 0.03626488221398514
1111 0.648916765510878 0.4359671717000628 0.007341619106587771 0.023655754809323425
1097 0.6270781528144308 0.4359498135326948 0.007414393713693812 0.025218254809323427
1099 0.6146145401179839 0.43560507315134167 0.010539393713693812 0.025327382213985138
1100 0.6020781528144308 0.4368228327699885 0.008976893713693812 0.025272818511654194
1101 0.5929214766357485 0.43246271498397365 0.007268844499482086 0.022093254809323427
1088 0.5890708846174657 0.4146576560909662 0.016134422249740866 0.011483137023308564
1109 0.5851453639393014 0.4319542834956279 0.007341619106587771 0.023655754809323425
1087 0.591744274402218 0.3740053742398008 0.01606164764263518 0.009920637023308565
1098 0.593071333955512 0.3622593423886354 0.01606164764263518 0.009920637023308565
4468 0.6556462626153937 0.324975107997732 0.007414393713693812 0.025218254809323427
1089 0.6204900126153937 0.32620279130017626 0.007414393713693812 0.025218254809323427
1088 0.5463397291169478 0.39431043975623015 0.008831344499482086 0.02214781851165428
894 0.5131527016143578 0.28627225046333615 0.007414393713693812 0.025218254809323427
896 0.503869746899628 0.2678769145284867 0.016134422249741043 0.011483137023308564
895 0.4913504762214636 0.28547364229596817 0.008904119106587772 0.023710318511654283
1428 0.5022515889179108 0.28587294637965216 0.016643844499482086 0.022420637023308564
1754 0.5152116995474432 0.4765153045470202 0.016207196856846906 0.013045637023308566
1425 0.48583887675958304 0.3870634241471335 0.12028688296032683 0.17111608656782168
2207 0.48474294954744324 0.4775792967424718 0.016134422249741043 0.011483137023308564
1059 0.47749122167334973 0.5160515197006299 0.007268844499482086 0.022093254809323427
1061 0.4561234898703148 0.539417097830931 0.01606164764263518 0.009920637023308565
4485 0.45795997167334973 0.5167335659797656 0.031142992142117264 0.03228671034428636
1060 0.4285635701017732 0.5115202763240518 0.02587329528527036 0.019623019237293704
1642 0.35885242183996546 0.7690078833102935 0.09956766046291676 0.0611954495445131
870 0.42139107899311323 0.4478124403892023 0.008904119106587772 0.023710318511654192
869 0.42568693486513476 0.3220857540915332 0.013518844499482086 0.022311509618646853
865 0.3826282936326405 0.3087697877567972 0.01268409057054054 0.037881945916315996
1114 0.3881740105484792 0.5246304007334887 0.01606164764263518 0.009920637023308388
2123 0.38879259470887895 0.5113491507334886 0.016207196856846906 0.013045637023308387
1112 0.3595610130296786 0.4858506429289403 0.0072688444994819966 0.022093254809323427
526 0.33294285504796123 0.5047196940173995 0.01606164764263518 0.009920637023308565
741 0.34447751447742064 0.5417559025475872 0.0072688444994819966 0.022093254809323427
1173 0.32349292638807936 0.5401487625290537 0.02958049214211709 0.032232146641955416
2031 0.32292784615662107 0.5690277306778884 0.016134422249741043 0.011483137023308564
1739 0.34222150165713905 0.5901934025475872 0.007414393713693723 0.025218254809323427
855 0.36900028722249967 0.33342504737544404 0.0072688444994819966 0.022093254809323427
846 0.351667238008288 0.33715024810108346 0.007123295285270359 0.018968254809323425
844 0.3283560165443352 0.3520039217848808 0.0072688444994819966 0.022093254809323427
1078 0.31989069913315843 0.332800053998866 0.01606164764263518 0.009920637023308565
785 0.30953324193722936 0.35422118621285115 0.015081344499481997 0.02236607332097771
842 0.29757689743774735 0.37647813212916714 0.01606164764263518 0.009920637023308565
1082 0.2967763767595829 0.3936656321291671 0.01606164764263518 0.009920637023308565
858 0.2916693457423363 0.4195832913849943 0.016134422249741043 0.011483137023308564
1972 0.27453319561850176 0.46932039655713736 0.01606164764263518 0.009920637023308565
525 0.28377760897690263 0.522036168789656 0.01606164764263518 0.009920637023308565
527 0.2897172398703148 0.5452281321291672 0.007196069892376133 0.020530754809323426
752 0.3027266621200558 0.5338541225105203 0.007196069892376133 0.020530754809323426
2210 0.23930620926735288 0.7232638520921002 0.0072688444994819966 0.022093254809323427
802 0.26429124669474036 0.6724726784083028 0.005706344499481997 0.022038691106992657
2202 0.2549890213018462 0.671237560622288 0.008758569892376222 0.020585318511654193
2198 0.24632249669474032 0.6731001609851076 0.0072688444994819966 0.022093254809323427
2197 0.2370202713018462 0.6718650431990929 0.008831344499482086 0.022147818511654194
1424 0.20880107196379996 0.725109094287552 0.031142992142117177 0.03228671034428636
1921 0.2180283686968123 0.761445898371236 0.007196069892376133 0.020530754809323426
2024 0.20868975600036524 0.7609920305852211 0.0072688444994819966 0.022093254809323427
4449 0.21756179590895203 0.6709845894782285 0.028891287427387446 0.050927582939624474
4450 0.18998260546224593 0.660247986120184 0.026164393713693723 0.025873019237293703
4444 0.17987770533841146 0.7097395546318381 0.03365156203449331 0.05265377404661713
1373 0.1315129799455173 0.7098685294040947 0.058360463606069855 0.04727679328391084
4440 0.13029939040843402 0.6521924386599218 0.01722604135632886 0.03492063702330857
2200 0.1083708864794926 0.6373586123437193 0.007196069892376133 0.020530754809323426
1922 0.0982146364794926 0.6377132764088698 0.008685795285270293 0.019022818511654195
4448 0.10617483974648026 0.6007762715995464 0.017080492142117175 0.031795637023308565
1081 0.1430412930134679 0.5628298382971021 0.02572774607105859 0.016498019237293705
1249 0.16488636786824276 0.4622296375714628 0.11886993217453848 0.1741865228654909
2201 0.17803272312109175 0.5818873731434925 0.00734161910658786 0.023655754809323425
839 0.18651731121043297 0.5839310227806728 0.0072688444994819966 0.022093254809323427
2188 0.195892311210433 0.5836036405666876 0.007414393713693723 0.025218254809323427
903 0.17160090240014608 0.3013194194226282 0.0072688444994819966 0.022093254809323427
911 0.18193908891791072 0.2970585053574776 0.005196922249740998 0.01110119110699257
1471 0.20848016418697038 0.3468303268643568 0.024165246071058542 0.016443455534962848
899 0.22510473800828795 0.34156990798988274 0.007196069892376223 0.020530754809323426
898 0.2189103959900053 0.32384669465037164 0.0072688444994819966 0.022093254809323427
906 0.22708676902553457 0.31576137613871735 0.0072688444994819966 0.022093254809323427
901 0.23030381431080488 0.29692953058522104 0.01293664764263518 0.009811509618646852
914 0.2269069865605459 0.2861284398410482 0.006541098428423453 0.006468254809323426
1429 0.20105296195344002 0.28859124092950733 0.03274403349844599 0.06666171034428628
2213 0.2267828620772745 0.23855403539454448 0.006832196856846906 0.012718254809323426
1174 0.21382909780925088 0.23198657686435675 0.013664393713693723 0.025436509618646852
916 0.22740144623767433 0.22527278539454448 0.0035616476426351797 0.009484127404661712
1639 0.19159237882649754 0.2070237823993196 0.035539393713693725 0.026200401451278842
1753 0.27835817059711115 0.3202107739617991 0.007414393713693723 0.025218254809323427
2186 0.290659117453958 0.3073015461943177 0.016789393713693722 0.025545637023308566
745 0.5968341887940762 0.33170874683513907 0.01606164764263518 0.009920637023308565
3728 0.8129237233259795 0.16348699257396984 0.025727746071058634 0.016498019237293705
3727 0.8106142065767565 0.19632677442513527 0.02587329528527036 0.019623019237293704
3726 0.8075234398275335 0.22919383812746613 0.025727746071058634 0.016498019237293705
3729 0.697589821754403 0.16127470654645318 0.02587329528527036 0.019623019237293704
3725 0.6953166923087328 0.1933332383976186 0.024165246071058633 0.016443455534962848
3724 0.6938248128630627 0.2253644883976186 0.025727746071058634 0.016498019237293705
3712 0.815382981598147 0.34513629665765383 0.025727746071058277 0.016498019237293705
3731 0.7023735593484062 0.36000238322547545 0.012611315963434677 0.036319445916315994
3732 0.7971380957423364 0.4019319336809624 0.025946069892376043 0.021185519237293705
3723 0.7940473289931133 0.43479899738329325 0.02587329528527036 0.019623019237293704
3722 0.7924826749403373 0.4683927473832933 0.02587329528527036 0.019623019237293704
3707 0.8078058062480341 0.6417930418483304 0.025727746071058277 0.016498019237293705
3708 0.8028400163394475 0.7316640736994959 0.025727746071058634 0.016498019237293705
3734 0.7399076768023642 0.6761432491973918 0.02587329528527036 0.019623019237293704
3735 0.7369260719638 0.7066665628997226 0.028852746071058633 0.016607146641955416
3733 0.7352715266785296 0.7254438447508881 0.02587329528527036 0.019623019237293704
3736 0.6273156315170938 0.698794553914048 0.025727746071058634 0.016498019237293705
3737 0.6296979228734227 0.6643922720628825 0.025727746071058634 0.016498019237293705
3738 0.6320802142297517 0.6299899902117171 0.025727746071058634 0.016498019237293705
3717 0.6993491050479612 0.4919245058208137 0.024165246071058633 0.016443455534962938
3721 0.686926187760619 0.4237201428441223 0.014101041356328814 0.03481150961864685
3741 0.5214444671252357 0.7446105401190499 0.021040246071058633 0.016334328130301046
3720 0.49771371464403635 0.7852181819516819 0.01112159057054054 0.037827382213985315
3718 0.48708873780340023 0.7286507234214941 0.02587329528527036 0.019623019237293704
3709 0.4984693476043631 0.6182762186121706 0.025727746071058634 0.016498019237293705
3710 0.5318469278358215 0.5882514127143882 0.024092471463952592 0.014880955534962936
3702 0.5593383811028091 0.5506323616259291 0.02587329528527036 0.019623019237293704
3711 0.5986363215495152 0.5609597372164922 0.014173815963434677 0.036374009618646855
3713 0.6189167423515141 0.49395328649085285 0.02587329528527036 0.019623019237293704
3706 0.39602924421354097 0.7076512318590147 0.025727746071058544 0.016498019237293705
3719 0.3299333633201288 0.6865599710592415 0.019477746071058545 0.01627976442797028
3705 0.3526303087292336 0.6179091747801058 0.025727746071058634 0.016498019237293705
3742 0.2957446079434453 0.616775749915182 0.024165246071058542 0.016443455534962938
3714 0.2646828908227188 0.7980356735989794 0.019477746071058632 0.01627976442797028
3703 0.26789993610798907 0.779203828045483 0.024165246071058633 0.016443455534962938
3743 0.26657503060747106 0.7574106735989794 0.021040246071058633 0.016334328130301046
3744 0.21996335794344532 0.6194220894782285 0.02118579528527027 0.019459328130301046
3739 0.22280156762057376 0.5584845894782285 0.025582196856846907 0.013373019237293704
3740 0.24558625020939698 0.5381894476455965 0.025727746071058634 0.016498019237293705
3716 0.1676003372652809 0.6384101916551467 0.02401969685684686 0.013318455534962937
3704 0.1814722845364125 0.7759821135248457 0.010612168320799586 0.02688988221398514
3730 0.15668845430495415 0.8057068190598085 0.01068494292790545 0.028452382213985317
3700 0.12561404446121 0.6188169434692453 0.025727746071058544 0.016498019237293705
636 0.14144875207142382 0.7477405516366133 0.02005994292790545 0.028779764427970277
3699 0.1601987520714238 0.747085787208643 0.01962329528527027 0.01940476442797028
3701 0.42419924772819756 0.5717310900263827 0.02587329528527036 0.019623019237293704
3220 0.684751565758547 0.33643839765344574 0.019477746071058632 0.01627976442797028
3216 0.682405661705771 0.3700594295046112 0.019477746071058632 0.01627976442797028
3218 0.6678123147250897 0.43218740727209254 0.013955492142117266 0.03168650961864685
3227 0.6752951749403373 0.4724850250581074 0.010684942927905361 0.02845238221398514
3235 0.6393576749403374 0.4737399902117171 0.013737168320799497 0.026999009618646853
3236 0.6394689909037721 0.43785705391404794 0.012392992142117264 0.03163194591631609
3217 0.6643084791169478 0.3901908802302506 0.01962329528527036 0.01940476442797028
3215 0.6470525126153938 0.3252752083605517 0.012247442927905538 0.028506945916315994
4163 0.6730028906133219 0.23701131652791974 0.01380994292790536 0.02856150961864685
4162 0.6372087857747577 0.26868046797919853 0.019477746071058632 0.01627976442797028
4161 0.6356634024001461 0.28511399983036395 0.019477746071058632 0.01627976442797028
3214 0.6291201499189467 0.3251214409373565 0.010757717535011225 0.03001488221398514
3222 0.6337840711352305 0.40919634057453685 0.010684942927905538 0.02845238221398514
3224 0.6196851838316775 0.41046866389551456 0.010684942927905538 0.02845238221398514
3225 0.6064403211352305 0.4101512053653268 0.010539393713693812 0.025327382213985138
3226 0.5879963821362664 0.45447412423980077 0.01962329528527036 0.01940476442797028
3234 0.574698015510878 0.43855894756077857 0.012101893713693811 0.025381945916316085
3213 0.5718833846174658 0.41525785681660565 0.019477746071058632 0.01627976442797028
3212 0.5744476124915593 0.3769493249654402 0.019477746071058632 0.01627976442797028
3223 0.5759566085626179 0.3612970431142748 0.01784247146395277 0.01466270072563942
2849 0.5749955760976292 0.3316913886677711 0.025727746071058634 0.016498019237293705
4171 0.5498842601341944 0.3684473442027339 0.01380994292790554 0.02856150961864685
4347 0.5410593777930403 0.2899776038213807 0.01962329528527036 0.01940476442797028
2997 0.5243449127392283 0.28042155454702017 0.014173815963434677 0.036374009618646855
2999 0.5045611056671337 0.25303316452848673 0.024165246071058633 0.016443455534962848
2998 0.48215741273922835 0.28189477450995326 0.014173815963434677 0.036374009618646855
4348 0.48041513027423954 0.252316401914615 0.02260274607105863 0.01638889183263199
2972 0.4200384024001461 0.29264379075202207 0.014173815963434677 0.036374009618646855
4176 0.5152288161728317 0.4928942726958548 0.019477746071058632 0.01627976442797028
4175 0.48401520347638466 0.4932042967424719 0.019477746071058632 0.01627976442797028
2973 0.4124891139393013 0.43798357260318754 0.01424659057054054 0.03793650961864685
4368 0.4598328407799375 0.49326878412860015 0.016352746071058633 0.016170637023308565
3184 0.4915173343697967 0.5163416963796521 0.019477746071058632 0.01627976442797028
3186 0.47625405335255006 0.5426140197006298 0.019477746071058632 0.01627976442797028
3185 0.43010895347638467 0.4950867444728864 0.019477746071058632 0.01627976442797028
3239 0.3929150144774206 0.5400644277753306 0.01962329528527027 0.01940476442797028
4089 0.39566117886927876 0.49784964592416525 0.019477746071058545 0.01627976442797028
2968 0.38664585959607517 0.2727504422033009 0.012611315963434677 0.036319445916315994
2958 0.3696381420610638 0.30298357922660946 0.014173815963434677 0.036374009618646855
2949 0.3554300928468521 0.3065996525475872 0.012611315963434677 0.036319445916315994
2947 0.3383324840793465 0.32201632142206116 0.01268409057054054 0.037881945916315905
3203 0.3205092832935582 0.319518803998866 0.019477746071058545 0.01627976442797028
2889 0.29868778722249967 0.3358804139803325 0.016789393713693722 0.025545637023308566
4154 0.29734576509659316 0.2977082913849943 0.016789393713693722 0.025545637023308566
3493 0.21441344871887366 0.1859473905666876 0.019477746071058632 0.01627976442797028
4408 0.21559280500517994 0.21086554501319132 0.011665246071058632 0.016006945916315997
3019 0.23020111455847392 0.19865572169221363 0.012611315963434677 0.036319445916315994
4181 0.24407952398793328 0.2356100846689051 0.010684942927905361 0.02845238221398514
4351 0.22807138027423957 0.26112843984104817 0.019477746071058632 0.01627976442797028
3017 0.2467293349889693 0.2791963935619125 0.025727746071058634 0.016498019237293705
3004 0.252887289703699 0.2977008569014236 0.025727746071058544 0.016498019237293705
3009 0.24494635711487583 0.31747764356191255 0.025727746071058634 0.016498019237293705
3001 0.24343736104381725 0.3331299254130779 0.025727746071058544 0.016498019237293705
3002 0.24349086497275865 0.34872764356191255 0.025727746071058634 0.016498019237293705
2945 0.27862784429459425 0.36466017840830284 0.025727746071058634 0.016498019237293705
3207 0.27946259822353564 0.38023061470597197 0.019477746071058545 0.01627976442797028
2961 0.2790066799027361 0.4067658328548065 0.01268409057054054 0.037881945916316086
3932 0.27898525517179573 0.4574652373013103 0.019477746071058632 0.01627976442797028
3237 0.3680627177444083 0.5042732607149552 0.01068494292790545 0.02845238221398514
2845 0.3545246025667618 0.5437449884824366 0.010612168320799586 0.02688988221398514
4155 0.35081525165713906 0.5898933021847674 0.01068494292790545 0.02845238221398514
3993 0.33918854694240935 0.5715798118034143 0.016352746071058633 0.016170637023308565
2249 0.34118769458504444 0.5621502481010834 0.003416098428423453 0.006359127404661713
4405 0.3089381207637269 0.567956303998866 0.013227746071058543 0.01606150961864685
2856 0.2988910326743857 0.5659672180640165 0.010539393713693723 0.025327382213985138
3364 0.288552846156621 0.5702281321291671 0.013809942927905449 0.02856150961864685
3362 0.2804877890845265 0.5424305143431523 0.013664393713693723 0.025436509618646852
4178 0.2501345473566941 0.7252256561757842 0.013809942927905449 0.02856150961864685
3985 0.20209299959022445 0.785401753543379 0.01024829528527027 0.01907738221398514
3877 0.22651295678615352 0.7634895480084162 0.010321069892376133 0.02063988221398514
4346 0.1935377909465533 0.7513814176085296 0.019477746071058545 0.01627976442797028
2906 0.27043423883685747 0.6410589873013102 0.01268409057054054 0.037881945916316086
4170 0.2585335523190928 0.6453744650687916 0.013737168320799586 0.026999009618646853
4166 0.24841368962264573 0.6449478791339422 0.01068494292790545 0.02845238221398514
4165 0.2382210523190928 0.6460837931990928 0.01068494292790545 0.02845238221398514
3760 0.20771591501553993 0.6479290353945445 0.01337329528527036 0.019186509618646853
3761 0.1959222363556581 0.683439949459695 0.010248295285270315 0.01907738221398514
1780 0.32116413896069196 0.5901487625290537 0.026018844499481997 0.022748019237293703
3757 0.3138589071576571 0.6130232673383771 0.01337329528527027 0.019186509618646853
3006 0.16680208643671138 0.3373660468272899 0.012684090570540586 0.037881945916315996
3014 0.17692194913315845 0.33779263276213933 0.010976041356328858 0.03470238221398514
3569 0.18891252688341745 0.34829362314349244 0.014790246071058588 0.016116073320977708
3518 0.11623700620525299 0.3679910534507118 0.01337329528527027 0.019186509618646853
3206 0.12042143031702084 0.5628397619808996 0.019477746071058587 0.01627976442797028
3759 0.10726645885306811 0.5773387715995464 0.010321069892376133 0.02063988221398514
3745 0.1626817049241267 0.5598040420179664 0.010539393713693723 0.025327382213985138
4169 0.17834309222767963 0.5584771549946579 0.010539393713693723 0.025327382213985138
4156 0.1986192049241267 0.5585490768643567 0.013664393713693723 0.025436509618646852
3878 0.09601428164092839 0.6682093082600352 0.013809942927905428 0.02856150961864685
3753 0.11458234512316375 0.6714607938320649 0.01024829528527027 0.01907738221398514
3188 0.14788499669474034 0.6765376742319515 0.01024829528527027 0.01907738221398514
3359 0.13282292287342273 0.6817435294040947 0.013227746071058588 0.01606150961864685
4168 0.11760033726528088 0.6401562301297341 0.01181079528527027 0.019131945916316083
3766 0.14616198490791604 0.6297990834877787 0.013227746071058543 0.01606150961864685
2955 0.14696250558608046 0.6126115834877787 0.013227746071058543 0.01606150961864685
2942 0.1826816817647629 0.616044118334169 0.010976041356328858 0.03470238221398496
3756 0.1700318244449993 0.6866840005481543 0.01181079528527027 0.019131945916316083
3363 0.34902161931598485 0.5111780251429254 0.019477746071058632 0.01627976442797028
3514 0.41497614330391813 0.7530083718775481 0.013227746071058633 0.01606150961864685
4468 0.1646274644346394 0.2500843016366133 0.013809942927905449 0.02856150961864685
4468 0.16424862882649754 0.20797864719010958 0.009957196856846862 0.012827382213985139
4468 0.1665731081483331 0.22505701978544787 0.00868579528527027 0.019022818511654282
4468 0.17200547084478018 0.22564729682728987 0.005342471463952725 0.01422619110699257
4468 0.18982867163056846 0.22814481425048502 0.006759422249740998 0.011155754809323426
4468 0.20154742163056846 0.2277355864830036 0.005196922249740954 0.01110119110699257
4468 0.19843953825595695 0.24422368203649988 0.00646832382131759 0.004905754809323426
4468 0.19137190095240403 0.24525046869698874 0.005124147642635179 0.00953869110699257
4468 0.17947121443463937 0.24956594646447017 0.0072688444994819966 0.022093254809323427
4468 0.1805777961138398 0.2760466009109739 0.009666098428423453 0.006577382213985139
4468 0.17294723263160444 0.27241316942262817 0.005269696856846862 0.012663691106992569
4468 0.1809416691493691 0.2682341009109739 0.009666098428423453 0.006577382213985139
4468 0.16333463813212243 0.2945882697854479 0.008103598428423453 0.006522818511654283
4468 0.3848607276692057 0.34457087850097007 0.0035616476426351797 0.009484127404661712
4468 0.3748864141869704 0.3410192925661206 0.005124147642635179 0.00953869110699257
4468 0.3624035308123589 0.35783477033360206 0.007196069892376133 0.020530754809323426
4468 0.37094162283064147 0.3754761381196169 0.01449914764263518 0.00986607332097771
4468 0.37724512675958294 0.39085560145912807 0.005124147642635179 0.00953869110699257
4468 0.36080248945603 0.39220977033360205 0.01606164764263518 0.009920637023308565
4468 0.3358217601341944 0.37592257142206115 0.01449914764263518 0.009866073320977619
4468 0.31632689743774733 0.37582336770119684 0.015916098428423453 0.006795637023308565
4468 0.37404519809970116 0.4260664151614589 0.0035616476426351797 0.009484127404661712
4468 0.36194545843878334 0.4179091747801057 0.01606164764263518 0.009920637023308565
4468 0.3455049751880064 0.3857241573569106 0.00646832382131759 0.004905754809323426
4468 0.33538511249155933 0.3852975714220611 0.006541098428423453 0.006468254809323426
4468 0.3267913624915593 0.38559767178488086 0.006541098428423453 0.006468254809323426
4468 0.31823399979511224 0.38511652214770054 0.006541098428423453 0.006468254809323426
4468 0.30771387675958295 0.39328368621285115 0.005124147642635179 0.00953869110699257
4468 0.28383757506417184 0.43701632804548307 0.01606164764263518 0.009920637023308388
4468 0.3479386164205007 0.4004587799522489 0.006541098428423453 0.006468254809323426
4468 0.3362198664205007 0.4008680077197303 0.006541098428423453 0.006468254809323426
4468 0.32488210608141854 0.4098437036360464 0.005124147642635179 0.009538691106992658
4468 0.31944974338497145 0.40925342659420433 0.0035616476426351797 0.009484127404661712
4468 0.3132361306885244 0.4086904314035277 0.005124147642635179 0.009538691106992658
4468 0.3357832187778656 0.41024300771973027 0.006541098428423453 0.006468254809323426
4468 0.3739531528144308 0.44478913331029346 0.00668664764263518 0.009593254809323427
4468 0.3553123147250896 0.4431001477382638 0.00668664764263518 0.009593254809323427
4468 0.33925066708245455 0.4530207847615723 0.01606164764263518 0.009920637023308565
4468 0.34710170843878335 0.4184275299522488 0.005706344499481997 0.022038691106992657
4468 0.3389253354032541 0.4265128484639032 0.0035616476426351797 0.009484127404661712
4468 0.30751266956365386 0.4143501543616857 0.0035616476426351797 0.009484127404661712
4468 0.3272065854032541 0.4269220762313847 0.01449914764263518 0.009866073320977619
4468 0.306149222706807 0.4268774362128512 0.006541098428423453 0.006468254809323426
4468 0.3049677123677248 0.43549846806401654 0.006541098428423453 0.006468254809323426
4468 0.32290007506417184 0.43565223548721177 0.006541098428423453 0.006468254809323426
4468 0.32175495202864257 0.4434920173383771 0.00646832382131759 0.004905754809323426
4468 0.3045310647250896 0.44487346806401656 0.006541098428423453 0.006468254809323426
4468 0.32587737179718423 0.4722072943802192 0.0072688444994819966 0.022093254809323427
4468 0.32209955438600746 0.45283973548721174 0.01606164764263518 0.009920637023308565
4468 0.30491205438600744 0.45343993621285117 0.01606164764263518 0.009920637023308565
4468 0.30329389640429005 0.47143596806401655 0.0072688444994819966 0.022093254809323427
4468 0.2904664106723137 0.4789037276826634 0.01449914764263518 0.009866073320977619
4468 0.2763482526905963 0.49733626915247575 0.01449914764263518 0.009866073320977619
4468 0.36970014640429005 0.4691170107149551 0.01449914764263518 0.009866073320977619
4468 0.3362690622438903 0.48354409846390317 0.0072688444994819966 0.022093254809323427
4468 0.30805201695861995 0.5032489632546931 0.00734161910658786 0.023655754809323425
4468 0.2935357526905963 0.4967360684268363 0.01606164764263518 0.009920637023308565
4468 0.2898285558337495 0.509345195831498 0.01449914764263518 0.009866073320977619
2401 0.4965709772549209 0.1901338604448027 0.05407106989237605 0.02216766587924912
2687 0.44575333995136807 0.1926884307705555 0.04476884449948208 0.023402783665263983
3337 0.455708382755439 0.21340023485423956 0.019696069892376045 0.020967264427970277
2302 0.5072344954518859 0.2123808826773213 0.06344606989237604 0.02249504809323426
3583 0.5355243153442621 0.1911135178865313 0.029071069892376046 0.021294646641955416
2254 0.34820194375647495 0.2608332847615723 0.03212329528527027 0.01984127404661713
2421 0.22798568135047814 0.46392605762706307 0.02529971463952716 0.14127976442797027
1793 0.7683047361462612 0.11668640364389551 0.0930265620344933 0.05472719473518963
1793 0.7526561573625449 0.20147063141137692 0.04771837014004525 0.12022321996293313
1793 0.7549741745260526 0.3191665628997226 0.09466614474715093 0.12342263103285873
1793 0.7360892797789015 0.43994285436953495 0.04928087014004525 0.12027778366526398
1793 0.7394796453708328 0.5513615040067152 0.09095894789030404 0.11081350362819702
1793 0.7910742245688338 0.6158580244251353 0.0233690334984459 0.06633432813030105
1793 0.7815086718399654 0.7542484018297969 0.021660984284234353 0.06315476442797027
1793 0.7168083170014012 0.7869269817741966 0.036412688998963993 0.04495040145127884
1793 0.6839658918561761 0.6882365106301371 0.05073636228216234 0.15152778366526398
1793 0.4054408631107318 0.13715768258465405 0.4487329065339754 0.08898815516429393
228 0.19395528370784298 0.47447417722717644 0.021845074854774847 0.10060020072563951
104 0.48107860215247705 0.38878961525412614 0.0549144400324213 0.14075397477225654
1793 0.5522813982663168 0.66865567532826 0.08179796360606986 0.048095248818873594
1793 0.5464059257689069 0.7780579571794254 0.07987159057054072 0.04022818511654265
1793 0.42500611476787087 0.738618489663563 0.02933224317557439 0.12738095553496293
85 0.32420140178097356 0.5416839806778884 0.021258569892376133 0.021021828130301047
269 0.13073172994551732 0.7098958112552601 0.012684090570540586 0.037881945916316086
1793 0.1472235630724598 0.7912177331249589 0.02024403349844599 0.0662252007256395
1793 0.19328092576890687 0.7903893539061988 0.020171258891340173 0.06466270072563951
1793 0.29673556555365915 0.7462177132546931 0.02911391935425689 0.12269345553496276
852 0.16258750558608046 0.6120659464644701 0.01620719685684686 0.013045637023308566
1063 0.14894022849777525 0.6538814242319516 0.00734161910658786 0.023655754809323425
1806 0.1620053087292336 0.6245659464644702 0.016134422249741043 0.011483137023308564
1345 0.6537285057909683 0.19868542650938625 0.04698631596343468 0.03751984736759484