664 0.2106964714232095 0.19994709802672603 0.03288890965492604 0.02380112667090888
663 0.24434485174504034 0.20111924669795309 0.03288890965492604 0.02380112667090888
662 0.2757587427105329 0.203826623368862 0.03288890965492604 0.02380112667090888
665 0.20585578813517147 0.26468176002545335 0.03277964901126431 0.022238626670908878
661 0.23955879877883318 0.2666351586966805 0.028201409654925947 0.02374658267027261
660 0.27253518974432583 0.2693607167011348 0.028092149011264313 0.02218408267027261
649 0.36761310694082044 0.16664534404836143 0.03288890965492604 0.02380112667090888
668 0.44879740496334897 0.21130441072563366 0.029763909654926125 0.023764764003817974
659 0.48093791560701077 0.21323962806331526 0.03288890965492612 0.02380112667090888
658 0.5139143065725034 0.2159651860677696 0.03288890965492612 0.02380112667090888
653 0.5098002429626345 0.2799276887332697 0.03288890965492612 0.02380112667090888
657 0.4769331126408036 0.2787646307288153 0.031217149011264312 0.022220445337363427
667 0.44484723231897283 0.2776106633911337 0.03132640965492613 0.023782945337363515
644 0.6629256069408205 0.17008161608845046 0.036013909654926124 0.023837489337999784
645 0.7999721388718056 0.1763599827736769 0.0264203883676025 0.020603401336727157
669 0.790793516847848 0.2683656694382225 0.03299817029858776 0.025363626670908877
671 0.7586530062041863 0.26643045210054084 0.03288890965492612 0.02380112667090888
670 0.7265124955605246 0.2644952347628592 0.031217149011264312 0.022220445337363427
674 0.6814456500196705 0.32329752275617774 0.0326703883676025 0.02067612667090888
673 0.7150940303415013 0.32446967142740474 0.0295453883676025 0.02063976400381797
672 0.746507921306994 0.32717704809831366 0.03277964901126431 0.022238626670908878
648 0.6117994215590955 0.39898731874599636 0.03590464901126431 0.022274989337999783
639 0.6072647408689476 0.44577141207826915 0.03277964901126431 0.022238626670908878
647 0.639438102501345 0.4258498107494962 0.031107888367602497 0.020657945337363516
646 0.6736545653745797 0.4574725280871778 0.0357953883676025 0.020712489337999785
677 0.7702017834435944 0.45391227076699536 0.03288890965492612 0.02380112667090888
654 0.8058550601787996 0.4949190787714498 0.03132640965492613 0.023782945337363515
656 0.8403393208224614 0.4968815681094495 0.0357953883676025 0.020712489337999785
650 0.5203878177203682 0.36435723273390597 0.0295453883676025 0.02063976400381797
638 0.5977801162470998 0.5557276674092693 0.03288890965492612 0.02380112667090888
643 0.7847937971893494 0.5844446554344044 0.03132640965492613 0.023782945337363515
655 0.765999874544973 0.6505781854312228 0.029763909654926125 0.023764764003817974
642 0.6746482548668039 0.6502958274188142 0.03277964901126431 0.022238626670909055
678 0.6555976061076413 0.7015946980824053 0.0326703883676025 0.02067612667090888
676 0.5785105822224278 0.7155293814051331 0.0326703883676025 0.02067612667090888
651 0.8544939280153834 0.7327917961091314 0.03288890965492612 0.02380112667090888
640 0.8548434892794636 0.7601173647755859 0.0326703883676025 0.02067612667090888
679 0.812470318980876 0.7346446501034043 0.02965464901126431 0.022202264003817973
675 0.6385847047505884 0.7708714094127691 0.031107888367602497 0.020657945337363516
680 0.6784120292562206 0.7822634427514051 0.031107888367602497 0.020657945337363516
652 0.718933122451286 0.8147401354232686 0.036013909654926124 0.023837489337999784
681 0.6462058166350875 0.8240418627466326 0.0357953883676025 0.020712489337999785
637 0.6545863991864913 0.8545833380808144 0.03132640965492613 0.023782945337363515
641 0.8311053405203008 0.8113616914385406 0.0326703883676025 0.0206761266709087
666 0.8641527873019923 0.8039400901097677 0.0295453883676025 0.02063976400381797
1746 0.31158661808868526 0.31431013737268004 0.025655563861970432 0.009665901336727067
1745 0.31825723516896437 0.33156127204008906 0.013592606436617327 0.015770450668363533
1744 0.33159311549079523 0.3324970633752254 0.012030106436617328 0.015752269334818082
1095 0.3867505090541779 0.3175265913828613 0.010358345792955604 0.014171588001272717
1091 0.4195630090541778 0.3179083993873157 0.013592606436617416 0.015770450668363533
1092 0.45259403034150136 0.3214152073917701 0.010467606436617417 0.01573408800127272
1093 0.4825546819506557 0.3256669027291335 0.022312042574646897 0.0065045386696361614
1102 0.5226880090541778 0.31910836740131504 0.03524908514929379 0.012899989337999785
1110 0.5228354745253025 0.3323805267345423 0.036702324505632156 0.011355670671545238
1111 0.4854993654907952 0.3342879247294516 0.02398380321830871 0.008085220003181704
1097 0.48624776450205953 0.356153834062679 0.025546303218308707 0.008103401336727068
1099 0.4855593496513534 0.3686356527291335 0.025764824505632156 0.011228401336727067
1100 0.4872146848006473 0.3811447433959062 0.025655563861970522 0.009665901336727067
1101 0.4824014986626176 0.3904561087284971 0.022312042574646897 0.0065045386696361614
1088 0.465487150271772 0.39416236405949723 0.012030106436617416 0.015752269334818082
1109 0.48294780188092634 0.3982686087284971 0.02398380321830871 0.008085220003181704
1087 0.42475288962811036 0.3921271493873157 0.010467606436617417 0.015734088001272628
1098 0.41303413962811036 0.3919907893857249 0.010467606436617417 0.01573408800127272
4468 0.37428871388164087 0.3290908000477251 0.025546303218308707 0.008103401336727068
1089 0.3759658283640299 0.3642379593809523 0.025546303218308707 0.008103401336727068
1088 0.4458901982943006 0.4376487347230883 0.022421303218308708 0.008067038669636161
894 0.33746569309852054 0.4722953600413618 0.025546303218308707 0.008103401336727245
896 0.32020713728232175 0.48224252470558915 0.012030106436617328 0.015752269334818082
895 0.3374328421097848 0.49415217870781625 0.02409306386197043 0.009647720003181703
1428 0.3382305176041527 0.4832328600413618 0.022967606436617417 0.01587953866963616
1754 0.5283802702020427 0.4674913234006787 0.013592606436617416 0.015770450668363623
1425 0.4392138633971083 0.4984589653882702 0.17683528763096845 0.1175885840229082
2207 0.5297296027534465 0.497950982733906 0.012030106436617416 0.015752269334818082
1059 0.5684478953280935 0.5046464254057694 0.022312042574646897 0.0065045386696361614
1061 0.5917432836956961 0.5252134640754056 0.010467606436617417 0.015734088001272538
4485 0.5689777730520342 0.5233873347389967 0.03499771287323483 0.03163180800445424
1060 0.5648037252816073 0.5530021094048149 0.02206067029858776 0.02523635733609062
1642 0.8231350313499075 0.6192378261059497 0.06614915990702741 0.09756589067472703
870 0.5006155391435776 0.561622584062679 0.02409306386197052 0.009647720003181703
869 0.3748342891435777 0.5601589867122707 0.022749085149293878 0.012754538669636162
865 0.3622139568442754 0.6029459233768162 0.03837408514929388 0.012936352005090513
1114 0.5785820020168124 0.593754378739633 0.010467606436617417 0.01573408800127272
2123 0.5652461216949816 0.5928185874044967 0.013592606436617416 0.015770450668363623
1112 0.5408142042463854 0.6229782547342241 0.022312042574646897 0.0065045386696361614
526 0.5598591351886348 0.649740749403224 0.010467606436617417 0.015734088001272538
741 0.5964304197175101 0.6368958514083147 0.022312042574646897 0.0065045386696361614
1173 0.5947804384069435 0.6579532387412238 0.03488845222957302 0.030069308004454242
2031 0.6236866884069435 0.6582895934118145 0.012030106436617416 0.015752269334818082
1739 0.6449771803611718 0.6390219727482235 0.025546303218308707 0.008103401336727245
855 0.3880880419935693 0.6157368247135433 0.022312042574646897 0.0065045386696361614
846 0.39163365907384834 0.6329515967138615 0.019187042574646894 0.0064681760025454334
844 0.4065538187287744 0.6565436380489977 0.022312042574646897 0.0065045386696361614
1078 0.3884047522689139 0.6649192120464524 0.010467606436617417 0.01573408800127272
785 0.4094274464527152 0.6753118193825431 0.022858345792955603 0.014317038669636161
842 0.4320672709583473 0.6865038580521794 0.010467606436617417 0.015734088001272538
1082 0.4493094012801782 0.6874851027211794 0.010467606436617417 0.015734088001272538
858 0.47541843321116345 0.6924725947246791 0.012030106436617416 0.015752269334818082
1972 0.5256751593259499 0.7078890567313607 0.010467606436617417 0.015734088001272538
525 0.5772540848203178 0.697560631405133 0.010467606436617417 0.01573408800127272
527 0.6010904225675017 0.6923736920750875 0.020749542574646895 0.0064863573360907974
752 0.5892242070963769 0.6789651727402694 0.020749542574646895 0.0064863573360907974
2210 0.7799856009118612 0.73895034209895 0.022312042574646897 0.0065045386696361614
802 0.729127941256935 0.7149401300922685 0.022202781930985082 0.004942038669636162
2202 0.7274397551189056 0.7242878580919503 0.020749542574646895 0.0064863573360907974
2198 0.729603188659045 0.7328997894254957 0.022312042574646897 0.0065045386696361614
2197 0.7286962525210154 0.7422566080919504 0.022312042574646897 0.0065045386696361614
1424 0.7828974334632649 0.7694281827657227 0.03499771287323483 0.03163180800445424
1921 0.8181247392794637 0.759690103437268 0.020749542574646895 0.0064863573360907974
2024 0.818780303141434 0.769065103437268 0.02231204257464725 0.0065045386696361614
4449 0.7284995105667871 0.7617696767584048 0.053419930942249394 0.027162484006999676
4450 0.7179115718308675 0.7889679760900413 0.028419930942249573 0.02687158267027261
4444 0.7670046356928379 0.7989065974299501 0.05531021287323483 0.03186816534054504
1373 0.7680479656463517 0.8473168254296318 0.049355143815484226 0.05833975867281822
4440 0.7111806066118443 0.8489969567552231 0.035576867080279226 0.017587489337999786
2200 0.6963586359449394 0.871462302752996 0.020749542574646895 0.006486357336090975
1922 0.6962875801287407 0.8816094620862234 0.01929630321830871 0.00803067600254508
4448 0.6599130375540938 0.8749412914146781 0.03245186708027923 0.0175511266709087
1081 0.620626662428043 0.8377952800763602 0.01893567029858776 0.025199994668999894
1249 0.5201514150259332 0.8186720153962244 0.17974176634364483 0.11449994668999892
2201 0.640043297945654 0.8028935687459964 0.02398380321830871 0.008085220003181704
839 0.6410048644055145 0.7943180000795418 0.022312042574646897 0.0065045386696361614
2188 0.6411305505435441 0.7849520907463144 0.025546303218308707 0.008103401336727245
903 0.3589953937386096 0.8136743380410436 0.022421303218308708 0.008067038669636161
911 0.3543789495548083 0.80347263470718 0.011265281930985171 0.004814769334818081
1471 0.404029388290728 0.7767288687141797 0.018826409654925946 0.023637494668999892
899 0.3981400212104489 0.7594868247135433 0.020749542574646986 0.0064863573360907974
898 0.38066294410692664 0.7663089893777707 0.022312042574646897 0.0065045386696361614
906 0.372304140888618 0.7584055827100434 0.022312042574646897 0.0065045386696361614
901 0.3541168696012945 0.7550714973742709 0.01024908514929388 0.012609088001272539
914 0.3427259015322798 0.75962263737268 0.006687042574646895 0.006322725334181811
1429 0.3453099521526984 0.7854129780394528 0.06926345222957293 0.030469297342454026
2213 0.2951789121759415 0.760630606699544 0.012937042574646895 0.006395450668363623
1174 0.28902174732523533 0.7730487906985894 0.025983345792955602 0.014353401336727068
916 0.28184303185411064 0.7596948153644076 0.009593521287323447 0.0032340880012725393
1639 0.26482477665833054 0.7954050486950897 0.029075494804219913 0.036246582670272434
1753 0.37651103964778077 0.7069339893777707 0.025546303218308707 0.008103401336727245
2186 0.3624103348203177 0.6950606980426344 0.02620186708027905 0.017478401336727067
745 0.38151098801895594 0.38772091271481596 0.010467606436617326 0.015734088001272628
3728 0.20972955112462172 0.17495618869349877 0.01893567029858776 0.025199994668999894
3727 0.24265131176828345 0.1769004966979531 0.02206067029858776 0.0252363573360908
3726 0.2755730724119452 0.17884480470240743 0.01893567029858776 0.025199994668999894
3729 0.20922108875559015 0.2904811913589988 0.02206067029858776 0.0252363573360908
3725 0.241306969077421 0.29163515869668044 0.018826409654926036 0.023637494668999892
3724 0.27344747972108274 0.2935703760343621 0.01893567029858776 0.025199994668999894
3712 0.3919957479063131 0.1692709047183158 0.01893567029858776 0.025199994668999894
3731 0.4085108945717888 0.28265215205281574 0.03681158514929379 0.012918170671545237
3732 0.4486663649865921 0.18710384205917913 0.023623170298587758 0.02525453866963625
3723 0.4815881256302538 0.18904815006363346 0.02206067029858776 0.0252363573360908
3722 0.5152365059520847 0.19022029873486052 0.02206067029858776 0.0252363573360908
3707 0.6880348675844822 0.17193501742517758 0.01893567029858776 0.025199994668999894
3708 0.7780425085499748 0.17532419410404068 0.01893567029858776 0.025199994668999894
3734 0.7239830752619368 0.23948614409608648 0.02206067029858776 0.0252363573360908
3735 0.7545610859055986 0.2414031801002227 0.019154191585911206 0.028324994668999893
3733 0.7733657162274293 0.24240260610276804 0.02206067029858776 0.0252363573360908
3736 0.7482014612837509 0.35139579809831367 0.01893567029858776 0.025199994668999894
3737 0.7137172006400891 0.34943330876031387 0.01893567029858776 0.025199994668999894
3738 0.6792875703182581 0.34825206942231407 0.01893567029858776 0.025199994668999894
3717 0.5404875142499579 0.28340722473740587 0.018826409654926123 0.023637494668999892
3721 0.47193961004291357 0.29666065539463354 0.0353583457929556 0.014462489337999785
3741 0.7969281744090871 0.45656510343726797 0.0170453883676025 0.020494313335454352
3720 0.8375749537421822 0.479675886775904 0.03826482450563233 0.011373852005090512
3718 0.7805819085696453 0.49072192743472265 0.02206067029858776 0.0252363573360908
3709 0.6698793553513366 0.48162764341976877 0.01893567029858776 0.025199994668999894
3710 0.6402957621562709 0.4492782200827234 0.017263909654926125 0.02361931333545435
3702 0.6016649508921906 0.4215072087444055 0.02206067029858776 0.0252363573360908
3711 0.6114334348006473 0.3825901594127691 0.036920845792955605 0.014480670671545237
3713 0.5437706873985373 0.3638487027370877 0.02206067029858776 0.0252363573360908
3706 0.7620282865456877 0.5826185260979955 0.01893567029858776 0.025199994668999894
3719 0.7417264942231422 0.6495151247612684 0.016936127723940864 0.01893181333545435
3705 0.6730639755337088 0.6276395774188143 0.01893567029858776 0.025199994668999894
3742 0.6723644890273622 0.6846162834181779 0.018826409654926123 0.023637494668999892
3714 0.8538547896477808 0.712488386775904 0.01693612772394104 0.01893181333545435
3703 0.8348862683604572 0.7091452107733588 0.018826409654926123 0.023637494668999892
3743 0.8131751593259497 0.7112344221037225 0.0170453883676025 0.020494313335454352
3744 0.6768823802449562 0.7603884427514052 0.020170388367602498 0.020530676002545434
3739 0.6158356196012946 0.7581168707431328 0.015810670298587758 0.025163632001908985
3740 0.5947747205900302 0.7360146040738148 0.01893567029858776 0.025199994668999894
3716 0.6961676118076244 0.8129140060868597 0.015701409654926123 0.02360113200190881
3704 0.8331923644055145 0.7965543041056315 0.027327324505632335 0.01124658267027261
3730 0.8637375240604406 0.8203281587762221 0.028889824505632333 0.011264764003817974
3700 0.6780238991864913 0.8548560580839961 0.01893567029858776 0.025199994668999894
636 0.8062910108188888 0.836052608768268 0.0295453883676025 0.02063976400381797
3699 0.804979883094948 0.8173026087682681 0.020061127723940687 0.018968176002545432
3701 0.6251784965689307 0.5568270907463144 0.02206067029858776 0.02523635733609062
3220 0.38554864197389876 0.30033909138286136 0.016936127723940864 0.01893181333545444
3216 0.41919702229572964 0.3015112400540884 0.016936127723940864 0.01893181333545444
3218 0.48106323776685433 0.3155015620623608 0.0322333457929556 0.014426126670908878
3227 0.5218685542267149 0.30738961740131504 0.028889824505632156 0.011264764003817974
3235 0.5228190490309348 0.34330893606776963 0.027545845792955603 0.014371582670272609
3236 0.48693617935276556 0.3436720153962244 0.03212408514929379 0.012863626670908878
3217 0.4392035196978396 0.31969816605663376 0.020061127723940864 0.018968176002545346
3215 0.3741083974217804 0.33767545938095234 0.02899908514929388 0.012827264003817973
4163 0.2857507377668544 0.3132288953691802 0.029108345792955605 0.014389764003817973
4162 0.3187324825710743 0.34952093137331636 0.016936127723940864 0.01893181333545444
4161 0.3351387325710743 0.3497118353755435 0.016936127723940864 0.01893181333545444
3214 0.3753648948238904 0.3556442093809523 0.030452324505632157 0.011282945337363515
3222 0.45930285224924344 0.3503760013924063 0.028889824505632156 0.011264764003817974
3224 0.46028619804219906 0.36443850139240636 0.028889824505632156 0.011264764003817974
3225 0.4604336635133238 0.37771066072563364 0.02576482450563198 0.011228401336727067
3226 0.5053855305936029 0.39540723806490613 0.020061127723940864 0.018968176002545346
3234 0.4891267460647276 0.4084884933959062 0.02587408514929379 0.012790901336727245
3213 0.46590776735205114 0.41134077339272446 0.016936127723940864 0.01893181333545435
3212 0.4275172567083894 0.4093328307208612 0.016936127723940687 0.01893181333545435
3223 0.4118922567083894 0.40915101738540666 0.015264367080279229 0.017351132001908985
2849 0.3822593870302202 0.40958682204804325 0.01893567029858776 0.025199994668999894
4171 0.419945057328808 0.4350049927195885 0.029108345792955605 0.014389764003817973
4347 0.34096775151260933 0.44423399470877084 0.020061127723940864 0.018968176002545432
2997 0.3320133685928884 0.46130331604072533 0.036920845792955605 0.014480670671545326
2999 0.30536338728232176 0.48206980203690736 0.018826409654926036 0.023637494668999892
2998 0.33418215597175516 0.5034817253739527 0.036920845792955605 0.014480670671545326
4348 0.30471317725907865 0.5062612800365892 0.01715464901126431 0.02205681333545435
2972 0.34552920139639376 0.5652822913749072 0.036920845792955605 0.014480670671545326
4176 0.5447865202020428 0.4676822274029059 0.016936127723940687 0.01893181333545435
4175 0.5453546027534465 0.4981327960693605 0.016936127723940687 0.01893181333545435
2973 0.49111485300554814 0.5708794053946336 0.038483345792955606 0.01449885200509069
4368 0.5454856427302035 0.5223333647358149 0.016717606436617415 0.01580681333545435
3184 0.5690270495351378 0.4906021067393148 0.016936127723940864 0.01893181333545435
3186 0.5950650256499244 0.505736758076042 0.016936127723940864 0.01893181333545435
3185 0.5483428449597764 0.5520299554025877 0.016936127723940687 0.018931813335454527
3239 0.5938245897639962 0.5884674420750875 0.020061127723940687 0.018968176002545255
4089 0.5515824594421654 0.5871952960693605 0.016936127723940864 0.01893181333545435
2968 0.3268391855569519 0.5994118433720437 0.03681158514929388 0.012918170671545149
2958 0.35767392231540013 0.6161635387094071 0.036920845792955605 0.014480670671545326
2949 0.3610010181083557 0.6302533107097252 0.03681158514929388 0.012918170671545326
2947 0.37626538518863484 0.6476044427116343 0.03837408514929388 0.01293635200509069
3203 0.3751235022689139 0.6647646707113161 0.016936127723940864 0.01893181333545435
2889 0.3914422709583474 0.6860311433799978 0.02620186708027905 0.017478401336727067
4154 0.3533249119238399 0.6879294507081345 0.02620186708027905 0.017478401336727067
3493 0.24298262764706627 0.7732936913589988 0.016936127723940864 0.01893181333545435
4408 0.26781873668157363 0.7712408426957259 0.016389824505632155 0.01111931333545435
3019 0.255116640888618 0.757041982694135 0.03681158514929388 0.012918170671545326
4181 0.29241454509566245 0.7434249253659985 0.028889824505632156 0.011264764003817974
4351 0.31767127121044886 0.758550486035953 0.016936127723940864 0.01893181333545435
3017 0.3351101434865081 0.7400186620384982 0.01893567029858776 0.025199994668999894
3004 0.3540950902681994 0.7324334287078162 0.01893567029858776 0.025199994668999894
3009 0.37339139348650807 0.7404641047103616 0.01893567029858776 0.025199994668999894
3001 0.3890710238083389 0.741427168045816 0.01893567029858776 0.025199994668999894
3002 0.4046960238083389 0.7416089813812705 0.01893567029858776 0.025199994668999894
2945 0.42093302900411905 0.7058896573838158 0.01893567029858776 0.025199994668999894
3207 0.43644876836045726 0.7045089707192703 0.016936127723940687 0.01893181333545435
2961 0.46301126836045725 0.7048180533895428 0.03837408514929379 0.01293635200509069
3932 0.5129566380386265 0.7046186060629971 0.016936127723940864 0.01893181333545435
3237 0.5581820207062458 0.6145935900699968 0.028889824505632156 0.011264764003817974
2845 0.5988998558555397 0.6275572140754055 0.027327324505632154 0.011246582670272431
4155 0.6451574968210323 0.6304373134149962 0.028889824505632156 0.011264764003817974
3993 0.6264457016484952 0.6419287967456782 0.016717606436617415 0.01580681333545435
2249 0.6169068106830027 0.6394759587444054 0.006468521287323448 0.0031977253341818113
4405 0.6238887841998991 0.6723430027450419 0.01649908514929379 0.01268181333545435
2856 0.6214193480618695 0.6816816400779511 0.025764824505632156 0.011228401336727246
3364 0.6260904225675017 0.6926645934118145 0.029108345792955605 0.014389764003817973
3362 0.5977851061076412 0.7009219887412238 0.025983345792955602 0.014353401336727245
4178 0.7816191567280598 0.7288213640992682 0.029108345792955605 0.014389764003817973
3985 0.8426002153942502 0.7748065734404497 0.01940556386197052 0.009593176002545434
3877 0.819867555739324 0.7511236254375862 0.020968063861970164 0.009611357336090798
4346 0.8089354095780514 0.7845628341024499 0.016936127723940687 0.01893181333545435
2906 0.6967689093259499 0.7098799127545868 0.03837408514929379 0.01293635200509069
4170 0.7022212338315821 0.7208719567552232 0.027545845792955603 0.014371582670272609
4166 0.7013689280153833 0.7310100254216778 0.028889824505632156 0.011264764003817974
4165 0.7028603721991846 0.7411753660884506 0.028889824505632156 0.011264764003817974
3760 0.7049909547505884 0.7716441160884505 0.019624085149293792 0.012718176002545434
3761 0.7409666595780514 0.7837719460932229 0.019405563861970343 0.009593176002545434
1780 0.6448896990506052 0.6600975414146781 0.02518567029858776 0.025272720003181703
3757 0.6679829916252522 0.666611170751087 0.019624085149293792 0.012718176002545257
3006 0.39520604534776393 0.8179987587125888 0.03837408514929388 0.012936352005090513
3014 0.39527710116396264 0.8078515993793616 0.035139824505632154 0.011337489337999784
3569 0.40617639633649966 0.7962692093809525 0.01649908514929379 0.01268181333545435
3518 0.4268273859449394 0.8683260227164068 0.019624085149293792 0.012718176002545434
3206 0.6214296917611382 0.8604424394095874 0.016936127723940687 0.01893181333545435
3759 0.636420907232263 0.8738873214114964 0.019405563861970343 0.009593176002545434
3745 0.6176984043822713 0.8182458487428146 0.025764824505632156 0.011228401336727246
4169 0.6166057979456541 0.8026208487428146 0.025764824505632156 0.011228401336727246
4156 0.6159666595780514 0.7823174394095874 0.025983345792955602 0.014353401336727068
3878 0.7268655907724024 0.8835264980903595 0.029108345792955605 0.014389764003817973
3753 0.7302419630484617 0.8648310420909958 0.019514824505632154 0.011155676002545434
3188 0.7349241092097343 0.8313191080919502 0.019514824505632154 0.011155676002545079
3359 0.7398683353245209 0.8462083114258139 0.01649908514929379 0.012681813335454706
4168 0.698828072082969 0.8621236654200869 0.019514824505632154 0.011155676002545434
3766 0.6882676304970579 0.833898668085587 0.01649908514929379 0.01268181333545435
2955 0.671025500175227 0.832917423416587 0.01649908514929379 0.01268181333545435
2942 0.6732546356928379 0.7978157174172233 0.035139824505632154 0.011337489337999784
3756 0.7451132101984701 0.8095804680935412 0.019514824505632154 0.011155676002545079
3363 0.5656885181083557 0.6326350654041786 0.016936127723940687 0.01893181333545435
3514 0.8067016481780851 0.5628423754375861 0.01649908514929379 0.01268181333545435
4468 0.3080338272787492 0.821668104034044 0.029108345792955605 0.014389764003818329
4468 0.26517433792241085 0.8227306173615443 0.013155563861970343 0.009520450668363623
4468 0.28297919695691826 0.8205959526973168 0.019187042574646894 0.0064681760025454334
4468 0.2833780347041022 0.8151362933640893 0.014390281930985172 0.004851132001908809
4468 0.2860277873019923 0.7972129966979532 0.011374542574646896 0.006377269334818081
4468 0.28442708247452925 0.7854851560311804 0.01126528193098526 0.004814769334818081
4468 0.30177847344002184 0.7880289007001803 0.005124542574646895 0.006304544000636269
4468 0.3030513963364997 0.795069241366953 0.00970278193098526 0.004796588001272717
4468 0.30699585116396266 0.806824354034044 0.022312042574646897 0.0065045386696361614
4468 0.3334490905203009 0.8055709367043165 0.006905563861970343 0.009447725334181811
4468 0.33008914373860965 0.8133379833704527 0.012827781930985261 0.004832950668363622
4468 0.3256365905203009 0.8054800300365892 0.006905563861970343 0.009447725334181811
4468 0.35256507727874914 0.8221862720400891 0.006796303218308708 0.007885225334181812
4468 0.39871418555695193 0.6002481847151342 0.009593521287323447 0.0032340880012727167
4468 0.39468224941892227 0.6095686407144978 0.00970278193098526 0.004796588001272717
4468 0.4127438345682162 0.6222686353834976 0.020749542574646895 0.0064863573360907974
4468 0.42927577070624584 0.6130936300524976 0.010358345792955604 0.014171588001272717
4468 0.44446372813159885 0.6070254433879521 0.00970278193098526 0.004796588001272717
4468 0.44717346489004706 0.6234498747214975 0.010467606436617417 0.01573408800127272
4468 0.4301716351886348 0.6482316987189521 0.010358345792955604 0.014171588001272717
4468 0.43153739323440654 0.6677629487189521 0.007342606436617416 0.01569772533418181
4468 0.4797292387752606 0.6089970233927244 0.009593521287323447 0.0032340880012725393
4468 0.47284545424638524 0.6221873667249973 0.010467606436617417 0.01573408800127272
4468 0.44039894100483357 0.6382027180537703 0.005124542574646895 0.006304544000636269
4468 0.43954663518863485 0.6483407867202248 0.006687042574646895 0.006322725334181811
4468 0.44014756872877436 0.6569345367202247 0.006687042574646895 0.006322725334181811
4468 0.4407485022689139 0.6655282867202248 0.006687042574646895 0.006322725334181811
4468 0.44854457677454607 0.6765476027211793 0.00970278193098526 0.004796588001272539
4468 0.49231635610764124 0.6996947487269063 0.010467606436617417 0.015734088001272538
4468 0.455078800039341 0.6360316907224519 0.006687042574646895 0.006322725334181811
4468 0.4558982548668039 0.6477504407224519 0.006687042574646895 0.006322725334181811
4468 0.4644755793724361 0.6587788473901792 0.009702781930985083 0.004796588001272539
4468 0.46485799162525215 0.6642475973901792 0.009593521287323447 0.0032340880012725393
4468 0.46451378419989914 0.6704885067234064 0.009702781930985083 0.004796588001272539
4468 0.4653278851886348 0.6486407787237246 0.006687042574646895 0.006322725334181811
4468 0.49847923877526057 0.6092151993952699 0.009812042574646896 0.006359088001272539
4468 0.4974466164992014 0.6279379273949518 0.009812042574646896 0.006359088001272539
4468 0.5079142229358188 0.6436720153962243 0.010467606436617417 0.015734088001272538
4468 0.4731021803611718 0.6370220260582246 0.022202781930985082 0.004942038669636162
4468 0.4814063532576496 0.6441441827259519 0.009593521287323626 0.0032340880012725393
4468 0.46963832677454603 0.6767930507240428 0.009593521287323447 0.0032340880012727167
4468 0.48144455808511266 0.6558538420591791 0.010358345792955604 0.014171588001272717
4468 0.48213832677454604 0.6769385013924063 0.006687042574646895 0.006322725334181811
4468 0.49084133741820785 0.6786009987269063 0.006687042574646895 0.006322725334181811
4468 0.4903660900160979 0.6606413393936791 0.006687042574646895 0.006322725334181811
4468 0.49901447033792873 0.661522586728179 0.005124542574646895 0.006304544000636269
4468 0.5002163374182078 0.678710086728179 0.006687042574646895 0.006322725334181811
4468 0.5267570580851126 0.656381100731997 0.022312042574646897 0.0065045386696361614
4468 0.5083348400160979 0.6608504247294518 0.010467606436617417 0.015734088001272538
4468 0.5087554570963769 0.678028834062679 0.010467606436617417 0.01573408800127272
4468 0.5267788374182079 0.6790191693984516 0.022312042574646897 0.0065045386696361614
4468 0.5347388028893325 0.692382235399406 0.010358345792955604 0.01417158800127254
4468 0.5528550183604573 0.7058634800684059 0.010358345792955604 0.01417158800127254
4468 0.522916510062584 0.6126220100652242 0.010358345792955604 0.01417158800127254
4468 0.5385468639013113 0.6463703014003606 0.022312042574646897 0.0065045386696361614
4468 0.5584823054872226 0.6747043867361332 0.02398380321830871 0.008085220003181704
4468 0.5524344012801782 0.6886850707351787 0.010467606436617417 0.01573408800127272
4468 0.5652075528893326 0.6927367714035422 0.010358345792955604 0.014171588001272717
2401 0.24201108146612307 0.49148061736154414 0.024027361884498964 0.0533613573360908
2687 0.24556205238512946 0.5422618673615441 0.026496798022528623 0.044022720003181706
3337 0.2666722278794973 0.5315789060311804 0.021623627723940865 0.018986357336090796
2302 0.26462912663866006 0.4800345873647259 0.024682925746469398 0.0627363573360908
3583 0.24234993505274885 0.45167323002863496 0.023841691585911207 0.028379538669636162
2254 0.3155082016484953 0.6383107113701347 0.022497712873234654 0.0314863573360908
2421 0.5211951089576328 0.7554544000636334 0.1420453883676025 0.021948820019090043
1793 0.1637339901126429 0.22047722668681727 0.059462117332380604 0.09124316534054513
1793 0.24903770558376764 0.23474026869827128 0.12348105866619026 0.046712462682999244
1793 0.3665694130091207 0.22986295938095233 0.12832137797604232 0.0936056440165447
1793 0.48797451944573805 0.24688792206395158 0.12359031930985206 0.048274962682999245
1793 0.5992015965492602 0.24115663741245089 0.11549359604505724 0.08877269334818116
1793 0.6626742346647612 0.18881343475490503 0.0670453883676025 0.021076116008908664
1793 0.8013925272394082 0.1966724827736769 0.06381112772394104 0.019477253341817758
1793 0.8347238333077085 0.2602900874442676 0.047825494804219916 0.036464758672817864
1793 0.7372368281119284 0.2950639820973592 0.15473105866619025 0.04707608935390813
1793 0.19064495944216545 0.5829954080203626 0.11238928344359449 0.44625792934436304
228 0.5313020824745293 0.7883578067313607 0.10131112772394087 0.019913605346908624
104 0.44110414532809344 0.5031646467218156 0.14412134059717552 0.05163632001908987
1793 0.719906852501345 0.4267861494270866 0.05255655347041035 0.0817954400063634
1793 0.8294457434668375 0.43040259277526777 0.04463479282674854 0.08014203333863605
1793 0.7919289539942838 0.5525224934356772 0.1284199309422494 0.028035188017181058
85 0.5962883080851127 0.6571901700747693 0.0217328883676025 0.020548857336090798
269 0.7681025959681825 0.8480980754296319 0.03837408514929379 0.012936352005090867
1793 0.8495493379224108 0.8295304361075406 0.06682686708027888 0.017951116008908485
1793 0.8478886489343896 0.783454867441086 0.06526436708027887 0.017932934675363298
1793 0.802505457096377 0.6814469247692225 0.1237324309422494 0.027980644016544785
852 0.6699328937386095 0.817292423416587 0.013592606436617416 0.015770450668363623
1063 0.7122132288879035 0.8302742287555415 0.02398380321830871 0.008085220003181348
1806 0.6824875240604404 0.8182191240849507 0.012030106436617416 0.015752269334818082
1345 0.24738200645628786 0.3338590213637713 0.03921531930985207 0.04729317067154524