1431 0.1171875 0.20625 0.08359375 0.15703125
1427 0.2515625 0.203125 0.08984375 0.16328125
1425 0.39375 0.20546875 0.08984375 0.15546875
1423 0.54609375 0.20234375 0.0828125 0.15703125
1421 0.69921875 0.203125 0.09140625 0.159375
1451 0.840625 0.20234375 0.0890625 0.16171875
1450 0.84140625 0.79453125 0.0875 0.15546875
1420 0.696875 0.790625 0.0859375 0.16328125
1422 0.54609375 0.79375 0.0953125 0.15703125
1424 0.3921875 0.7921875 0.0875 0.153125
1426 0.2484375 0.79453125 0.08515625 0.15546875
1428 0.1171875 0.790625 0.08515625 0.159375
1429 0.12734375 0.5 0.0953125 0.1390625
4468 0.05390625 0.20234375 0.01484375 0.0421875
4468 0.12578125 0.59765625 0.0234375 0.028125
4468 0.18671875 0.20625 0.0140625 0.0375
4468 0.3328125 0.20234375 0.01640625 0.0421875
4468 0.4828125 0.20546875 0.01640625 0.0359375
4468 0.6328125 0.20390625 0.0171875 0.0375
4468 0.9015625 0.7921875 0.0140625 0.0375
4468 0.7609375 0.78984375 0.01875 0.0421875
4468 0.60703125 0.79609375 0.02109375 0.0421875
4468 0.459375 0.79375 0.01875 0.0375
4468 0.3125 0.7921875 0.0203125 0.05
4468 0.18046875 0.79296875 0.0234375 0.03984375
4468 0.3828125 0.50703125 0.0265625 0.02578125
4468 0.4296875 0.3921875 0.0234375 0.028125
4468 0.4765625 0.39765625 0.02265625 0.021875
4468 0.49921875 0.3546875 0.0234375 0.02421875
4468 0.44140625 0.45625 0.025 0.02421875
4468 0.471875 0.4359375 0.02109375 0.02421875
4468 0.5171875 0.40546875 0.0171875 0.0421875
4468 0.43046875 0.590625 0.0234375 0.021875
4468 0.459375 0.64453125 0.01875 0.04609375
4468 0.5078125 0.6265625 0.01484375 0.03359375
4468 0.5640625 0.6265625 0.0171875 0.03359375
4468 0.4625 0.5765625 0.0125 0.0375
4468 0.4890625 0.58046875 0.02734375 0.02578125
4468 0.459375 0.5171875 0.01875 0.0421875
4468 0.48203125 0.496875 0.01875 0.0421875
4468 0.4984375 0.45 0.02734375 0.028125
4468 0.53359375 0.5828125 0.025 0.021875
4468 0.5046875 0.53671875 0.01875 0.0375
4468 0.5171875 0.496875 0.0171875 0.03359375
4468 0.5390625 0.49921875 0.01640625 0.0375
4468 0.57578125 0.55546875 0.01640625 0.03984375
4468 0.58671875 0.49765625 0.01640625 0.03984375
4468 0.56875 0.38125 0.025 0.0296875
4468 0.54921875 0.40546875 0.01640625 0.0375
4468 0.55 0.4640625 0.01484375 0.03984375
1840 0.9328125 0.459375 0.03515625 0.0296875
1829 0.9328125 0.48984375 0.03515625 0.028125
1851 0.553125 0.559375 0.0109375 0.059375
1716 0.62890625 0.8 0.02265625 0.0578125
1718 0.609375 0.190625 0.02109375 0.0578125
4468 0.7765625 0.2078125 0.01640625 0.0375
1865 0.40703125 0.61328125 0.01640625 0.05546875
1962 0.31640625 0.48515625 0.0171875 0.05390625
1888 0.2875 0.425 0.03515625 0.02578125
1723 0.17421875 0.3109375 0.01640625 0.05546875
1724 0.1953125 0.31171875 0.01484375 0.05
841 0.8140625 0.65625 0.01875 0.05390625
852 0.8140625 0.425 0.01875 0.0578125
1150 0.6078125 0.734375 0.01640625 0.05390625
1155 0.6265625 0.1453125 0.01484375 0.0515625
1119 0.340625 0.484375 0.01640625 0.05546875
1139 0.2234375 0.4703125 0.0359375 0.03203125
1130 0.2234375 0.425 0.03984375 0.02578125
4353 0.10078125 0.29765625 0.0390625 0.021875
3406 0.1828125 0.11875 0.03515625 0.021875
4038 0.1578125 0.315625 0.0203125 0.0578125
4047 0.2140625 0.315625 0.01484375 0.05
1156 0.1859375 0.35625 0.0390625 0.03203125
3405 0.1828125 0.3875 0.03359375 0.0296875
4351 0.13125 0.40703125 0.03984375 0.0296875
4350 0.1265625 0.68203125 0.0390625 0.0296875
4348 0.2234375 0.69140625 0.03984375 0.0359375
4346 0.35234375 0.69296875 0.03515625 0.03203125
4344 0.5484375 0.69609375 0.0375 0.0296875
2750 0.31328125 0.87578125 0.0234375 0.03359375
3921 0.3171875 0.54375 0.01640625 0.0640625
3369 0.33671875 0.5375 0.01640625 0.059375
3388 0.22265625 0.50234375 0.0375 0.03203125
3380 0.22421875 0.39921875 0.03359375 0.03359375
3399 0.6109375 0.67890625 0.0234375 0.059375
3993 0.6359375 0.74375 0.01640625 0.05390625
3811 0.5578125 0.50390625 0.0140625 0.0515625
3822 0.40625 0.56171875 0.0203125 0.0515625
4342 0.6953125 0.69453125 0.04140625 0.02578125
4371 0.85078125 0.7015625 0.0265625 0.03203125
2762 0.9421875 0.86953125 0.0265625 0.05
4372 0.83515625 0.303125 0.0328125 0.03203125
4343 0.7078125 0.2984375 0.0359375 0.0359375
4345 0.5390625 0.29765625 0.0328125 0.021875
4347 0.390625 0.30078125 0.03359375 0.028125
4349 0.24765625 0.296875 0.03515625 0.03203125
2762 0.94140625 0.12421875 0.0171875 0.05
3997 0.609375 0.1375 0.01640625 0.0640625
3404 0.64296875 0.14140625 0.01640625 0.059375
1157 0.1828125 0.14453125 0.03125 0.02578125
2955 0.815625 0.37265625 0.01640625 0.04765625
2944 0.815625 0.59765625 0.02109375 0.0515625
2666 0.70625 0.37734375 0.07265625 0.04609375
2611 0.70703125 0.42109375 0.10859375 0.0421875
3800 0.89609375 0.4578125 0.0328125 0.028125
3789 0.8953125 0.4890625 0.03359375 0.03359375
1345 0.5 0.05390625 0.97265625 0.0953125
1345 0.5015625 0.9421875 0.97265625 0.0953125
1212 0.9109375 0.1484375 0.025 0.08984375
1793 0.92578125 0.26796875 0.05390625 0.1453125
711 0.96953125 0.35625 0.03359375 0.05546875
1211 0.96875 0.50078125 0.0328125 0.1375
1208 0.91015625 0.84921875 0.02734375 0.0859375
1793 0.028125 0.52890625 0.0359375 0.34453125
1209 0.28671875 0.49375 0.03359375 0.0953125
121 0.12734375 0.2015625 0.03984375 0.06796875
121 0.2609375 0.2015625 0.03984375 0.06796875
121 0.40625 0.2015625 0.03984375 0.06796875
121 0.55859375 0.2015625 0.03984375 0.06796875
121 0.70859375 0.19921875 0.03984375 0.06796875
121 0.85390625 0.19921875 0.03984375 0.06796875
121 0.12578125 0.47734375 0.04375 0.065625
121 0.1046875 0.7859375 0.04375 0.065625
121 0.23828125 0.78984375 0.04375 0.065625
121 0.384375 0.78984375 0.04375 0.065625
121 0.5359375 0.7921875 0.04375 0.065625
121 0.684375 0.78984375 0.04375 0.065625
121 0.83046875 0.7921875 0.04375 0.065625
682 0.66015625 0.3125 0.02265625 0.03984375
711 0.0265625 0.753125 0.0359375 0.059375