1216 0.09611027589213919 0.47734375 0.19222055178427838 0.9546875
1212 0.15642249264830982 0.8744653585035069 0.08773901741285454 0.04088695435896632
1251 0.31747285730220237 0.9093228427319598 0.05484463025772479 0.03683807178554303
1256 0.3236885577771722 0.8782620968811446 0.05204717887824382 0.04285127344521698
368 0.18505874773669245 0.7922914759300833 0.1527708751693421 0.12362952199532433
1107 0.2922880715719821 0.8178932819440792 0.06618492198083885 0.07504846680652086
1063 0.2981009803238379 0.749214136923101 0.07062676051544958 0.07071616431700996
499 0.31571452623082347 0.6812094981259003 0.05451043758467104 0.060157172615379825
1096 0.25639375791345775 0.6268781182517691 0.10730788896415203 0.057932744400922685
1170 0.21196432722619166 0.5423972970909261 0.14446705223856365 0.113662526144509
1419 0.41042723993477637 0.7822732454266079 0.17463923111680746 0.15485621120744356
703 0.37059121324966765 0.9351031701165802 0.048922178878243815 0.042614475104890914
951 0.44551929217334 0.8831486611935105 0.10566350180902226 0.0562518452307593
1211 0.5086644233355759 0.9356215431422339 0.14135534034363317 0.054287526144509005
1036 0.4122553335577697 0.6974246487459558 0.10558161465389268 0.054689345230759655
500 0.5330215349372507 0.6819987130583215 0.0592798247398008 0.06207487012586874
807 0.5263831105815627 0.7648587572494626 0.06774742198083886 0.07516686597668407
1876 0.5192400751900268 0.8979555997809298 0.03477779172311415 0.03998638257342364
1552 0.5546010430778511 0.8991978684522618 0.023922178878243727 0.04072008838228243
633 0.5027209605361342 0.8521461923123969 0.03823698439616763 0.016904080083912733
626 0.5310982660540582 0.8248966080792997 0.04465075870642732 0.020502676764564853
752 0.662529729758011 0.923177974881176 0.10722600180902227 0.05637024440092233
785 0.6627444137246374 0.8823753761259315 0.10253850180902227 0.05601504689043324
1430 0.6419605229514631 0.7851218678275618 0.18113489258219673 0.16001730788809568
1348 0.7641741169131407 0.9170445288205796 0.08880355042954129 0.06119945435896632
635 0.7327293651041185 0.8707974134685955 0.021704581637205678 0.028101689212119398
634 0.7485413935982494 0.7684177746713947 0.04308825870642714 0.020384277594401645
1074 0.4180682423096256 0.6287455037249776 0.10714411465389269 0.05480774440092269
1085 0.528715815240404 0.6297733622284845 0.10245661465389251 0.05445254689043359
796 0.6428026486866322 0.6964262207319912 0.10722600180902227 0.056370244400922684
818 0.6447911945936177 0.6296055736364206 0.10245661465389251 0.05445254689043359
682 0.33550472580128216 0.6248052101585364 0.056489017412854545 0.03851897095570589
1208 0.8603563981208053 0.8815195806853906 0.08782090456798422 0.04244945435896632
358 0.8372663788989284 0.8001278707273467 0.13945200361804452 0.10705732863401991
1551 0.8103077312283492 0.7347163582797922 0.0587132587064275 0.02156826929603195
1550 0.814834778944357 0.7163332111842216 0.05871325870642714 0.021568269296031773
1549 0.8154965202379296 0.6990273120140585 0.058795145861557076 0.02313076929603177
1548 0.8160763743763726 0.6801589128438955 0.06192014586155707 0.023367567636357833
1547 0.8174784220923804 0.662012564088651 0.05575203301668665 0.02445647095570571
1546 0.8173998569635181 0.6455471145035695 0.058795145861557076 0.02313076929603177
1545 0.816499098257091 0.6283596145035695 0.06512703301668665 0.025166865976683894
1544 0.8187642831282285 0.6117165661632434 0.06052142017181659 0.0263741684661948
1169 0.8264262969230384 0.5483877719721023 0.14446705223856354 0.11366252614450918
2061 0.7866810442095049 0.4784547028858519 0.030008404567984214 0.03806868506293455
1921 0.8416142056748942 0.478998231930146 0.03000840456798457 0.03806868506293455
2036 0.8988911171402834 0.47936416221919564 0.03000840456798457 0.03806868506293437
546 0.8208203488229178 0.42645357238702075 0.0592798247398008 0.06207487012586892
543 0.8198642791714995 0.28847997570636874 0.05320024310259512 0.03515717261537983
2240 0.8271578007682256 0.21811993151522752 0.1844369549975255 0.1042409045687478
1766 0.7884848043862702 0.3183101082797922 0.05895892017181659 0.02625576929603186
1750 0.727301642920881 0.3182401759161501 0.055833920171816584 0.02601897095570589
1741 0.6668997314554916 0.31811104396742657 0.06232958163720568 0.031180067636357923
2024 0.16901218735752846 0.47113852634500175 0.030008404567984304 0.03806868506293455
2066 0.2317987924004826 0.4718713095384809 0.030008404567984214 0.03806868506293455
2041 0.28669101028830696 0.471633588582775 0.030008404567984304 0.03806868506293455
547 0.2313993227036359 0.41934996078323633 0.06076043758467105 0.06063076929603177
728 0.21570904567984295 0.344456704559459 0.16265048620519007 0.0745767153566284
729 0.21691301956056114 0.2925982066340514 0.16265048620519007 0.0745767153566284
1983 0.35465535899968303 0.30176952924478684 0.05575203301668683 0.02445647095570589
1972 0.3559345759829962 0.2812794304895423 0.05575203301668683 0.02445647095570589
1910 0.4369289484388049 0.31514402239630956 0.06027575870642732 0.02168666846619489
1472 0.43413814111185867 0.2918249215664726 0.04678646879233561 0.0315585759347277
1553 0.45861251865604996 0.24996838567370122 0.030008404567984214 0.03806868506293437
1777 0.2895206026681049 0.1365006493706557 0.28464939620024127 0.2643514556083662
4440 0.5173191333099425 0.29258101554783233 0.06799972749876275 0.050285265146847016
1806 0.5682232140426372 0.29107679251753404 0.03346095318850324 0.04455548340326043
1209 0.5300747608541339 0.25161247343128357 0.09727779172311397 0.0447223493799445
544 0.5802518232694628 0.1913369016457408 0.057717324739800804 0.06195647095570585
1446 0.507186137493814 0.1890299630583214 0.05426477611928178 0.055469672615379786
1441 0.452171088873295 0.18692393401402724 0.05105788896415202 0.053670374275053764
542 0.4533440852552504 0.08957533733337515 0.0639673247398008 0.062430067636357923
1449 0.7389440705559294 0.1063671379487863 0.24988489258219673 0.1652268713752687
1657 0.6164593181810801 0.2685972186573988 0.03650406603337366 0.04322978174358649
1656 0.6493537053362098 0.2676733360839753 0.03502345318850324 0.04467388257342346
2222 0.6846737296464693 0.2681343547553072 0.03017217887824373 0.041193685062934374
2211 0.7168687539567289 0.2688321717669653 0.030008404567984214 0.03806868506293437
1922 0.5058615756443119 0.0440251163776693 0.029926517412854636 0.03650618506293444
1954 0.5403594063770066 0.04376408463408278 0.030008404567984214 0.03806868506293444
1933 0.5726363178423959 0.04602440164574079 0.03009029172311415 0.039631185062934435
1944 0.6047903985750904 0.045940968657398794 0.033215291723114146 0.039867983403260476
1210 0.5744577674128546 0.016757757048969906 0.3421742118949306 0.03351551409793981
704 0.8004813568519765 0.005521029969733077 0.05320024310259512 0.011042059939466154
1215 0.9279136380596409 0.4676770265454945 0.14417272388071822 0.935354053090989
1447 0.5240648575293451 0.46619611430307695 0.464323608095172 0.33710556183678797
3254 0.1545257999752561 0.8981396568438329 0.08732958163720576 0.03307445435896632
3232 0.2310163788989284 0.8460667487506001 0.03905585594746528 0.03252908008391273
2249 0.16288385458866889 0.8480921126526916 0.03231453301668678 0.02268048340326061
2878 0.16385545510906727 0.731934316386958 0.03658595318850333 0.044792281743586494
3258 0.13936671019744992 0.6537860055990774 0.0430816146538926 0.049953378424238616
4325 0.4082140439823623 0.9346053400326675 0.030417840343632995 0.04588118506293455
2376 0.42790906829262176 0.9362503504056295 0.03247166327441153 0.05537458423309758
3521 0.3626625265695077 0.9035455167972323 0.034450243102595035 0.03373638257342364
3527 0.3641907270444776 0.8728399684569063 0.041109678878243815 0.04202247925407576
3057 0.4775438981208053 0.9105273773753314 0.04473264586155708 0.022065176764564855
3188 0.24165290648854826 0.7197643578788069 0.034286468792335524 0.03061138257342364
3339 0.26896567898978546 0.6722022736457094 0.034532130257724794 0.035298882573423465
3221 0.18612220149102265 0.6329873309091052 0.032642081637205764 0.028930483403260432
4303 0.3390358395506635 0.6472838614032919 0.04769387155129756 0.019176975104890737
3199 0.3866478239468313 0.657794386298401 0.04004514586155698 0.02170997925407576
3153 0.43894730834299905 0.6679497136830214 0.043006371551297565 0.018821777594401644
3210 0.47924475972248004 0.6586213352587827 0.043170145861557076 0.021946777594401647
3340 0.5343284073930594 0.7219016626434029 0.060439533016686656 0.024811668466194804
2900 0.6129170748513425 0.6649636557949257 0.05427142017181659 0.025900571785542857
2922 0.6690442441186478 0.6583575356690569 0.05418953301668683 0.024338071785542682
545 0.7291529064885482 0.6828238167879433 0.057717324739800804 0.06195647095570571
3253 0.5927085526887895 0.9378809375385121 0.023758404567984216 0.03759508838228243
2856 0.6504767870849573 0.9476218678275619 0.05386198439616781 0.01808807178554268
3269 0.7467752549727817 0.9442465688625358 0.03939004862051902 0.009209979254075762
3250 0.8443972054477517 0.9062594715571837 0.0606851944820761 0.029499168466195158
3670 0.7601959458368132 0.8710691779907425 0.03272396879233561 0.03049298340326061
2249 0.8087595985957752 0.8548396041306073 0.02738137155129756 0.01763778589277152
2844 0.8651324293284699 0.8529209840047386 0.03387703301668665 0.02279888257342364
4352 0.7392349926483097 0.8303024680326988 0.03272396879233561 0.03049298340326061
2889 0.7036217192425614 0.85417859853153 0.05246325870642732 0.021094672615380006
2509 0.5809621472162941 0.8783758829744087 0.030008404567984214 0.03806868506293455
3569 0.5592132999752562 0.8674742717716096 0.021458920171816588 0.023414189212119397
3833 0.5232348563976912 0.8694162026853594 0.049583920171816585 0.025545374275053944
3648 0.5450312912688288 0.8512931647179954 0.03659259724103805 0.0152231809137497
3637 0.5444171376053557 0.8395744147179954 0.03683825870642714 0.0199106809137497
2911 0.5349668945027606 0.8089164105688106 0.052627033016686656 0.024219672615380005
4341 0.49959928256240155 0.8374800410676414 0.02762703301668683 0.022325285892771517
3659 0.7516697156245169 0.7532780267459871 0.03848264586155707 0.021591580083912553
4213 0.75268225972248 0.6379014804802535 0.030008404567984214 0.03806868506293455
3568 0.8659811991161736 0.7344194377390049 0.04012703301668665 0.023272479254075586
3567 0.8673013596770517 0.7147105889837604 0.044814533016686656 0.023627676764564676
3566 0.8695665445481892 0.6980675406434342 0.04950203301668665 0.023982874275053766
3565 0.8694470358417619 0.6808208410583527 0.0430882587064275 0.020384277594401645
3564 0.8678059707128994 0.6644737906434343 0.043170145861557076 0.021946777594401647
3563 0.8684267684289073 0.6463866414732713 0.043252033016686654 0.023509277594401645
3561 0.8714322597224801 0.6289031435478637 0.03848264586155707 0.021591580083912553
3560 0.8704905574384879 0.6109343935478637 0.044814533016686656 0.023627676764564676
4354 0.7487549983025193 0.547998530895172 0.03009029172311415 0.039631185062934546
4027 0.7584741570543752 0.4790233879487863 0.030008404567984214 0.03806868506293455
3877 0.8151335928300238 0.48257351782291746 0.0309976944820761 0.027249584233097403
4001 0.8708070607178483 0.4822765972821301 0.029762743102595125 0.03338118506293455
4214 0.868722260288307 0.42752989769704863 0.03658595318850324 0.04479228174358667
3257 0.9061536612382467 0.3635140192728099 0.04003850180902226 0.051279080083912555
4201 0.7923844103337354 0.34782000952454767 0.05270892017181641 0.02578217261537983
4211 0.8669439970593238 0.288834250601478 0.03313340456798457 0.03830548340326043
4168 0.7341724406368888 0.29967943006533504 0.04004514586155707 0.021709979254075584
4157 0.6416164484388049 0.2996337311049534 0.04308825870642732 0.020384277594401645
3766 0.5970033112836752 0.3014456074545996 0.027708920171816587 0.02388778589277134
4368 0.5391874892574078 0.320729326335713 0.03848264586155707 0.021591580083912553
3866 0.4944924649471483 0.32097870268535916 0.05567014586155707 0.02289397095570589
3753 0.47340535899968295 0.292771192312397 0.027872694482076098 0.02701278589277143
4355 0.29572185153645114 0.5391879414872044 0.03025406603337357 0.04275618506293455
3985 0.14191409882291772 0.47789801182285474 0.02474769448207601 0.02677598755244546
4032 0.1998494295556123 0.4758609925268228 0.030008404567984304 0.03806868506293455
4006 0.2555638410210016 0.4763453219860354 0.02992651741285455 0.03650618506293455
4215 0.1898292983933764 0.41936253879255647 0.030008404567984304 0.03806868506293455
3430 0.2965739433504223 0.4057834456363893 0.03543288896415202 0.05248638257342346
4270 0.1741733208946136 0.3750564317389421 0.06200203301668674 0.02493006763635801
4271 0.1736643085701417 0.2605795346433716 0.05567014586155698 0.0228939709557058
3943 0.35711861770611025 0.3188386300746238 0.05567014586155707 0.02289397095570589
3932 0.3565553736990041 0.2631922813193793 0.05575203301668674 0.0244564709557058
3570 0.4067191480092636 0.2625285078741625 0.027790807326946342 0.02545028589277143
2349 0.42970626865604994 0.25215877032171713 0.023840291723114148 0.03915758838228234
3251 0.5170048727944929 0.22671921720750626 0.06035764586155708 0.023249168466194892
4363 0.45678334577069996 0.15520033733337515 0.03840075870642732 0.020029080083912555
4367 0.5045214829258298 0.1531516626434029 0.043170145861557076 0.021946777594401647
4212 0.5652542650380055 0.14462784500704498 0.033215291723114146 0.039867983403260476
3624 0.28919969810012064 0.10044475020049266 0.04364818068726617 0.09045997925407559
4356 0.3609684774987628 0.018139890447586 0.06512703301668683 0.025166865976683984
4331 0.432307888964152 0.017440228205168405 0.03872830732694617 0.026279080083912575
4210 0.45366498982323467 0.1256312365035382 0.049420145861557074 0.022420374275053768
3878 0.5062234237898611 0.08086226554783234 0.03313340456798421 0.038305483403260475
3911 0.5415843916776856 0.08210453421916429 0.033297178878243724 0.0414304834032605
3889 0.5721759724103801 0.08213950040098532 0.026719630257724704 0.034706886722608396
3900 0.6012050531430748 0.08229286575296937 0.03634029172311397 0.04010478174358652
3252 0.6535211476705793 0.01793344521218203 0.058795145861557076 0.023130769296031882
2400 0.5561548247398008 0.01657340798137541 0.10607958163720568 0.03314681596275082
4370 0.7489122127994416 0.027176545417319075 0.03856453301668665 0.023154080083912575
4326 0.8095188421526552 0.03121192736604266 0.07614642017181658 0.02755816016782515
2376 0.8079187206013578 0.01564612695112417 0.08067014586155707 0.02478835767831423
2383 0.8930550384437537 0.09861106968772844 0.07998847241038014 0.13056476099766212
2768 0.9229671884891821 0.013379690237804559 0.029680855947465546 0.026759380475609117
3778 0.6217709379233554 0.2352519223916652 0.032887743102595124 0.03361798340326052
3767 0.6563097122336149 0.23577214064807867 0.029926517412854636 0.03650618506293437
4190 0.6861609865438744 0.2366475564149812 0.028036468792335612 0.03013778589277143
4179 0.7176566480092637 0.23896707301172074 0.027708920171816587 0.02388778589277134
4266 0.7214057677515389 0.20574017591615013 0.029762743102595125 0.033381185062934374
2769 0.7555816146538925 0.0012066718788225628 0.024665807326946166 0.0024133437576451255
2700 0.054433946741324256 0.9488635524895109 0.010275758706427274 0.01789789502097818
2644 0.09061710820671351 0.9508278715757612 0.04317014586155703 0.021946777594401824
94 0.21040182722619166 0.5425156962610892 0.08000176051544958 0.07142655933798814
209 0.22983682270363587 0.4194683599533994 0.024420145861557073 0.020525987552445456
107 0.43254790140016564 0.7853031570443255 0.08468261646291494 0.1013508576783142
33 0.18402851424503586 0.8025661251002463 0.07918288896415207 0.05580155933798814
180 0.52402391395178 0.46541486430307694 0.2911649898232348 0.18080524979950746
277 0.5787302668470277 0.1922365508159038 0.02121325870642714 0.018726689212119306
209 0.4526447224103801 0.09119703691845667 0.021295145861557074 0.020289189212119307
336 0.7905585594746529 0.23814901159914012 0.021213258706427318 0.018726689212119306
202 0.8628429952503016 0.24051514977164098 0.018088258706427496 0.018489890871793247
234 0.865149123699004 0.22465335143131498 0.018006371551297206 0.016927390871793336
257 0.8651933893028364 0.21053165184623346 0.021213258706427495 0.018726689212119306
271 0.8667182677515388 0.19472905309098892 0.018088258706427142 0.018489890871793247
271 0.792165325078485 0.22390891284389558 0.021131371551297563 0.017164189212119308
328 0.7928270663720578 0.20660301367373254 0.014799484396167628 0.015128092531467185
332 0.7937754127085845 0.19476586450356953 0.020967597241038048 0.014039189212119307
45 0.7294462398232346 0.10473378296976446 0.08862648801421233 0.11721265601864025
209 0.8200390988229177 0.42651277197210236 0.021295145861557074 0.020289189212119398
95 0.8248228533454736 0.5477249211422655 0.0737517605154494 0.07095296265733601
209 0.7291529064885482 0.6828238167879433 0.021213258706427318 0.018726689212119396
34 0.843513056872661 0.8145572236317763 0.07745661465389234 0.05255816016782511
122 0.7665588104907057 0.9176481800653349 0.04473264586155708 0.022065176764564855
107 0.6641221279944173 0.7889330294452795 0.08468261646291494 0.1013508576783142
1484 0.24699658299194285 0.9115258053892958 0.10862472749876284 0.05336364357108536
1485 0.2531303963117829 0.8789025595384808 0.11331222749876284 0.053718841081574806