1216 0.9189459474800824 0.4765625 0.16210810503983525 0.953125
1212 0.8232268998417155 0.0609375 0.08689224623907635 0.0328125
1251 0.6598008973344329 0.0390625 0.05403428213245363 0.03125
1256 0.6557438831486679 0.07109375 0.049528638558944314 0.0375
368 0.8004593380840908 0.1453125 0.1484949874635877 0.109375
1107 0.6915844432569401 0.128125 0.06293792069139795 0.06875
1063 0.6919505046188534 0.19609375 0.06905152837152997 0.0640625
499 0.6789898518741442 0.265625 0.05163670783841638 0.05625
1096 0.7424014825155297 0.31484375 0.10605142319868044 0.046875
1170 0.7932078130777731 0.39453125 0.1404551669304741 0.1015625
1419 0.5769847341648824 0.1734375 0.1681088054894186 0.1390625
703 0.6041419307205278 0.01875 0.04796613855894431 0.0375
951 0.5337324908288 0.07578125 0.10448892319868044 0.046875
1211 0.46712766402748035 0.02890625 0.14024456677218974 0.040625
1036 0.5815836544605689 0.25703125 0.10444345909205772 0.0453125
500 0.46286474670129474 0.2828125 0.05632420783841656 0.05625
807 0.4621493443522969 0.2 0.06450042069139812 0.06875
1876 0.45898254341522476 0.0671875 0.032295674452321774 0.0359375
1552 0.42378082930860206 0.06875 0.02301160266556703 0.0390625
633 0.4795845484297896 0.1109375 0.0363466769596041 0.0140625
626 0.45372073040395866 0.140625 0.04425010517284953 0.0171875
752 0.3148377383215175 0.05390625 0.10600595909205772 0.0453125
785 0.31756192154932783 0.09453125 0.10136392319868044 0.046875
1430 0.34606134309865555 0.1890625 0.17605769780928665 0.14375
1348 0.21364731136191337 0.06796875 0.08596624373179385 0.0546875
635 0.24909306637647832 0.11171875 0.021085389812585655 0.0265625
634 0.24064641739269269 0.2140625 0.04268760517284953 0.0171875
1074 0.581145733769171 0.32578125 0.105960494985435 0.04375
1085 0.4699809132360576 0.33359375 0.10131845909205772 0.0453125
796 0.3520863710744741 0.27734375 0.10600595909205782 0.0453125
818 0.3548416465430102 0.34375 0.10131845909205772 0.0453125
682 0.664026429929105 0.3234375 0.05407974623907634 0.0328125
1208 0.12020954842978963 0.1109375 0.08693771034569897 0.034375
358 0.14916361104534426 0.18984375 0.13710284639736087 0.09375
1551 0.18172004678043702 0.25234375 0.056704641066226816 0.015625
1550 0.1788307275009648 0.27109375 0.056704641066226816 0.015625
1549 0.17911187232811535 0.28828125 0.05831260517284949 0.0171875
1548 0.18012880304864315 0.30703125 0.061483069279472155 0.01875
1547 0.1796059658224823 0.325 0.055233069279472156 0.01875
1546 0.18147234270294416 0.34140625 0.05831260517284949 0.0171875
1545 0.18253473753009467 0.35859375 0.06465353338609488 0.0203125
1544 0.18205736441055653 0.375 0.0600114974927175 0.021875
1169 0.1794348180923379 0.43828125 0.14045516693047427 0.1015625
2061 0.224377593560874 0.5046875 0.0276081744523216 0.0359375
1921 0.16957643329431732 0.50859375 0.027608174452321686 0.0359375
2036 0.11240879097444925 0.51328125 0.027608174452321686 0.0359375
546 0.19388009982908017 0.559375 0.056324207838416476 0.05625
543 0.20552699049959555 0.69609375 0.052426318025830906 0.0296875
2240 0.2034811057015749 0.76640625 0.18071645407749282 0.0890625
1766 0.23460673673867188 0.66328125 0.05840353338609479 0.0203125
1750 0.29565789700522854 0.659375 0.055278533386094876 0.0203125
1741 0.3559505393250966 0.6546875 0.061710389812585566 0.0265625
2024 0.8412528564929979 0.46171875 0.027608174452321776 0.0359375
2066 0.7786164641731297 0.46640625 0.0276081744523216 0.0359375
2041 0.7237925718532617 0.47109375 0.027608174452321776 0.0359375
547 0.7833661486545812 0.51796875 0.05784124373179385 0.0546875
728 0.8038628535900039 0.5921875 0.1611026360516618 0.059375
729 0.8070727701247667 0.64296875 0.1611026360516618 0.059375
1983 0.6687233239648327 0.6453125 0.05523306927947225 0.01875
1972 0.6689135405787379 0.665625 0.05523306927947225 0.01875
1910 0.5861154124446347 0.63828125 0.05831260517284953 0.0171875
1472 0.5901209508452945 0.66171875 0.046130853919208195 0.028125
1553 0.5693167058598595 0.70546875 0.027608174452321776 0.0359375
1777 0.7461399671426305 0.80390625 0.2757060083132702 0.2390625
4440 0.5071493264721152 0.6671875 0.06694345909205772 0.0453125
1806 0.4561862200456245 0.6734375 0.03247753087881229 0.0421875
1209 0.49732804559330274 0.709375 0.09635817445232178 0.0359375
544 0.4517367492750842 0.77265625 0.054761707838416565 0.05625
1446 0.5244839274883295 0.76953125 0.05150031551854841 0.0515625
1441 0.5800208736482636 0.7671875 0.048329851411925875 0.05
542 0.5865998310909687 0.86328125 0.061011707838416564 0.05625
1449 0.30045774261116664 0.8703125 0.24476223370266403 0.1421875
1657 0.4101235622863502 0.69921875 0.035511602665567035 0.0390625
1656 0.3771974020197935 0.703125 0.03399456677218975 0.040625
2222 0.3419729558598595 0.70546875 0.029261602665567033 0.0390625
2211 0.3098962417532368 0.70703125 0.027608174452321686 0.0359375
1922 0.5374887296790429 0.91328125 0.02756271034569906 0.034375
1954 0.5030228014657976 0.91640625 0.027608174452321776 0.0359375
1933 0.4701875694124862 0.9171875 0.029216138558944317 0.0375
1944 0.43811085530586347 0.91875 0.03234113855894449 0.0375
1210 0.4725253077340037 0.97109375 0.34060827962517115 0.053125
704 0.24709339872108824 0.9859375 0.052380853919208194 0.028125
1215 0.06815896661390515 0.5203125 0.1363179332278103 0.959375
1447 0.48790889614729877 0.49609375 0.45238818025830946 0.296875
3254 0.8239088614410557 0.0375 0.08666492570596276 0.025
3232 0.7511329394960164 0.0953125 0.03836381802583091 0.0296875
2249 0.8185477600291298 0.0875 0.03179556927947225 0.01875
2878 0.8261436481923627 0.20234375 0.035557066772189574 0.040625
3258 0.8567284069678515 0.27890625 0.04198892319868044 0.046875
4325 0.5665737345605939 0.02109375 0.02935253087881229 0.0421875
2376 0.5477328063473484 0.02421875 0.029534387305303157 0.0484375
3521 0.6149968626946969 0.0484375 0.03367631802583091 0.0296875
3527 0.6164313305622432 0.0796875 0.03859113855894449 0.0375
3057 0.5000849165347628 0.05078125 0.044295569279472244 0.01875
3188 0.7498168289128906 0.22109375 0.03358538981258548 0.0265625
3339 0.7265097095542762 0.2703125 0.03215928213245363 0.03125
3221 0.8114924633151999 0.303125 0.03197742570596276 0.025
4303 0.6584356594751339 0.30078125 0.047284176959604095 0.0140625
3199 0.6101800159016246 0.29453125 0.03960806927947225 0.01875
3153 0.5564328902748039 0.2890625 0.041079641066226816 0.015625
3210 0.5170066774218226 0.3015625 0.04273306927947225 0.01875
3340 0.45777408142017306 0.24296875 0.059966033386094963 0.0203125
2900 0.38329926715526585 0.30546875 0.053716033386094875 0.0203125
2922 0.3282707863555957 0.3171875 0.053670569279472155 0.01875
545 0.26636181974169054 0.296875 0.054761707838416565 0.05625
3253 0.3833975217076124 0.03359375 0.0229206744523216 0.0359375
2856 0.3242498422407257 0.02578125 0.05201714106622681 0.015625
3269 0.22788330760098968 0.03515625 0.03790917695960409 0.0140625
3250 0.1342409561890639 0.08515625 0.060102425705962935 0.025
3670 0.22170385226985562 0.11328125 0.03202288981258557 0.0265625
2249 0.17345656888376076 0.13359375 0.027017141066226814 0.015625
2844 0.11780596245727004 0.13984375 0.03335806927947216 0.01875
4352 0.24480873165759992 0.1515625 0.03202288981258557 0.0265625
2889 0.2791753714701855 0.125 0.05045464106622681 0.015625
2509 0.3989028497625732 0.09140625 0.027608174452321686 0.0359375
3569 0.42209029717614843 0.1 0.020948997492717503 0.021875
3833 0.4581641894960164 0.0953125 0.04902853338609496 0.0203125
3648 0.4380419061099216 0.115625 0.03630121285298138 0.0125
3637 0.43926342531025153 0.12734375 0.03643760517284953 0.0171875
2911 0.4501183572844205 0.15703125 0.052108069279472244 0.01875
4341 0.48384013941687415 0.12578125 0.027153533386094962 0.0203125
3659 0.23862927632646586 0.2296875 0.038045569279472155 0.01875
4213 0.24624789654301016 0.34375 0.027608174452321686 0.0359375
3568 0.12531092240725764 0.2578125 0.039653533386094876 0.0203125
3567 0.1263051210744741 0.27734375 0.04434103338609487 0.0203125
3566 0.12426524795493595 0.29375 0.04898306927947216 0.01875
3565 0.12610889278208645 0.3109375 0.04268760517284949 0.0171875
3564 0.1287565196625483 0.32734375 0.04273306927947216 0.01875
3563 0.1297961824363875 0.3453125 0.04277853338609487 0.0203125
3561 0.12851482726353797 0.3625 0.038045569279472155 0.01875
3560 0.13033574003737716 0.38046875 0.04429556927947216 0.01875
4354 0.2569376924655173 0.4328125 0.029216138558944317 0.0375
4027 0.251789539720808 0.50234375 0.0276081744523216 0.0359375
3877 0.19551680766749668 0.503125 0.03036946159934022 0.0234375
4001 0.1399116653476286 0.5078125 0.027471782132453625 0.03125
4214 0.14615565366914612 0.56171875 0.035557066772189706 0.040625
3257 0.11375467913768218 0.628125 0.03886392319868044 0.046875
4201 0.22839384065788013 0.63515625 0.05215353338609487 0.0203125
4211 0.1585610622863502 0.69921875 0.03073317445232169 0.0359375
4168 0.2896435777257564 0.678125 0.039608069279472156 0.01875
4157 0.38283964825886974 0.6703125 0.04268760517284953 0.0171875
3766 0.4275300226320492 0.66484375 0.0271989974927175 0.021875
4368 0.4836807342313894 0.64140625 0.038045569279472245 0.01875
3866 0.5275443944979461 0.6375 0.05518760517284953 0.0171875
3753 0.5510129867386718 0.66328125 0.02728992570596276 0.025
4355 0.7093185463847256 0.4046875 0.02930706677218975 0.040625
3985 0.8680654090794224 0.453125 0.024164925705962757 0.025
4032 0.8100483205996204 0.46015625 0.027608174452321776 0.0359375
4006 0.7544659103330638 0.4640625 0.02756271034569906 0.034375
4215 0.8240593448145151 0.515625 0.027608174452321776 0.0359375
3430 0.718758079375109 0.53671875 0.032704851411925875 0.05
4270 0.8431443139357029 0.5578125 0.06152853338609461 0.0203125
4271 0.8523481662055584 0.67109375 0.05518760517284953 0.0171875
3943 0.6653171791376822 0.628125 0.05518760517284953 0.0171875
3932 0.669953203352577 0.68359375 0.05523306927947225 0.01875
3570 0.6198168110327089 0.68828125 0.02724446159934022 0.0234375
2349 0.5976008302330389 0.7 0.022966138558944315 0.0375
3251 0.5122710839939625 0.7328125 0.059920569279472244 0.01875
4363 0.5775263594624986 0.79921875 0.03800010517284953 0.0171875
4367 0.5297109850893192 0.8046875 0.04273306927947225 0.01875
4212 0.46992680812971505 0.81875 0.03234113855894449 0.0375
3624 0.7490005426903089 0.83984375 0.040000525864247474 0.0859375
4356 0.6839545527194387 0.92734375 0.06465353338609496 0.0203125
2644 0.6618833244270511 0.9609375 0.027289925705962937 0.025
4331 0.6126789462929481 0.93359375 0.03818196159934022 0.0234375
4210 0.5837392555432903 0.82734375 0.04893760517284953 0.0171875
3878 0.5346508861846759 0.8765625 0.030733174452321776 0.0359375
3911 0.4986679220780532 0.878125 0.03238660266556703 0.0390625
3889 0.46810824386480776 0.88125 0.02439224623907634 0.0328125
3900 0.43915652975818514 0.8828125 0.0338581744523216 0.0359375
3252 0.3918436090667872 0.9515625 0.05831260517284953 0.0171875
2400 0.4896817154932779 0.9453125 0.10541492570596293 0.025
4370 0.2965993052267212 0.94921875 0.038091033386094784 0.0203125
4326 0.23483509112009854 0.95078125 0.07559103338609488 0.0203125
2376 0.23830943210718308 0.965625 0.07862510517284944 0.0171875
2383 0.14676444127838312 0.88984375 0.0739496285298145 0.125
2768 0.12381502309426759 0.98046875 0.027426318025830954 0.0296875
3778 0.4075835839939626 0.7328125 0.030596782132453627 0.03125
3767 0.37314038783402853 0.73515625 0.02756271034569897 0.034375
4190 0.34340742372740585 0.73671875 0.027380853919208283 0.028125
4179 0.3113534416740945 0.7375 0.0271989974927175 0.021875
4266 0.3103986954350182 0.7703125 0.027471782132453625 0.03125
2769 0.29238316666777686 0.98671875 0.024119461599340218 0.0234375
2700 0.040269647334432966 0.0390625 0.03652853338609485 0.0203125
2644 0.006531144827150508 0.04453125 0.013062289654301016 0.0203125
94 0.794770313077773 0.39453125 0.07842652837152997 0.0640625
209 0.7849286486545812 0.51796875 0.023983069279472247 0.01875
107 0.5543739482715051 0.171875 0.08085284639736087 0.09375
33 0.800754854777138 0.13515625 0.07797188730530316 0.0484375
180 0.48788616409398744 0.496875 0.2857509465556454 0.1546875
277 0.45332198132839546 0.771875 0.02081260517284953 0.0171875
209 0.5874265451975914 0.86171875 0.020858069279472247 0.01875
336 0.23851533524760377 0.74375 0.02081260517284953 0.0171875
202 0.1657454249810471 0.74765625 0.01768760517284953 0.0171875
234 0.16529078391482027 0.76328125 0.017642141066226812 0.015625
257 0.16644410695521614 0.77734375 0.020812605172849486 0.0171875
271 0.16598946588898933 0.79296875 0.017687605172849487 0.0171875
271 0.23810615828799966 0.7578125 0.02076714106622681 0.015625
328 0.23916855311515012 0.775 0.014471676959604097 0.0140625
332 0.23882757231548007 0.78671875 0.019113712852981468 0.0125
45 0.3098100105578553 0.87109375 0.0844324874635877 0.109375
209 0.19466134982908018 0.559375 0.020858069279472157 0.01875
95 0.1809745860390266 0.4390625 0.07217652837152988 0.0640625
209 0.26636181974169054 0.296875 0.02081260517284953 0.0171875
34 0.14254153800494837 0.17578125 0.07631845909205777 0.0453125
122 0.21054504341522473 0.0671875 0.04429556927947216 0.01875
107 0.3234732892585896 0.18671875 0.08085284639736087 0.09375
1484 0.7303407178675464 0.03125 0.105960494985435 0.04375
1485 0.72704222162847 0.0640625 0.11060253087881229 0.0421875