1447 0.776804814410067 0.7595173204601912 0.2834862283335859 0.38601126463433105
2239 0.8700018651487517 0.4511730344540335 0.13878174063022614 0.2211124515990063
2156 0.7761064194034778 0.4767184559988106 0.052053379390299345 0.08467498184962743
2189 0.7214870970965748 0.4653178685665972 0.055205650467538094 0.08938066256778665
4469 0.9111091750608186 0.23375373029750324 0.09930108411256384 0.14901019262201592
951 0.8592017622966402 0.15905825732667045 0.048937469749378695 0.08621930113146817
1419 0.7558904099355079 0.1916894710259252 0.13993517447164336 0.150809041958086
1036 0.7598597715682182 0.31509969994868636 0.12225679508134384 0.06633404800821019
1545 0.5553318737329586 0.1545763321676561 0.10969316256778665 0.05532382513557321
2211 0.6616136899897372 0.1484894377502421 0.05051815046753827 0.08935339149054777
1547 0.5495040545493136 0.21632689842443473 0.1175511143631848 0.06318177693097135
1546 0.5373898739293503 0.2843638261175319 0.1144079336450254 0.060038596212812045
1448 0.27876482855341883 0.15696657572474843 0.3531987646343312 0.28329533079291397
1384 0.35820987139526755 0.6010205818730684 0.6773645351223949 0.6789179447633152
3324 0.7748479255517978 0.5587542511783503 0.1002908914905479 0.05058178298109546
4368 0.6976450761175319 0.5349854739527915 0.048810204722264314 0.06434430113146802
4122 0.7796450307416003 0.4056065252806514 0.04882838544042354 0.06746930113146803
4157 0.7281734343323965 0.3902815071302787 0.05982042759490121 0.07690793364502539
3057 0.8470875816766767 0.2270951850197676 0.042532933645025396 0.05962043969514967
3339 0.9225466448101974 0.14775259778394592 0.07998748184962742 0.052026108313060516
3430 0.6481955637226958 0.306374660622879 0.11285452400410509 0.06159200585373252
3153 0.6507620275201466 0.2680797750842596 0.07997839149054772 0.050463608313060425
4341 0.6612046238311544 0.2188019377502421 0.04405907220870695 0.05337953005422928
4179 0.6190262141902341 0.21748487744539177 0.03789997579950324 0.06896816861791084
2349 0.5673551507621258 0.10216440447455896 0.11438066256778648 0.05535109621281209
4369 0.4710341417851353 0.14178596155795545 0.04884656615858276 0.07059430113146811
3563 0.44688304859738537 0.2645785669441497 0.05040906615858276 0.07060339149054773
3564 0.4613000726014905 0.20355925371243316 0.048810204722264314 0.06434430113146812
1345 0.4305105556294683 0.9302762898167867 0.8476567708808471 0.13930197462115287
1345 0.9303030400131785 0.5601935104499284 0.13775765533931192 0.8507726805217674
1345 0.5644483193800366 0.06756422902095702 0.8523533612399268 0.13512845804191403
1345 0.06792784338414172 0.4378858193800366 0.13585568676828344 0.8492283612399267
47 0.7774997059988106 0.7743565252806514 0.23589308996629618 0.2623010538619425
179 0.3620843051384889 0.6064666059753694 0.4560884570599553 0.5120112041330891
143 0.86565473273339 0.5269770103517326 0.08462953005422946 0.044240879390299345
69 0.8418950458669109 0.44821166091746656 0.03644656010845857 0.08770907825883115
83 0.7567080213718265 0.18543492584638538 0.07707156010845857 0.08794542759490129
112 0.2819852773237548 0.14054214500658918 0.27108518052176755 0.1343851321207739