1447 0.184375 0.27734375 0.23515625 0.3546875
2239 0.13671875 0.5953125 0.11015625 0.20703125
2156 0.2265625 0.55703125 0.03984375 0.0796875
2189 0.28203125 0.56171875 0.04296875 0.08359375
4469 0.128125 0.815625 0.0796875 0.13828125
951 0.18984375 0.8828125 0.03671875 0.08203125
1419 0.2875 0.83671875 0.121875 0.13359375
1036 0.265625 0.71484375 0.11484375 0.05
1545 0.4921875 0.846875 0.1046875 0.03984375
2211 0.3875 0.8671875 0.03828125 0.08515625
1547 0.4890625 0.78515625 0.11171875 0.046875
1546 0.490625 0.715625 0.10859375 0.0453125
1448 0.765625 0.8078125 0.321875 0.23828125
1384 0.62265625 0.37890625 0.5953125 0.5984375
3324 0.215625 0.47578125 0.0953125 0.03828125
4368 0.29609375 0.4890625 0.04140625 0.05859375
4122 0.23359375 0.628125 0.03984375 0.06328125
4157 0.28671875 0.63671875 0.05 0.0703125
3057 0.1921875 0.8140625 0.03515625 0.0546875
3339 0.12890625 0.90234375 0.075 0.04140625
3430 0.378125 0.70859375 0.10703125 0.046875
3153 0.38046875 0.746875 0.075 0.03984375
4341 0.37734375 0.79765625 0.03828125 0.0484375
4179 0.41953125 0.79296875 0.028125 0.06640625
2349 0.4875 0.9 0.10859375 0.03984375
4369 0.57734375 0.8484375 0.03828125 0.06640625
3563 0.58359375 0.7234375 0.03984375 0.06640625
3564 0.578125 0.7859375 0.03984375 0.05859375
1345 0.49921875 0.03515625 0.8453125 0.0703125
1345 0.034375 0.49921875 0.06796875 0.8484375
1345 0.4984375 0.9625 0.85 0.071875
1345 0.9625 0.496875 0.071875 0.846875
47 0.18203125 0.26328125 0.203125 0.23359375
179 0.61796875 0.3734375 0.39296875 0.46015625
143 0.13046875 0.51953125 0.08203125 0.03203125
69 0.165625 0.59453125 0.025 0.08515625
83 0.2875 0.84296875 0.06484375 0.0796875
112 0.76484375 0.82421875 0.26015625 0.0984375