1216 0.4953125 0.053125 0.9734375 0.08984375
1212 0.084375 0.1453125 0.0265625 0.08359375
1251 0.0515625 0.30703125 0.02890625 0.0515625
1256 0.0828125 0.3125 0.03359375 0.04765625
368 0.1671875 0.17109375 0.1 0.1390625
1107 0.14296875 0.27890625 0.06640625 0.05546875
1063 0.2109375 0.28203125 0.06015625 0.06171875
499 0.27890625 0.29765625 0.05234375 0.04609375
1096 0.3328125 0.2359375 0.04140625 0.1015625
1170 0.41640625 0.1890625 0.0921875 0.13125
1419 0.1796875 0.3953125 0.12890625 0.15703125
703 0.0265625 0.3609375 0.0359375 0.04375
951 0.0796875 0.434375 0.03984375 0.09921875
1211 0.028125 0.49921875 0.03125 0.1375
1036 0.2640625 0.39453125 0.0390625 0.09921875
500 0.28125 0.5140625 0.05234375 0.0515625
807 0.1984375 0.5109375 0.06484375 0.0578125
1876 0.065625 0.50859375 0.03359375 0.0296875
1552 0.06484375 0.54375 0.0375 0.01953125
633 0.1109375 0.48984375 0.0109375 0.0359375
626 0.13828125 0.5171875 0.0140625 0.0421875
752 0.0421875 0.65234375 0.0390625 0.1015625
785 0.0828125 0.65078125 0.03984375 0.09765625
1430 0.1796875 0.6265625 0.1328125 0.16171875
1348 0.04921875 0.75390625 0.0484375 0.08203125
635 0.0953125 0.7203125 0.025 0.01796875
634 0.196875 0.7328125 0.0140625 0.03984375
1074 0.3328125 0.39765625 0.0375 0.1015625
1085 0.3328125 0.50859375 0.0390625 0.09765625
796 0.26796875 0.62421875 0.0390625 0.1015625
818 0.334375 0.62421875 0.0390625 0.09765625
682 0.3359375 0.31484375 0.0296875 0.0515625
1208 0.0859375 0.8484375 0.02734375 0.08359375
358 0.16640625 0.82265625 0.08515625 0.12734375
1551 0.23125 0.79296875 0.0125 0.05546875
1550 0.25 0.796875 0.0125 0.05546875
1549 0.2671875 0.796875 0.0140625 0.05546875
1548 0.2859375 0.796875 0.0140625 0.059375
1547 0.30390625 0.79765625 0.01484375 0.05390625
1546 0.3203125 0.796875 0.0140625 0.05546875
1545 0.3375 0.79609375 0.01484375 0.06171875
1544 0.35390625 0.79765625 0.0171875 0.0578125
1169 0.4171875 0.803125 0.0921875 0.13125
2061 0.48671875 0.7609375 0.03359375 0.02421875
1921 0.48671875 0.815625 0.03359375 0.02578125
2036 0.4875 0.87265625 0.03515625 0.02421875
546 0.5390625 0.79296875 0.05390625 0.0515625
543 0.6765625 0.7875 0.0265625 0.05
2240 0.746875 0.7921875 0.0765625 0.1734375
1766 0.64609375 0.75703125 0.0171875 0.05546875
1750 0.64609375 0.69609375 0.0171875 0.05390625
1741 0.6453125 0.63515625 0.02109375 0.059375
2024 0.48671875 0.14375 0.03359375 0.02421875
2066 0.48671875 0.20625 0.03359375 0.02578125
2041 0.4875 0.2609375 0.03515625 0.02421875
547 0.5390625 0.20390625 0.0515625 0.05390625
728 0.6140625 0.1859375 0.0484375 0.15703125
729 0.665625 0.18515625 0.0484375 0.15546875
1983 0.6578125 0.3234375 0.01484375 0.05390625
1972 0.678125 0.3234375 0.01640625 0.05390625
1910 0.6453125 0.40546875 0.0125 0.0578125
1472 0.66875 0.40234375 0.025 0.04375
1553 0.7109375 0.425 0.03515625 0.02578125
1777 0.821875 0.25234375 0.22109375 0.253125
4440 0.66875 0.48515625 0.03984375 0.06171875
1806 0.67109375 0.5359375 0.03984375 0.028125
1209 0.71015625 0.496875 0.0296875 0.09375
544 0.7703125 0.54453125 0.05390625 0.05
1446 0.771875 0.471875 0.0484375 0.04765625
1441 0.7734375 0.41640625 0.04609375 0.04375
542 0.8703125 0.4140625 0.05234375 0.05546875
1449 0.85703125 0.7 0.1265625 0.2328125
1657 0.69375 0.58359375 0.0375 0.03203125
1656 0.6953125 0.61640625 0.0390625 0.0296875
2222 0.6953125 0.6515625 0.0375 0.02421875
2211 0.69453125 0.68359375 0.03359375 0.02421875
1922 0.91640625 0.46484375 0.0328125 0.02578125
1954 0.9171875 0.49921875 0.03359375 0.02578125
1933 0.915625 0.53203125 0.0359375 0.02421875
1944 0.915625 0.5640625 0.0359375 0.028125
1210 0.9703125 0.53203125 0.0296875 0.33828125
704 0.9703125 0.7578125 0.0265625 0.05
1215 0.4984375 0.94453125 0.97109375 0.0953125
1447 0.49609375 0.49765625 0.2671875 0.4265625
3254 0.0609375 0.14375 0.01875 0.08359375
3232 0.1140625 0.21875 0.0265625 0.0359375
2249 0.1109375 0.15078125 0.0171875 0.0296875
2878 0.2265625 0.14765625 0.0390625 0.03203125
3258 0.3046875 0.1203125 0.04375 0.0375
4325 0.02734375 0.3984375 0.0421875 0.02421875
2376 0.0265625 0.41796875 0.0515625 0.02421875
3521 0.0578125 0.35234375 0.02890625 0.03203125
3527 0.0890625 0.35234375 0.03515625 0.0359375
3057 0.05234375 0.4671875 0.01484375 0.0421875
3188 0.23984375 0.225 0.025 0.03203125
3339 0.2875 0.25 0.0296875 0.0296875
3221 0.32578125 0.16640625 0.0234375 0.0296875
4303 0.31328125 0.31953125 0.0109375 0.04609375
3199 0.303125 0.3671875 0.01640625 0.0375
3153 0.29375 0.4203125 0.0125 0.03984375
3210 0.30390625 0.46015625 0.01484375 0.03984375
3340 0.24140625 0.5171875 0.01484375 0.0578125
2900 0.2984375 0.59375 0.0171875 0.0515625
2922 0.30625 0.64921875 0.01484375 0.0515625
545 0.28203125 0.71015625 0.05390625 0.05
3253 0.0265625 0.5828125 0.03515625 0.01796875
2856 0.01484375 0.64140625 0.0125 0.0515625
3269 0.0171875 0.73828125 0.0109375 0.0375
3250 0.0609375 0.83359375 0.0203125 0.0578125
3670 0.0953125 0.74765625 0.025 0.0296875
2249 0.11171875 0.79609375 0.0140625 0.02578125
2844 0.1140625 0.85234375 0.0171875 0.03203125
4352 0.13515625 0.72578125 0.025 0.0296875
2889 0.1109375 0.690625 0.0125 0.05
2509 0.0859375 0.56953125 0.03515625 0.02421875
3569 0.09609375 0.546875 0.0203125 0.01796875
3833 0.09375 0.5109375 0.0171875 0.04609375
3648 0.1125 0.53203125 0.01015625 0.0359375
3637 0.12421875 0.53125 0.0140625 0.03359375
2911 0.1546875 0.52109375 0.01484375 0.05
4341 0.12578125 0.48671875 0.01875 0.02578125
3659 0.2125 0.73515625 0.01484375 0.0359375
4213 0.32734375 0.73203125 0.03515625 0.02578125
3568 0.2328125 0.84921875 0.0171875 0.0375
3567 0.25234375 0.84921875 0.0171875 0.0421875
3566 0.26875 0.8515625 0.01484375 0.04609375
3565 0.2859375 0.85078125 0.0140625 0.03984375
3564 0.30234375 0.8484375 0.01484375 0.03984375
3563 0.3203125 0.8484375 0.0171875 0.03984375
3561 0.3375 0.85078125 0.01484375 0.0359375
3560 0.35546875 0.84921875 0.01640625 0.0421875
4354 0.4171875 0.725 0.0359375 0.02421875
4027 0.4859375 0.7328125 0.03359375 0.02421875
3877 0.4828125 0.7890625 0.02265625 0.028125
4001 0.48359375 0.8453125 0.0296875 0.02578125
4214 0.53828125 0.840625 0.0390625 0.03203125
3257 0.60234375 0.87578125 0.0453125 0.03359375
4201 0.6171875 0.76171875 0.0171875 0.05
4211 0.6765625 0.834375 0.03515625 0.028125
4168 0.6640625 0.70234375 0.01484375 0.0375
4157 0.66328125 0.609375 0.0140625 0.03984375
3766 0.6609375 0.56484375 0.0203125 0.02578125
4368 0.64140625 0.5078125 0.01484375 0.0359375
3866 0.640625 0.46328125 0.0140625 0.05390625
3753 0.66796875 0.44140625 0.0234375 0.02578125
4355 0.4203125 0.27265625 0.0390625 0.02421875
3985 0.4796875 0.11640625 0.0234375 0.021875
4032 0.4828125 0.17421875 0.03359375 0.02578125
4006 0.4828125 0.23046875 0.0328125 0.02578125
4215 0.5390625 0.1625 0.03515625 0.02578125
3430 0.553125 0.26875 0.0484375 0.028125
4270 0.5828125 0.1453125 0.01640625 0.059375
4271 0.696875 0.140625 0.0140625 0.05390625
3943 0.640625 0.32578125 0.0140625 0.05390625
3932 0.69609375 0.3234375 0.01484375 0.05390625
3570 0.69765625 0.3734375 0.02265625 0.02578125
2349 0.7078125 0.39609375 0.0359375 0.01953125
3251 0.734375 0.4828125 0.0140625 0.0578125
4363 0.80546875 0.4203125 0.0140625 0.0359375
4367 0.8078125 0.46796875 0.01484375 0.03984375
4212 0.8171875 0.528125 0.0359375 0.028125
3624 0.8578125 0.25078125 0.08359375 0.03203125
4356 0.940625 0.31953125 0.01640625 0.06171875
2644 0.97265625 0.34296875 0.02265625 0.02421875
4331 0.9421875 0.390625 0.0203125 0.0359375
4210 0.834375 0.415625 0.0140625 0.04609375
3878 0.8796875 0.46640625 0.03359375 0.028125
3911 0.87890625 0.50234375 0.0375 0.028125
3889 0.8796875 0.5328125 0.03125 0.021875
3900 0.8796875 0.56171875 0.03515625 0.03203125
3252 0.94453125 0.61171875 0.0140625 0.05546875
2400 0.9453125 0.5140625 0.0171875 0.10390625
4370 0.9359375 0.70703125 0.0171875 0.0359375
4326 0.9328125 0.76796875 0.01484375 0.0734375
2376 0.9484375 0.765625 0.0125 0.07734375
2383 0.86640625 0.85390625 0.1203125 0.06171875
2768 0.9546875 0.88046875 0.02734375 0.02421875
3778 0.72734375 0.5875 0.0296875 0.028125
3767 0.72734375 0.621875 0.0328125 0.02421875
4190 0.7265625 0.6515625 0.0265625 0.02421875
4179 0.725 0.68359375 0.0203125 0.02421875
4266 0.7578125 0.6859375 0.0296875 0.02578125
2769 0.9734375 0.7125 0.02109375 0.021875
2700 0.00703125 0.03125 0.0140625 0.0375
2644 0.0078125 0.08203125 0.01484375 0.03984375
2700 0.00859375 0.925 0.0171875 0.03359375
2644 0.01015625 0.97578125 0.0171875 0.04375
94 0.41640625 0.1875 0.06015625 0.071875
209 0.5390625 0.20234375 0.0171875 0.021875
107 0.1765625 0.41796875 0.0890625 0.071875
33 0.15703125 0.1703125 0.04375 0.0734375
180 0.496875 0.49765625 0.1359375 0.27109375
277 0.76953125 0.54296875 0.01640625 0.01796875
209 0.86875 0.41328125 0.0171875 0.01796875
336 0.7265625 0.75625 0.01484375 0.01796875
202 0.725 0.82890625 0.01484375 0.015625
234 0.740625 0.83046875 0.0140625 0.015625
257 0.7546875 0.8296875 0.01484375 0.01796875
271 0.7703125 0.83046875 0.01640625 0.015625
271 0.740625 0.75703125 0.0140625 0.01953125
328 0.7578125 0.75703125 0.0125 0.01171875
332 0.76953125 0.7578125 0.0109375 0.01796875
45 0.85859375 0.690625 0.1046875 0.0734375
209 0.5390625 0.7921875 0.0171875 0.01796875
95 0.41796875 0.8015625 0.05859375 0.065625
209 0.28203125 0.71015625 0.01640625 0.01796875
34 0.15234375 0.82890625 0.03984375 0.071875
122 0.0484375 0.75625 0.01484375 0.0421875
107 0.17578125 0.64921875 0.0890625 0.071875
1484 0.0484375 0.23671875 0.0359375 0.10390625
1485 0.08125 0.24140625 0.03515625 0.1078125