1431 0.8372693654237622 0.13547684050894399 0.11365081614940138 0.16906937418757345
1427 0.705084348000567 0.15576384131972285 0.12173613466105593 0.17701824188232512
1425 0.5653050853866952 0.18243720982525347 0.1199553798517325 0.17074096834337485
1423 0.41526044536816187 0.2061628563339613 0.11208831614940155 0.16904210064862307
1421 0.26535221460545555 0.23379475284266907 0.12006450725639413 0.1738659683433748
1451 0.12624507458692208 0.2573294845787245 0.12017363466105584 0.17699096834337488
1450 0.23808543110982758 0.8408902325501296 0.11683037985173242 0.17068642126547395
1420 0.37934534817020304 0.8118458405056487 0.11699407095872498 0.1753739212654743
1422 0.5286360200399018 0.788915080766416 0.1246428798517325 0.17082278896022593
1424 0.6792982189514427 0.760488297488233 0.11672125244707061 0.16756142126547413
1426 0.8207763908211415 0.7376939054437521 0.11365081614940138 0.16906937418757337
1428 0.9459784658289909 0.711225088480349 0.10804306834201824 0.17219437418757338
1429 0.8833829959084667 0.4262557991130861 0.120917679126093 0.15358074188232518
4468 0.8984970421027845 0.12033703572040552 0.023402783665263983 0.04413182954530477
4468 0.9039534454529798 0.5228307901846324 0.02921627404661713 0.03174092370110611
4468 0.7689013113400781 0.14761437622275891 0.021676592558271323 0.03941705600635444
4468 0.6250248257680484 0.16888717857566538 0.023402783665263983 0.04413182954530477
4468 0.47829615870767295 0.19802702800647248 0.021622028855940556 0.037854556006354435
4468 0.330622550540305 0.22249301420675477 0.024801592558271413 0.039471603084255055
4468 0.17895596777031644 0.8489578770302426 0.021676592558271413 0.0394170560063543
4468 0.3163914803841882 0.8223254188331375 0.02658234736759484 0.04574887662320535
4468 0.4688889978073833 0.8016838620160041 0.02970734736759475 0.04580342370110628
4468 0.6133011967189242 0.7733661728936225 0.026418656260602268 0.041061376623205345
4468 0.757767959332796 0.7466109837712409 0.02998016587924912 0.05361592370110611
4468 0.8875273812024949 0.7240211432688876 0.031215283665263983 0.044268197240056394
4468 0.6342386569783924 0.4775082021146157 0.030669646641955418 0.028643197240056394
4468 0.5657118570710596 0.3731713039810548 0.02921627404661713 0.03174092370110611
4468 0.5208358666897065 0.3864622366106147 0.025873019237293703 0.025436376623205435
4468 0.4905655241314351 0.34790429708119597 0.02754464664195542 0.028588650162155817
4468 0.5664137507177902 0.43804232752000516 0.029107146641955416 0.028615923701106105
4468 0.5330556136944816 0.42299007183796233 0.025982146641955417 0.028561376623205348
4468 0.48226444001068425 0.4012065750843732 0.02496528366526398 0.04415910308425506
4468 0.6030283517135822 0.5687332199715233 0.027435519237293704 0.025463650162155814
4468 0.5847347086998237 0.6269002759778777 0.02830853847458741 0.050463650162155815
4468 0.5335987946346732 0.6176304159937637 0.021567465153609612 0.036292056006354476
4468 0.4784301449974929 0.6271923766265007 0.023129965153609787 0.03631932954530477
4468 0.569107219499597 0.5599446010589555 0.020114092558271325 0.03938978246740419
4468 0.5436260698624167 0.5689883644516361 0.03228671034428636 0.030232970779006864
4468 0.5608110806621898 0.5014599452147568 0.02658234736759475 0.04574887662320535
4468 0.5344296299365505 0.48472245860743757 0.02658234736759475 0.04574887662320535
4468 0.5094643462712865 0.4413815616916926 0.033958337748947895 0.033385244317957155
4468 0.5001761702252364 0.5783457735422457 0.028998019237293705 0.025490923701106106
4468 0.519523881750649 0.527977580766416 0.026418656260602268 0.041061376623205345
4468 0.5002456028947084 0.490791226464345 0.02312996515360961 0.03631932954530477
4468 0.47858885770403187 0.49742305600964976 0.023239092558271324 0.03944432954530477
4468 0.45337309209493526 0.5588378429412806 0.023348219962933216 0.04256932954530477
4468 0.4319048306621898 0.5037100121781599 0.023348219962933216 0.04256932954530477
4468 0.4270313029873757 0.3865361489476351 0.0308333377489479 0.0333306972400564
4468 0.4511781311176768 0.40643954586337994 0.023239092558271324 0.03944432954530477
4468 0.46181801995508387 0.4648832913991531 0.023348219962933216 0.04256932954530477
1840 0.08482149953666383 0.5261846245946106 0.040262901451278824 0.03505683847375849
1829 0.09057299173211553 0.5565715539777595 0.040208337748947984 0.03349433847375849
1851 0.47683787394610067 0.5592099898570255 0.022440484390903494 0.06129205600635448
1716 0.4480407844678721 0.8090833047918338 0.03337798439090349 0.061482970779006864
1718 0.351143381665831 0.20571857143092523 0.033377984390903406 0.061482970779006774
4468 0.19014388347992947 0.2515237694817606 0.02323909255827141 0.03944432954530477
1865 0.6302456161415524 0.5870195698093674 0.027018856986241603 0.058248876623205346
1962 0.6948388510806099 0.4443996473260773 0.026909729581580066 0.05512387662320535
1888 0.7121602711362103 0.38077747808919804 0.038536710344286365 0.030342064934808198
1723 0.8013542019915839 0.24867231575217766 0.027018856986241957 0.05824887662320553
1724 0.780396861247411 0.2529467585280072 0.025238102176918176 0.05197160308425506
841 0.2386161660488851 0.6993885251638033 0.028472229581579977 0.05515115016215581
852 0.19471236550858015 0.47189081655966125 0.030198420688572546 0.059865923701106105
1150 0.45660476341648 0.7409236400191814 0.025347229581580068 0.055096603084255236
1155 0.3254514117028979 0.16395381128465547 0.02529266587924912 0.0535341030842551
1119 0.6707292284852716 0.4479473871798076 0.027018856986241603 0.058248876623205346
1139 0.783673172587489 0.4139251688364327 0.04187996515360961 0.036646612012708954
1130 0.7750868570710596 0.3695166497617093 0.04484127404661713 0.032013659090609534
4353 0.8707936827542901 0.2224450064994123 0.04316964664195524 0.028861385551659246
3406 0.7564707440095502 0.06027801745646096 0.03842758293962447 0.027217064934808154
4038 0.8185962656939146 0.24993480682372388 0.031815484390903495 0.061455697240056485
4047 0.7634548979078998 0.260278017456461 0.025238102176918176 0.05197160308425506
1156 0.798276331210344 0.29484788636902864 0.045059528855940556 0.03826365909060954
3405 0.8071528234057957 0.32518026867427696 0.04026290145127902 0.03505683847375849
4351 0.8622495511732773 0.33594444481101504 0.04656746515360979 0.036728432629559826
4350 0.9193453216765153 0.6054251018730297 0.045004965153609786 0.03670115909060954
4348 0.8256870909138089 0.6320751509795253 0.046785719962933216 0.042978432629559825
4346 0.6990799508952754 0.6553916944039779 0.04031746515360979 0.03661933847375849
4344 0.5073116023465543 0.693134976464345 0.04344246515360979 0.03667388555165907
2750 0.7723785855563313 0.8292189322291132 0.029434528855940556 0.03799092370110628
3921 0.705478739918017 0.5028433928618504 0.027291675497895972 0.06606137662320535
3369 0.6850571125133553 0.5000729488682047 0.027127984390903314 0.06137387662320535
3388 0.7902331966341063 0.4450797114501066 0.043497028855940555 0.03823638555165907
3380 0.7687178059826005 0.34383085714803546 0.04042659255827132 0.03974433847375849
3399 0.44297628383489995 0.6864406915613089 0.03499504809323426 0.06307274431795715
3993 0.43050605488629223 0.7546685401813371 0.025347229581580068 0.055096603084255055
3811 0.4616741762156861 0.5055355649381035 0.023730165879249122 0.053506829545304765
3822 0.621413763964634 0.535579800734644 0.030034729581580065 0.05517842370110611
4342 0.3627357123280208 0.7167651655867265 0.04484127404661713 0.032013659090609534
4371 0.21148323637463795 0.7506743356343847 0.032450401451278844 0.03492047077900686
2762 0.15372284399385178 0.9322613007313487 0.03623016587924912 0.05372501785690744
4372 0.15077633783376598 0.3553987918028949 0.0387549651536097 0.0365920649348082
4343 0.27493060044763773 0.3289981586868677 0.04204365626060227 0.04133411201270878
4345 0.4403819856568477 0.2987497767886565 0.03686508293962447 0.02718979139585782
4347 0.5865476575265467 0.27587356412732456 0.0402083377489479 0.03349433847375849
4349 0.7262723564380875 0.24763769562179397 0.04031746515360979 0.03661933847375849
2762 0.01549605834485326 0.19750624553577315 0.018988102176918244 0.05186250892845372
3997 0.34072174763774726 0.1535248258951521 0.027291675497895972 0.06606137662320544
3404 0.30820934800056704 0.16269132021310923 0.027127984390903314 0.06137387662320544
1157 0.7612772950980093 0.08599108360908511 0.03541171034428618 0.030287517856907486
2955 0.18275551333166193 0.4205055945628384 0.025128974772256552 0.04884660308425524
2944 0.22646834091380885 0.6425345531669807 0.031597229581579886 0.055205697240056396
2666 0.29169400371301507 0.4060964468363147 0.08014385698624168 0.05917617694751698
2611 0.29869053737827905 0.4497509894499885 0.11613592068857255 0.06136596834337489
3800 0.120513462876175 0.5185260831987527 0.03864583774894799 0.0334670649348082
3789 0.1270462050716267 0.5488993758124265 0.04042659255827141 0.03974433847375849
1345 0.4617857265863551 0.09140625 0.9235714531727102 0.1828125
1345 0.5540303126060225 0.8968269922926575 0.8919393747879549 0.20356411444175038
1212 0.046646854623988966 0.2165056615262415 0.04233632213985135 0.0944318384737585
1793 0.05475450970346486 0.33674997767886566 0.08029267912609302 0.1528716298696163
711 0.03221979999215078 0.4301687410715463 0.03650298439090338 0.06153751785690744
1211 0.05755216060658952 0.5735641850651918 0.059598233209777016 0.14157957386326175
1208 0.18097482475655807 0.9067703770302427 0.04373513103285882 0.0897716120127086
1793 0.9674107332097769 0.4371057500065906 0.06517853358044619 0.3466216298696164
1209 0.725444010336437 0.4477740633165457 0.05192957694917481 0.10084547970746058
121 0.8262227380191005 0.13254275528159634 0.054181557711881115 0.0759000267853612
121 0.694928098000567 0.15594111932290006 0.054181557711881115 0.0759000267853612
121 0.5527505216843644 0.18109289813685617 0.054181557711881115 0.07590002678536126
121 0.40278772721932726 0.20716229464556396 0.054181557711881115 0.07590002678536126
121 0.25511411905195924 0.2316282808458463 0.054181557711881115 0.07590002678536116
121 0.11215529273575664 0.2567936964292776 0.054181557711881066 0.07590002678536116
121 0.8810293222246693 0.4036268226520365 0.05563493030721922 0.07280230032431163
121 0.9603101167745244 0.7039892869382216 0.055634930307219575 0.07280230032431163
121 0.8299331360118181 0.73128026421005 0.055634930307219575 0.07280230032431163
121 0.6861930596956156 0.7564593165629565 0.0556349303072194 0.07280230032431163
121 0.5379018926352401 0.7856264395327139 0.05563493030721922 0.07280230032431163
121 0.39173622076554127 0.8085026521940459 0.0556349303072194 0.07280230032431163
121 0.24888652185400045 0.8367930677774773 0.0556349303072194 0.07280230032431163
682 0.3243676052569612 0.334389042209932 0.02965278366526398 0.044240923701106105