1431 0.8412473980237494 0.1692417784039093 0.17780574879205205 0.11191925878059869
1427 0.8100935086248138 0.30217245307194435 0.1845659318225902 0.11820562021691713
1425 0.7721156633165228 0.4421707391762978 0.17975088606495557 0.1166158491396784
1423 0.7364337705836075 0.5923070945624921 0.1776782030344176 0.1103567587805987
1421 0.6967818549718748 0.7432474258463854 0.18313097758022465 0.11975902985783762
1451 0.6619290096635839 0.8832275312325797 0.18443838606495558 0.11664312021691714
1450 0.08785996347115327 0.7842790303488169 0.17571992694230654 0.1150442587805987
1420 0.12713864785457146 0.6427046087058439 0.18418329454968654 0.11351812021691714
1422 0.16197551770866955 0.49335404849918946 0.1801335233378592 0.12130334913967822
1424 0.2032537061992195 0.3416233768562166 0.1748082945496865 0.11346357806243948
1426 0.2375166201439622 0.19930406664956213 0.17780574879205205 0.11191925878059875
1428 0.27453787226999415 0.07102453054520862 0.18093074879205204 0.11193743949875794
1429 0.5540023606010644 0.1295263351927182 0.16281847758022466 0.11964085518980254
4468 0.8611292054503135 0.10743666999265293 0.04566318636451783 0.023692030054229284
4468 0.45937538681386164 0.11211664227611469 0.033545823637421715 0.028306807181592352
4468 0.823980407566647 0.23727870609700644 0.04072059484924893 0.020539758976990452
4468 0.7903074249854525 0.3819372211241211 0.04566318636451818 0.023692030054229284
4468 0.7493481008889888 0.529761642767094 0.039285640606883374 0.02209316861791084
4468 0.7130762767925253 0.6775587933328281 0.042538186364518005 0.023673849336070064
4468 0.07324901799853364 0.8437040273237548 0.04072059484924897 0.020539758976990542
4468 0.11181679467037275 0.7060449460398616 0.047480777879787085 0.026826120413308986
4468 0.14462877891855724 0.5528017713718265 0.04760832363742162 0.028388620413308984
4468 0.184615534378569 0.40732564490839335 0.04266573212215254 0.025236349336070062
4468 0.22291224408094626 0.26342110880403985 0.05542082363742162 0.028434072208706952
4468 0.25621856484343 0.13282054859738537 0.04617336939505616 0.029942030054229286
4468 0.48196876650072157 0.3806075670423456 0.03223841515269079 0.0314227168225127
4468 0.5820805946800711 0.4456189678044714 0.033545823637421535 0.028306807181592397
4468 0.5643192677086695 0.49101328103618797 0.027040732122152633 0.025145445745273776
4468 0.6001771483136134 0.5204780672387374 0.030420823637421535 0.028288626463433175
4468 0.5163918218012539 0.4467820128858153 0.03211086939505616 0.0298602168225127
4468 0.5284933380121113 0.480289404474559 0.030293277879787084 0.026726126463433177
4468 0.5462868737678062 0.5301621394474443 0.045790732122152636 0.025254530054229285
4468 0.3887290784692136 0.41316605786896343 0.027168277879787085 0.026707945745273954
4468 0.32932225649878194 0.43303365115490927 0.05216827787978708 0.026853391490547728
4468 0.33455201937565954 0.4837603590004315 0.03772314060688355 0.02208407825883114
4468 0.3198678949796335 0.539288196334449 0.039413186364518 0.023655668617910842
4468 0.3945168218012538 0.4474910608940255 0.04059304909161439 0.018977258976990364
4468 0.38388233967910124 0.4725410578689634 0.032365960910325245 0.032985216822512695
4468 0.4525366158918985 0.45418142242853976 0.047480777879787085 0.026826120413308986
4468 0.4668383608909286 0.4798672236582039 0.047480777879787085 0.026826120413308986
4468 0.5078301516475933 0.5038359887835144 0.03549096091032524 0.033003397540672094
4468 0.3701548084653343 0.516350145202981 0.02885832363742171 0.028279536104353475
4468 0.4225941533145832 0.49574220853289336 0.04266573212215263 0.025236349336070062
4468 0.4577823542229688 0.5142785850945224 0.039413186364518 0.023655668617910842
4468 0.4498104864949026 0.5354086965308408 0.040848140606883555 0.022102258976990363
4468 0.38592345861511546 0.5623302657144856 0.04397314060688347 0.022120439695149586
4468 0.43967034088704926 0.5831013079671592 0.04397314060688355 0.022120439695149586
4468 0.5566665222505974 0.584763281036188 0.035235869395056164 0.0298783975406721
4468 0.5382672086151155 0.561443955704223 0.040848140606883375 0.02210225897699054
4468 0.48121998316092274 0.5524052989901689 0.04397314060688338 0.022120439695149586
1840 0.38863515981336516 0.9308893681738137 0.0391261439408634 0.03927157825883114
1829 0.359394069965086 0.9255933349963265 0.0375636439408634 0.03926248789975162
1851 0.3877728721008163 0.5396740157144857 0.06259559484924893 0.020667024004104917
1716 0.13509441119049098 0.5739409731672246 0.0634884151526907 0.03160452400410509
1718 0.7319218716417742 0.6571462993829523 0.0634884151526908 0.03160452400410509
4468 0.6726271357265998 0.8191332149758012 0.040848140606883555 0.022102258976990186
1865 0.37292860634900066 0.386708096998379 0.059853232122152544 0.025336343285945872
1962 0.5206005739272858 0.31869337432213374 0.05685577787978709 0.02688066256778665
1888 0.5861298501400828 0.30035191959986945 0.03431109818322895 0.0376818071815924
1723 0.7256862998405205 0.20739628425764178 0.059853232122152634 0.025336343285945872
1724 0.7192769321124542 0.22851730533488065 0.05347568636451801 0.02373748184962743
841 0.22756959830391507 0.7803358980316514 0.058545823637421626 0.028452252926866352
852 0.4523784086054171 0.8196337056060272 0.06323332363742154 0.028479524004104917
1150 0.20460968573629817 0.5641659973677213 0.05672823212215263 0.02531816256778665
1155 0.771351162398439 0.6811241548673423 0.05516573212215263 0.02530907220870695
1119 0.5147173646839505 0.34293485021983283 0.059853232122152634 0.025336343285945872
1139 0.5583394321124542 0.22945361232008127 0.04081618969849785 0.04084316861791084
1130 0.6022329533242816 0.23700703708631216 0.03482128121376711 0.0439318071815924
4353 0.7571433360552573 0.13771504333282808 0.03156873545613248 0.042351126463433086
3406 0.909742564384388 0.24849294116808762 0.03118609818322895 0.03766362646343317
4038 0.7246817802956831 0.1910036697962612 0.06336086939505617 0.030042024004105095
4047 0.7107789058996571 0.24652696195073887 0.05347568636451801 0.02373748184962743
1156 0.6784924354464341 0.21157524503003028 0.04107128121376711 0.04396816861791084
3405 0.6487251871134241 0.20315875703208283 0.0391261439408634 0.03927157825883123
4351 0.6429692657518155 0.14931159436610036 0.039636326971401556 0.04552157825883123
4350 0.37771079863257245 0.09853593130733443 0.03950878121376702 0.043959078258831184
4348 0.3434955531745003 0.1924404674116879 0.04601387272903601 0.047120439695149674
4346 0.30972684680610296 0.3191393227978822 0.0406886439408634 0.03928066861791084
4344 0.25653871861705513 0.511544991415793 0.03938123545613248 0.04239657825883114
2750 0.14202890589965705 0.24983585265571975 0.03992336939505616 0.02990566861791084
3921 0.462772098473093 0.30965926278761946 0.06779327787978709 0.026944295081344015
3369 0.46423900362384407 0.32995358206946024 0.06297823212215263 0.025354524004105095
3388 0.5275996151429924 0.22338541950167362 0.04094373545613248 0.04240566861791084
3380 0.6267865431725607 0.24233034134103826 0.0422511439408634 0.039289758976990455
3399 0.2574955696752219 0.5763523799794745 0.06517846091032524 0.033176114363184794
3993 0.18844268073532838 0.5900290605994379 0.05672823212215254 0.02531816256778665
3811 0.4405312102821054 0.5534228983262389 0.055038186364518 0.02374657220870695
3822 0.423072127560828 0.3942251603282914 0.05711086939505616 0.03000566256778665
4342 0.22045821315704334 0.6569983919815271 0.03482128121376702 0.0439318071815924
4371 0.17449252466649343 0.8087563347017388 0.038488415152690705 0.03145907825883114
2762 0.008116871726363219 0.8707483163549746 0.016233743452726438 0.034684072208707305
4372 0.5654046960281021 0.8603627238545956 0.03899859818322895 0.037709078258831144
4343 0.6021070837600475 0.7359894377502421 0.04563123545613248 0.04243293969514959
4345 0.6453782069481255 0.5694104709277293 0.029496052425594145 0.03609203610435348
4347 0.6800237581657719 0.42240366072107494 0.0375636439408634 0.03926248789975162
4349 0.7203453534740627 0.282391739078102 0.0406886439408634 0.03928066861791084
2762 0.7118496481444355 0.989136642767094 0.05258286606107632 0.01279998184962743
3997 0.7835641199747844 0.665435522353785 0.06792082363742154 0.02850679508134384
3404 0.7707294090644592 0.6983071096878026 0.06310577787978708 0.026917024004105096
1157 0.8851252016572916 0.24395088691336148 0.03249350666795969 0.034547716822512696
2955 0.5023306111807926 0.8294945189359396 0.050350686364518185 0.02371930113146803
2944 0.28442550512165604 0.7917183047457055 0.0572384151526907 0.031568162567786474
2666 0.5260387913363929 0.7208144105246832 0.06587983363936126 0.0800329336450254
2611 0.482798974366931 0.7148189405789125 0.07037588606495575 0.11597952400410509
3800 0.39938121223895945 0.8949064163784157 0.03587359818322877 0.0376908975406721
3789 0.36942264526949764 0.8888336783804682 0.0422511439408634 0.039289758976990184
1345 0.8593927805855472 0.5400537272724412 0.2664191309432994 0.9104931141667929
1345 0.09765625 0.45546875 0.1953125 0.9109375
1212 0.6961767217818572 0.9611161818965096 0.09706618969849785 0.041170421544777014
1793 0.5763744048123953 0.9555661395456401 0.15962983363936126 0.08057835518980241
711 0.47992996844787716 0.9795536062699572 0.06374350666795969 0.034729524004104916
1211 0.3394643361759435 0.9592870789462022 0.14521664727484324 0.057068132317165524
1208 0.031299215742117206 0.8424733254301607 0.06259843148423441 0.04270565046753845
1793 0.5491551060591366 0.037958021371826446 0.3516897878817268 0.07591604274365289
1209 0.5191814662011591 0.28824735021983283 0.10408146424430527 0.050581782981095544
121 0.8434795777203075 0.18016109768575006 0.07920901000193936 0.05199883723582164
121 0.8093282340790064 0.3115474530719443 0.07920901000193972 0.05199883723582168
121 0.7726577972554466 0.4546616488172182 0.07920901000193972 0.05199883723582168
121 0.7338509045225312 0.6048161849215716 0.07920901000193972 0.05199883723582168
121 0.6982965575472504 0.7533900403077659 0.07920901000193972 0.05199883723582168
121 0.6608448707236904 0.8965087812325796 0.07920901000193972 0.05199883723582168
121 0.5764672919646128 0.13173827498606375 0.07633910151720862 0.055105656517662416
121 0.2817444654522531 0.059269419108890144 0.0763391015172088 0.055105656517662416
121 0.24446812181095218 0.19067395521324365 0.0763391015172088 0.055105656517662416
121 0.20695266210857488 0.33457394613805735 0.0763391015172088 0.05510565651766246
121 0.16671081513329405 0.48317507260149045 0.07633910151720875 0.05510565651766246
121 0.13128401391564773 0.6301864279876848 0.07633910151720875 0.05510565651766246
121 0.09142480421327047 0.7741000544511178 0.07633910151720873 0.055105656517662284
682 0.6006560251255354 0.6868025040070208 0.04604582363742171 0.02837953005422946
711 0.3315210669694618 0.005377325528356698 0.06508286606107631 0.010754651056713397