1447 0.8386139874283594 0.7483692965785878 0.26212147605027025 0.38532836817585514
2239 0.8598868140515432 0.42951288076533733 0.12592834269572606 0.2212519156720761
2156 0.7736862320575882 0.4689933387425498 0.04627611067790856 0.08545165258848364
2189 0.7182083913908155 0.46498140195319915 0.051018154678545 0.09041216837349922
4469 0.8510732460216353 0.20883635971864994 0.09071700135263541 0.14737479991529537
951 0.7839397426798176 0.14246863609759639 0.04473179201145392 0.08692314732681176
1419 0.69001756735359 0.18930656776644952 0.1329045013526354 0.14983194198043534
1036 0.7218862800365893 0.3113936703690506 0.11942270934118149 0.06472889988706054
1545 0.4853755206874536 0.18129112848743728 0.10837612133990877 0.05471686305535761
2211 0.5881823473504083 0.15995372575777933 0.044768154678545 0.09004814732681177
1547 0.49390618336249864 0.2434649047957965 0.11626134667409058 0.06142188936371688
1546 0.497840252705271 0.3131781653191402 0.11311816534054522 0.05967737884037314
1448 0.21574482069540774 0.2241409682182074 0.3405181013685438 0.2790321365211194
1384 0.39326457741881427 0.6521657996329467 0.6433736654200869 0.6761016415004425
3324 0.7910288207351787 0.5504176439901041 0.09894657733927233 0.04948333148532633
4368 0.7096879140674515 0.537872870383168 0.04603975334181776 0.06513915258848364
4122 0.7611493220480432 0.39799829928001085 0.046076116008908666 0.06826415258848365
4157 0.7071794373806342 0.3893898677523321 0.05554202267663584 0.0766226841585147
3057 0.7870743806890446 0.21057389399010415 0.03815452800763595 0.05843412628012441
3339 0.8430329320098633 0.12170808604112664 0.07865225867281786 0.04986276308359248
3430 0.6103311620384982 0.3189492941595134 0.11001134667409058 0.0610578683170294
3153 0.6051982193666349 0.2803950283744978 0.07865225867281786 0.04986276308359248
4341 0.6038260760264078 0.2295682757436619 0.04122498400699968 0.053928636803468065
4179 0.562510732694135 0.23496913630935792 0.033594297342454026 0.06909861049510883
2349 0.48553860534690846 0.12821163111827322 0.11306362133990877 0.05498987884037314
4369 0.4002738146880899 0.18101884172632152 0.04298747867599957 0.0712071420651399
3563 0.4040720713717255 0.3061553496188293 0.04611247867599957 0.07138915258848363
3564 0.4049073180299077 0.24374635488050114 0.04603975334181776 0.06513915258848364
1345 0.5446389101288578 0.9524039341585148 0.8496192866804538 0.09519213168297043
1345 0.9502454480028636 0.5232999490964843 0.09950910399427286 0.8573868367469982
1345 0.4693499840069997 0.07886407850155472 0.8543249680139994 0.1528138728728296
1345 0.05856176607254212 0.537423676266007 0.11457814544872195 0.8560973525320138
47 0.8419026194302683 0.7626138071019315 0.22164083203372584 0.261178236634059
179 0.3987878714194506 0.6571718180487982 0.43065439473263334 0.510690931174743
143 0.8724782680617246 0.5051954202278763 0.08324885200509087 0.04232327886860787
69 0.8317890860518613 0.43021853605524407 0.03224997334499946 0.08775760523343692
83 0.6899448420194082 0.18305656776644952 0.07129429201145392 0.08847023677523325
112 0.21555391669318064 0.20773471821820738 0.266970418682363 0.13109589448421435