2670 0.10164650040703709 0.17726484514371962 0.03376707386326192 0.05564224623907634
1236 0.0625100880700167 0.2699237065847753 0.053635288960225846 0.12025031551854841
1237 0.11579872930371873 0.26209448620994646 0.048375044642268696 0.08730142319868044
1784 0.09093727678865651 0.43255173871722885 0.027762535713814974 0.06952288981258548
1230 0.29426642289032723 0.11330294820499806 0.14292388555165925 0.04632473370266399
1228 0.46114995982195817 0.09080112556031361 0.13979888555165926 0.0462338054894186
1793 0.38787037256601564 0.1691785266556703 0.2620829886359143 0.07321750580598776
1793 0.398252719157449 0.2460820074553404 0.2667704886359143 0.07335389812585583
1248 0.7379112828744411 0.17701873653915084 0.048375044642268605 0.08730142319868044
1220 0.7919811741081432 0.16921224821763334 0.05676028896022593 0.12034124373179385
1345 0.6091805365278892 0.29755489390271367 0.17431025324641086 0.05504651583511757
1221 0.6197401611224997 0.36430212470238377 0.1742829797074606 0.05348401583511757
1793 0.5912372857171102 0.4299127528364869 0.06973184740221221 0.05825042069139794
1793 0.7218560401813371 0.4251152557394807 0.03406708279171564 0.07282974623907634
1793 0.6344343120987297 0.6867681580884787 0.08461255357072232 0.10553459765100222
1793 0.8289541051194405 0.8722068675762479 0.10308981818121907 0.09045516693047446
1793 0.7175938652657103 0.8931976660060374 0.0839579886359143 0.06803459765100187
1793 0.5523599720001181 0.5077278642775426 0.03239548863591431 0.06653428213245363
1793 0.31789960268380857 0.7744821406040083 0.14599433847375848 0.04329066191590947
1793 0.21759781940562561 0.9232031339400908 0.05152731818121907 0.08895485141192587
1793 0.16509042817192357 0.9310550863682309 0.05678756249917618 0.12190374373179366
1793 0.16045529545963816 0.7487965158351175 0.08776482710967279 0.10718802586424747
1793 0.140571263803013 0.6340975183424 0.05723184740221225 0.05788670783841656
1793 0.26135314245481334 0.5211465404457238 0.030342064934808198 0.03836381802583091
1793 0.2811456708650276 0.6858682699917527 0.05347955600635448 0.021858279625171305
1793 0.46706517451518026 0.33406539225336107 0.0272170649348082 0.038272889812585566
1793 0.3985940438347851 0.5399911318285198 0.03036933847375849 0.03992631802583091
1793 0.4428428758157219 0.6022470909205776 0.1161431972400564 0.03305184389007856
1793 0.8394293238665572 0.45120404578949314 0.02376478246740419 0.01943196159934022
1793 0.8728655665629566 0.6851076843484375 0.02373750892845372 0.017869461599340043
2512 0.6968829082798307 0.10938495566033846 0.038045470779006864 0.03234113855894436
2324 0.6061215405850789 0.11456053747622294 0.03689207386326192 0.05573317445232169
2416 0.4985205369382216 0.9501366731321734 0.08324887662320535 0.02740959765100186
1247 0.8344655397775952 0.7355790457894932 0.08091480925276535 0.07263116943775678
1223 0.7200757573101912 0.7510101660060375 0.0839579886359143 0.06803459765100221
1793 0.6313832244357501 0.5928817657686106 0.027571620941162677 0.05858538981258565
2248 0.8441603194056256 0.9414342406957861 0.044459112012708954 0.04189799498543536