2670 0.17231810980096296 0.12380364606689528 0.02896406203449331 0.053730777879787084
1236 0.1231957131917851 0.20540459030732108 0.04125004631872757 0.11699605242559433
1237 0.17713835049533805 0.21058616894571255 0.03972177956950458 0.08418355242559432
1784 0.13321718424145307 0.3704396589437729 0.020316808105551854 0.06859050333397984
1230 0.37068068114108116 0.10497325304411582 0.14171661910658778 0.03491661818710821
1228 0.53953984305174 0.1210919448686456 0.13859161910658777 0.034661526671839124
1793 0.4582577638537389 0.18061072395638073 0.2623202175350112 0.050987641524967396
1793 0.46033399420903176 0.25860817819874615 0.26700771753501124 0.05137027879787102
1248 0.8063356989237616 0.26817333639361307 0.03972177956950453 0.08418355242559432
1220 0.8610231989237616 0.27263743791082173 0.04437504631872784 0.1172511439408634
1345 0.6640818864749833 0.3554027851759667 0.1731121683207995 0.04059253333979882
1221 0.6680288318840881 0.4234353080547839 0.1730393937136938 0.03903003333979882
1793 0.6325494042576637 0.4804666869927379 0.06631851282028159 0.05366687606301603
1793 0.7628918757216164 0.5051154848764042 0.02663958271265763 0.07066318636451818
1793 0.647046513644342 0.7415955056291896 0.0747517510334573 0.10105205909355419
1793 0.8201159483000797 0.9615182187258899 0.09575345574818712 0.0769635625482202
1793 0.7070894094249502 0.9613019698734948 0.0791823858558109 0.062499742124092
1793 0.5850793988809803 0.5474151998696154 0.026348484284234353 0.06441318636451818
1793 0.32233976612554127 0.7547821922835718 0.14469606989237613 0.03204670970237729
1793 0.20586935772953913 0.8775823503092607 0.04291955417661049 0.08600114394086304
1793 0.15270797042598622 0.8724645445496865 0.04444782092583344 0.1188136439408634
1793 0.1677763906088126 0.6946902309142045 0.07794952564056316 0.1028696506088231
1793 0.16079218237942622 0.57815643515657 0.05240156203449331 0.05564396424430509
1793 0.29392570595307477 0.4956304618284092 0.026601041356328813 0.036415732122152634
1793 0.2953898143062957 0.660745278797871 0.05221747146395268 0.018271510001939717
1793 0.5187158825460421 0.35910225683713765 0.02347604135632899 0.03616064060688355
1793 0.42852118382716836 0.5447531012273445 0.026673815963434676 0.037978232122152636
1793 0.4652806292362731 0.6154640850164872 0.1162799714639526 0.023500886064955574
1793 0.8766483147205804 0.5579850065472736 0.02260274607105863 0.017410640606883375
1793 0.8844758930900121 0.7928861650320045 0.02252997146395259 0.015848140606883554
2512 0.7724465423897862 0.19224869411973958 0.0356121683207995 0.02936850666795978
2324 0.6814576693542569 0.17703854017693654 0.03208906203449331 0.05398586939505616
2416 0.48243616583509097 0.9670903578953045 0.08190497146395259 0.020694879396995703
1247 0.8404562193925289 0.8336548151817856 0.07627570967712849 0.0669321506088231
1223 0.724758444785423 0.8226539291168301 0.07918238585581072 0.06249974212409235
1793 0.6543987872179905 0.6488020988114487 0.0229323858558109 0.05790809484924893