2670 0.11640625 0.16015625 0.0515625 0.02421875
1236 0.203125 0.10859375 0.1140625 0.034375
1237 0.20234375 0.1625 0.08046875 0.03359375
1784 0.36796875 0.1140625 0.0671875 0.01484375
1230 0.07734375 0.36015625 0.0203125 0.14140625
1228 0.0765625 0.52890625 0.0203125 0.13828125
1793 0.14453125 0.4453125 0.02421875 0.2609375
1793 0.22265625 0.4453125 0.02421875 0.26640625
1248 0.19765625 0.79140625 0.08046875 0.03515625
1220 0.196875 0.84609375 0.1140625 0.0375
1345 0.3 0.646875 0.0234375 0.171875
1221 0.36796875 0.6484375 0.02265625 0.17265625
1793 0.42890625 0.6109375 0.046875 0.0625
1793 0.440625 0.74140625 0.06796875 0.021875
1793 0.6890625 0.61796875 0.09375 0.06953125
1793 0.896875 0.78515625 0.075 0.08984375
1793 0.90390625 0.671875 0.05390625 0.07421875
1793 0.50078125 0.56171875 0.06171875 0.02265625
1793 0.73515625 0.2921875 0.0171875 0.14296875
1793 0.86953125 0.171875 0.0828125 0.03828125
1793 0.8703125 0.11875 0.115625 0.03828125
1793 0.68984375 0.1390625 0.09453125 0.07265625
1793 0.5734375 0.1359375 0.04921875 0.0484375
1793 0.47734375 0.27109375 0.03515625 0.02421875
1793 0.64296875 0.26796875 0.01171875 0.0515625
1793 0.31796875 0.50078125 0.03515625 0.02109375
1793 0.51328125 0.4046875 0.0359375 0.02578125
1793 0.58046875 0.43984375 0.01328125 0.115625
1793 0.48203125 0.85390625 0.015625 0.02109375
1793 0.7171875 0.8546875 0.01328125 0.02265625
2512 0.125 0.76015625 0.0265625 0.03359375
2324 0.11875 0.66953125 0.0515625 0.02734375
2416 0.93203125 0.446875 0.01171875 0.08125
1247 0.7625 0.809375 0.06015625 0.07265625
1223 0.76328125 0.69375 0.0546875 0.07578125
1793 0.5953125 0.628125 0.05625 0.01796875
2248 0.96796875 0.790625 0.034375 0.0390625