684 0.9691704472805611 0.9767217045432404 0.032477530878812645 0.04382524310259513
1475 0.8717187857603633 0.9692744589542546 0.041335705331134065 0.06145108209149086
728 0.796119392186854 0.9789050864984457 0.048147994985435004 0.0421898270031086
700 0.795695843361353 0.9395481739014027 0.032522994985435184 0.04538774310259512
1482 0.7648490086424746 0.8981485679539375 0.025483384798020658 0.07154080732694616
1972 0.6200880896004293 0.9631074253717408 0.0235571719450391 0.05895892017181659
1229 0.5938665704000994 0.9682160303589242 0.042716348904643375 0.06356793928215154
1447 0.5644769356020787 0.9016885685197643 0.011573997492717503 0.02244821008590847
886 0.5483889343484375 0.9117662533909019 0.012818248746358663 0.01159259724103805
685 0.5077615858395056 0.9840761861143331 0.02935253087881229 0.03184762777133372
693 0.4369178884259304 0.9869007533351312 0.029307066772189572 0.026198493329737716
694 0.39794631663917573 0.9878098171072267 0.03082410266556703 0.024380365785546587
1244 0.4716445779219468 0.901503782789544 0.12484688730530316 0.054906585255250204
1191 0.1413720562143344 0.9126604522839921 0.16294994404836297 0.1746790954320158
1190 0.11377693896729105 0.6931944793077852 0.16739340314042073 0.23030937697836434
1189 0.08754809342785999 0.4351805834462281 0.15645590314042074 0.22973616689245624
1188 0.06897262351524956 0.17210737336031984 0.13476275956691144 0.23483974672063965
1222 0.9004766200835302 0.867813694027791 0.041517561757624576 0.08642217887824373
1224 0.8912403609123303 0.791663951829707 0.04285274122451135 0.07869156603337366
1226 0.883612065847753 0.7171585967867528 0.042898205331134066 0.08025406603337348
2243 0.9888461689755383 0.8895016655336597 0.022307662048923406 0.09768722749876275
2244 0.9833486752437445 0.7791406976458354 0.03330264951251109 0.09653416327441153
2245 0.9778284494586394 0.6678347054477516 0.044343101082721145 0.09661605042954129
2246 0.9722854916202227 0.5549252696721028 0.055429016759554625 0.09661605042954129
1232 0.9558518125490476 0.43856328527593497 0.06889841567683312 0.11593926051544959
1241 0.9425896314328084 0.3044782123451565 0.06894387978345584 0.11750176051544958
1220 0.9058073822907382 0.13951827566499658 0.1348249440483631 0.1833591338757694
1225 0.8236640674971056 0.855207473426433 0.04885870031656907 0.12424972749876276
1230 0.8118423659268952 0.7438195940732193 0.04509720282385175 0.10221095318850323
698 0.8707961656103261 0.6252200802784094 0.032477530878812645 0.04382524310259513
1534 0.954851883015654 0.9135666073022023 0.01768760517284953 0.018088258706427496
1536 0.9439478237653116 0.8069071715265537 0.017778533386094607 0.02121325870642714
1538 0.9329301042484126 0.6963414857509049 0.017778533386094607 0.02121325870642714
1539 0.9211084026782024 0.5849536063976912 0.017778533386094964 0.021213258706427318
1840 0.9524482970431343 0.8845784701470727 0.01773306927947189 0.019650758706427497
1851 0.9485049431239261 0.8562896958368131 0.017778533386094964 0.021213258706427495
1876 0.9407857198461034 0.7786593407938589 0.01768760517284953 0.018088258706427142
1922 0.9375554197669611 0.7480677600611644 0.017733069279472248 0.01965075870642714
1933 0.9289867503292044 0.6680527114406454 0.01768760517284953 0.018088258706427142
1944 0.9258019143566848 0.6390236307079507 0.01768760517284953 0.018088258706427142
1954 0.9171195846523712 0.5551023320874318 0.01773306927947189 0.019650758706427317
1962 0.9147159986798516 0.5261141949323019 0.017778533386094607 0.021213258706427318
1807 0.8655821652146146 0.4728353867008446 0.017778533386094964 0.02121325870642714
1348 0.8374354670096166 0.17571804726172263 0.03030727711788863 0.07647396879233552
841 0.9146214072970558 0.38881891282012637 0.013409282132453626 0.03190509724103805
1462 0.9019168188172537 0.3811325655790883 0.01768760517284953 0.01808825870642732
818 0.9018629945232167 0.40609162200152343 0.013409282132453626 0.03190509724103805
830 0.8913430316702353 0.39305935549318005 0.013591138558944494 0.03815509724103796
864 0.8676267353520167 0.3286316853213635 0.013409282132453626 0.03190509724103805
853 0.850598359725196 0.33319967661493627 0.017733069279472248 0.019650758706427317
807 0.8397925550272003 0.49800580506363873 0.013409282132453626 0.03190509724103805
951 0.8160929790838104 0.380535022046952 0.013318353919208192 0.028780097241038048
1036 0.8059594611371217 0.3807840055386086 0.015108174452321776 0.03667448439616781
1249 0.7910090963973608 0.1350620697629598 0.041335705331134065 0.08017217887824382
695 0.7956080166930474 0.051836811961043706 0.031841033386094786 0.021950243102595034
692 0.7667472307996701 0.05188439959114329 0.03036946159934022 0.024993355947465278
469 0.8033703555685608 0.2113755862713032 0.06669941818411544 0.09398237336031982
475 0.8115896840192331 0.30619344131425735 0.06876202335696498 0.11125176051544958
461 0.8120108843358022 0.4279046670039978 0.021994671945039103 0.05887703301668683
1865 0.8325507048689156 0.43678170002068467 0.01336381802583091 0.03034259724103805
1818 0.8204658935070022 0.5040134656245169 0.01621603338609461 0.021131371551297563
1829 0.8183350921742187 0.4844003284693871 0.017778533386094964 0.021213258706427318
1888 0.8162270228947467 0.46556844131425734 0.01773306927947189 0.019650758706427317
1441 0.8435025767348125 0.464657716529028 0.02411946159934004 0.024665807326946343
1446 0.8602066919367919 0.39532786239058504 0.062057382290738164 0.09529921189493056
1582 0.739500420691398 0.10740073722124288 0.01768760517284953 0.018088258706427274
1750 0.7465005784506722 0.1335095358417619 0.013409282132453626 0.031905097241038
2189 0.7379068284506722 0.13305915648854824 0.011801318025830908 0.030260710085908294
2222 0.7432762900500125 0.1567423179539375 0.01768760517284953 0.018088258706427274
2211 0.7542281619159092 0.18461833446228088 0.01336381802583091 0.03034259724103805
796 0.7576403184215423 0.22145991519497552 0.011846782132453626 0.03182321008590829
2080 0.7483107825281651 0.22253109226419704 0.01336381802583091 0.03034259724103805
1732 0.738935782528165 0.22203976933341849 0.013409282132453626 0.03190509724103805
1430 0.730836126022532 0.18495252713533464 0.029125210345699058 0.035848968792335525
785 0.7180717015702104 0.14840087347186148 0.015017246239076344 0.03354948439616776
1107 0.7224840684215423 0.21961745420455614 0.011801318025830908 0.030260710085908294
1806 0.6937225709288248 0.19626848541222058 0.024102741224511347 0.07770892017181649
4440 0.6851084373844454 0.11469093679170157 0.04400606426490725 0.06471095318850328
1096 0.7118253647397609 0.2822436069635181 0.03693771034569906 0.036258404567984306
1352 0.6731660300208826 0.24043456524040402 0.028699313011265916 0.07482958163720585
1460 0.6400376297834557 0.14743151571537388 0.06710859514371954 0.10804487336031983
741 0.6462996531404207 0.2554077900256334 0.025392456584775226 0.06841580732694626
1419 0.7908345663099713 0.39715263398731104 0.023147994985435006 0.0448964201718165
740 0.7759226201500373 0.3940309560135784 0.013318353919208192 0.028780097241038048
852 0.7657663701500372 0.393498689505235 0.013409282132453626 0.03190509724103805
1245 0.765451784573229 0.5167314716174106 0.05495558762187223 0.1729328889641522
683 0.8092592720368167 0.6282355376507842 0.032477530878812645 0.04382524310259513
701 0.7796627002500621 0.6298046817033189 0.03082410266556703 0.04061835594746519
1994 0.7082914685924622 0.777395654679526 0.013409282132453626 0.03190509724103805
1983 0.6965727185924622 0.7767815010160528 0.01336381802583091 0.03034259724103805
682 0.541472097651002 0.1110635685197644 0.03247753087881229 0.043825243102595036
697 0.5071880258642475 0.11238705110690986 0.032522994985435004 0.04538774310259504
691 0.5135804298625979 0.1712264625722991 0.03247753087881229 0.043825243102595036
763 0.5839240221033238 0.14917107813070282 0.01336381802583091 0.03034259724103805
752 0.5713558259433897 0.1461722308896648 0.015153638558944315 0.03823698439616776
1478 0.5838845696751835 0.20143294097557307 0.03329588479802066 0.07195024310259504
1227 0.43754076708875883 0.18518274197094126 0.04446070533113407 0.08033595318850333
2240 0.4203328835443794 0.10315481399720863 0.030534597651002037 0.08428646879233552
1643 0.3300715963973609 0.11090535899968301 0.17261444906292792 0.1416563127540132
1245 0.2511248601209074 0.4538940411572872 0.06601275956691141 0.23123671189493056
1244 0.616398170624891 0.5682043611473896 0.11588106426490725 0.06847776232447203
1241 0.6097329819868044 0.4999899496820003 0.11597199247815268 0.07160276232447202
1232 0.601968294602359 0.42079709463904624 0.11588106426490725 0.06847776232447185
1220 0.5952576418576496 0.35102018317365696 0.11579013605166182 0.06535276232447185
1452 0.41011341521461464 0.4489652809805219 0.3246221960934269 0.4866080438708206
4305 0.9889828421077118 0.9605987375599272 0.017642141066226812 0.01652575870642714
4271 0.9940254139609734 0.9409003912234002 0.011949172078053039 0.02466580732694652
3442 0.971272504881551 0.9417292288534999 0.03657399749271732 0.02375840456798457
3490 0.894693284506722 0.9858411612382467 0.013591138558944494 0.028317677523506647
3319 0.9560650420285695 0.9284513008797672 0.017733069279472248 0.01965075870642714
3448 0.9743149368557201 0.9122464467413242 0.017869461599340043 0.024338258706427494
3800 0.9528802060560497 0.8994222201470727 0.017687605172849175 0.018088258706427496
3811 0.9505220841901529 0.8719965829919427 0.016034176959604095 0.014881371551297207
3582 0.969090227763662 0.8667292288534998 0.017869461599340043 0.024338258706427494
4272 0.9881600272824909 0.8310750118701866 0.02367994543501837 0.021540807326946167
3443 0.9603002494712747 0.8327260430778513 0.03666492570596276 0.02688340456798457
3320 0.9291722699252457 0.8084729935528209 0.01612510517284953 0.018006371551297563
3448 0.9609307352855098 0.8007766802329808 0.017869461599340043 0.024338258706427494
3833 0.9427801288590189 0.7935849779489887 0.016079641066226814 0.016443871551297562
3582 0.9573139903000744 0.7569038495002862 0.01943196159934004 0.024420145861557073
3878 0.9395498287798766 0.7629933972162941 0.01768760517284953 0.018088258706427142
4274 0.9757768337944416 0.7212086889394081 0.02402853338609461 0.021540807326946167
2644 0.9941644356020788 0.9242075361804462 0.011301212852981735 0.013073210085908116
2644 0.9823881981384911 0.8143821568272326 0.012954641066226813 0.01628009724103805
3444 0.9468933158477529 0.7204750265695077 0.03657399749271732 0.023758404567984216
2644 0.971302282461658 0.7014727210515838 0.011255748746358662 0.011510710085908293
3448 0.9491317657686107 0.6901700508797672 0.017869461599340043 0.024338258706427317
3322 0.9173733004083466 0.6978663641996073 0.017733069279472248 0.019650758706427317
3889 0.9309584272888085 0.6821970985957752 0.014471676959604097 0.014799484396167628
3900 0.9277735913162889 0.6531680178630804 0.015943248746358663 0.011756371551297561
3582 0.9438161284633075 0.6415278329919428 0.017869461599340043 0.024338258706427317
3491 0.9252864034696252 0.8893954449323018 0.013591138558944494 0.03815509724103805
3493 0.9158455558186229 0.8062144527342181 0.013682066772189926 0.04128009724103805
3495 0.9083536530739138 0.736396597691264 0.01363660266556721 0.03971759724103805
3634 0.8730108496295592 0.8889959752354553 0.024073997492717325 0.023103307326946522
3443 0.8629084239235961 0.8635046523046768 0.038227425705962756 0.026965291723114147
3480 0.869970766164322 0.8381328380803253 0.014653533386094963 0.021049484396167627
3634 0.8654734827782271 0.8176156201925011 0.02402853338609461 0.02154080732694652
3444 0.8570244852855098 0.7953311844168524 0.03666492570596276 0.026883404567984392
3480 0.863351041632858 0.7714809266149363 0.01621603338609461 0.021131371551297563
3634 0.8578451877136498 0.743110265149547 0.024028533386094963 0.021540807326946167
3445 0.8485012799543756 0.7168786357963335 0.03661946159934004 0.025320904567984213
3480 0.8563676042484125 0.692329015149547 0.014653533386094608 0.021049484396167807
3439 0.8732679477427798 0.6565519674335392 0.02402853338609461 0.021540807326946167
3634 0.8442530153063921 0.9941532892346935 0.022511497492717324 0.01169342153061308
4270 0.8261706050398354 0.9937847970366096 0.014471676959604097 0.012430405926780708
3442 0.8350000357603633 0.9767106592020817 0.03510242570596276 0.026801517412854282
3480 0.8413038600544004 0.9520791514001654 0.014653533386094963 0.021049484396167627
3439 0.8218180741610229 0.9526180619610436 0.02411946159934004 0.02466580732694652
3494 0.8389457381885034 0.9246535142450358 0.022511497492717324 0.023021420171816586
2644 0.8170934702418148 0.9242883440732192 0.011301212852981735 0.013073210085908471
3439 0.79697118685572 0.9029522546340975 0.02407399749271768 0.023103307326946165
3442 0.7924057073096911 0.8800912867462731 0.03505696159934004 0.02523901741285428
3440 0.7885987457103509 0.8564900124360136 0.03657399749271768 0.02375840456798457
3444 0.7863088200043881 0.8314081252808837 0.036664925705962935 0.02688340456798457
3445 0.7832376442984251 0.8062852945481891 0.0365739974927175 0.023758404567984216
4236 0.8126032323825157 0.6627333683834788 0.017869461599340043 0.02433825870642714
2830 0.76714494602692 0.9742806628779268 0.015699207838416385 0.0514386742441463
4244 0.7551079472805613 0.9655031642904645 0.017534492478152686 0.06644387155129756
2592 0.7433891972805613 0.9648890106269914 0.01918792069139812 0.06965075870642749
2593 0.7316931793338726 0.9647042670163698 0.020795884798020657 0.07059146596726044
2593 0.7192386434404953 0.9651579683958508 0.020795884798020657 0.0696840632082985
4233 0.705934661387184 0.9593411979865494 0.021386918184115443 0.08131760402690133
4232 0.6934573934404953 0.9590341211548129 0.01986988229073816 0.08193175769037424
3439 0.6786447356812211 0.9380941372666713 0.013682066772189572 0.04128009724103805
3445 0.6680936805875138 0.9508021771807631 0.019096992478152684 0.06652575870642749
3444 0.6555936805875138 0.9501470799397251 0.01762542069139794 0.06956887155129757
3442 0.6438976626408252 0.9503141762762519 0.017534492478152686 0.06644387155129756
3441 0.6331420190673158 0.9559909661903436 0.015517351411925872 0.050736984396167625
2309 0.5798314994712745 0.8127865208037566 0.08344899749271768 0.0262150192218769
2584 0.552837090458359 0.7965506891665507 0.12880696159934021 0.030152246720639653
3943 0.6834278609123302 0.7807729601974499 0.01612510517284953 0.018006371551297563
3498 0.5708071551189777 0.9998787881608402 0.02099446159934022 0.0002424236783195255
2644 0.5809513817620128 0.9048921336486266 0.005142141066226813 0.015870661465389447
4368 0.5689514869348622 0.9214245364075888 0.011346676959604096 0.014635710085908115
2989 0.5495111651481077 0.9235259469684667 0.014471676959604097 0.014799484396167628
3513 0.5308748254146642 0.9264495511069099 0.009647784639735946 0.009866322930778538
2644 0.5231532536279098 0.929165115331261 0.004960284639735945 0.009620661465389447
4306 0.486758764052751 0.9920026300305821 0.014471676959604097 0.014799484396167628
2294 0.4361222665600334 0.9675072410664303 0.05077288981258547 0.0291828889641522
3439 0.38083537298652415 0.9708502470593239 0.02393760517284953 0.01841580732694652
4275 0.9639096681176085 0.6082583095861945 0.02411946159934004 0.024665807326946166
2644 0.959503312944759 0.5908660916983701 0.011255748746359017 0.011510710085908116
3445 0.9343130963308539 0.6098274536387291 0.03666492570596276 0.026883404567984215
3448 0.937287332145089 0.5780009215265537 0.017869461599340043 0.02433825870642714
3911 0.9190912616119755 0.5692467192425614 0.017596676959604096 0.014963258706427318
3582 0.9328438730530312 0.5325246472162941 0.017869461599340043 0.02433825870642714
3323 0.9008186347315135 0.5846703233810044 0.017778533386094607 0.02121325870642714
3921 0.9151479076927671 0.540957944932302 0.016034176959604452 0.014881371551297562
3501 0.9255027344940869 0.49469709859577515 0.011392141066226814 0.016198210085908115
4375 0.9179713793212372 0.47714110639769114 0.02402853338609461 0.021540807326946167
2644 0.9229854882550106 0.4618027114406454 0.01286371285298138 0.01315509724103805
3767 0.8705962741483878 0.45749699174379865 0.017642141066226812 0.01652575870642714
4363 0.8479543960142848 0.48361243441685237 0.011301212852981735 0.013073210085908293
4319 0.8771227219576744 0.6013698224764933 0.01447167695960445 0.014799484396167805
4304 0.8171483283841653 0.6044671670039978 0.017596676959604096 0.014963258706427318
4284 0.7868219823825158 0.6613822303238379 0.008448997492717502 0.02228443577564878
2911 0.8326165525199178 0.51947136928799 0.017596676959604096 0.01496325870642714
3778 0.8049090896669362 0.5055383440732193 0.016079641066226814 0.016443871551297562
3789 0.8028010203874641 0.48670645691808956 0.017596676959604096 0.01496325870642714
3844 0.8006929511079919 0.46787456976295977 0.016034176959604095 0.014881371551297562
3822 0.8255194548689155 0.4364132078226007 0.010238818025830909 0.03017882293077854
3188 0.8003148663891135 0.42807176334052477 0.006704641066226813 0.015952548620519025
4341 0.790317740762293 0.4330082468321813 0.01130121285298138 0.013073210085908293
2844 0.7783716702291795 0.42458159316870814 0.011392141066226814 0.016198210085908292
3514 0.7550250984424249 0.4264782858417619 0.017778533386094964 0.021213258706427318
3501 0.5694429511079919 0.45575527080375655 0.008267141066226813 0.016034435775648604
3510 0.5755314782258807 0.5309599886915809 0.00987510517284953 0.017678822930778538
3513 0.5646849064391259 0.5335117786056727 0.008358069279472247 0.01915943577564878
3514 0.2377035546314888 0.31434021822650865 0.01130121285298138 0.013073210085908293
2944 0.9123374932695754 0.41756138850986685 0.010193353919208193 0.028616322930778537
2922 0.9003830625490477 0.43565629126882877 0.011755853919208192 0.028698210085908293
3510 0.9365274995377815 0.3642250265695077 0.011392141066226814 0.016198210085908292
3563 0.901462177751027 0.3655075655790883 0.011392141066226814 0.016198210085908292
2644 0.9113767353520167 0.3309245256649966 0.011346676959604451 0.014635710085908294
2911 0.8883173200708949 0.36949902476048546 0.014471676959604097 0.014799484396167805
2590 0.8751604390337981 0.26584175825214207 0.06800585391920819 0.03164614767057934
3489 0.8835890529821363 0.20699902476048546 0.01621603338609461 0.021131371551297563
4367 0.8301243868430846 0.40701231286555484 0.011346676959604096 0.014635710085908294
3057 0.825695299616924 0.38883884497773047 0.008358069279471891 0.01915943577564878
2967 0.863865237859299 0.306592911011104 0.016034176959604095 0.014881371551297562
2956 0.8485812186589692 0.3174927894598065 0.017596676959604096 0.014963258706427318
3199 0.8263819582341279 0.2515845064431197 0.014471676959604097 0.014799484396167805
3153 0.7944536598043384 0.3606795454527003 0.00973871285298138 0.012991322930778537
2955 0.7627179264973858 0.3691571087725404 0.01130121285298138 0.013073210085908293
2900 0.7619246531404207 0.26146743950523504 0.010193353919208193 0.028616322930778537
4179 0.7643282391129403 0.29045557666036476 0.008403533386094963 0.02072193577564878
4046 0.7515638146606187 0.2539039229968917 0.008448997492717502 0.02228443577564878
4122 0.7430155287672413 0.255016043643678 0.01001149749271768 0.02236632293077854
3232 0.7303874966347876 0.22315188998020483 0.00844899749271768 0.02228443577564878
4392 0.8152051143440495 0.135550070667471 0.013727530878812289 0.042842597241038005
3267 0.8534469119159095 0.18981816881302013 0.008176212852981734 0.012909435775648782
3439 0.7723189323698805 0.1629447303238379 0.01193771034569906 0.034948210085908295
4352 0.7293956464765031 0.16225533355776975 0.012909176959604095 0.01471759724103805
4190 0.7304580413036537 0.1451497207128995 0.009966033386094964 0.020803822930778537
2286 0.7024540279093114 0.41592256614491524 0.030233069279472245 0.02030585594746519
3280 0.6786862558059877 0.2961080331282284 0.011392141066226814 0.016198210085908292
2845 0.632137864739761 0.27806736205190075 0.013591138558944315 0.03815509724103805
3497 0.5977712249271754 0.24974428821661113 0.01612510517284953 0.018006371551297563
2511 0.5736434031404207 0.25160003731209996 0.02706260517284953 0.018579581637205765
3497 0.5501006030612784 0.21994392356271852 0.020903533386094963 0.021377033016686742
2742 0.5184186940483629 0.2034624304601235 0.03032399749271768 0.02343085594746528
4312 0.49420830423577744 0.17567162313317722 0.014471676959604097 0.014799484396167762
3496 0.46880513895465575 0.21412329149597142 0.02099446159934022 0.02450203301668674
2644 0.42542721199505157 0.19780889472990326 0.006795569279472247 0.019077548620519025
3515 0.4080889478092867 0.16491782960104087 0.016216033386094786 0.021131371551297518
2701 0.27476798244902273 0.16729147783744708 0.011392141066226814 0.016198210085908292
3317 0.8704488923198681 0.05029864540727179 0.0158977846397363 0.010193871551297518
3985 0.8532841243731795 0.05017913670084453 0.012818248746359017 0.011592597241038005
4392 0.8212074102665567 0.046937950020684606 0.023664820533113584 0.009040807326946277
3751 0.7964263706122556 0.07996181196104371 0.019204641066226814 0.01660764586155703
3439 0.7716082270387463 0.08490161747896767 0.02407399749271768 0.023103307326946276
3439 0.766912366851332 0.11117751243601352 0.01193771034569906 0.034948210085908295
2878 0.7375060116784825 0.09247510006611312 0.014426212852981379 0.013236984396167762
4168 0.7424519244523216 0.07479295510906726 0.008403533386094963 0.020721935775648757
4243 0.7334035333860948 0.058717575755853624 0.011255748746358662 0.01151071008590827
4157 0.7331451206122557 0.07664538217828874 0.008358069279472247 0.01915943577564876
3561 0.6500060116784825 0.08788941937884702 0.011392141066226814 0.01619821008590825
2867 0.5804209373844454 0.1092044973980082 0.014471676959604097 0.014799484396167762
2856 0.566403901491068 0.11003001300184043 0.014517141066226813 0.016361984396167806
2762 0.5389548514119258 0.07816918136463465 0.01768760517284953 0.018088258706427274
3439 0.502903691145369 0.07237952679665036 0.024028533386094963 0.021540807326946278
4303 0.532824523356965 0.1355722455889859 0.012909176959604095 0.014717597241038004
4318 0.5016881836235217 0.13784075248639086 0.014426212852981379 0.013236984396167762
2700 0.4081427721033237 0.13995877317860575 0.008267141066226813 0.01603443577564878
4204 0.40086381802583093 0.05065061171321648 0.03978992570596294 0.027047178878243816
2693 0.2607161911453691 0.05968701775153882 0.011301212852981468 0.01307321008590825
3439 0.5838885136570395 0.8449815451140161 0.018642351411925873 0.0509007587064275
342 0.6183664652272499 0.9575567882166112 0.008539925705962759 0.025409435775648602
197 0.6973994326990849 0.7783849445936177 0.004960284639736123 0.009620661465389268
171 0.33967288308216104 0.4140713025772479 0.10364915188677948 0.23788950361804453
111 0.3971133100417651 0.4311226837394838 0.06493364436493217 0.30138543758467107
132 0.41712428167023513 0.36820660391130033 0.020006274610606313 0.09777575870642732
62 0.4546817691338229 0.47938312132415495 0.03640416442319179 0.1251571302577247
152 0.5141453488381363 0.5659657524863908 0.03519335391920819 0.029926517412854636
151 0.507298303773559 0.4915013410210015 0.03372178213245362 0.0329696302577247
150 0.5012325087089816 0.41707787313317723 0.035284282132453625 0.033051517412854635
149 0.49358148159109294 0.3417912680902231 0.036846782132453626 0.033133404567984304
2739 0.7079766022033487 0.3912501147654342 0.011392141066226814 0.016198210085908292
2642 0.6667067445232167 0.39376760515449577 0.014562605172849529 0.017924484396167718
320 0.9867166823033735 0.641435979758011 0.013272889812585476 0.02721759724103805
320 0.9755853025199176 0.5269640439823623 0.011664925705962758 0.025573210085908293
319 0.9955717105103012 0.7543454155336597 0.008856578979397511 0.028780097241038048
126 0.7315946439692207 0.1842122207128995 0.014835389812585476 0.02729948439616776
293 0.7379295605039836 0.13384040648854825 0.005051212852981379 0.012745661465389269
340 0.6944810888755135 0.19552817898978544 0.013591138558944315 0.03815509724103805
302 0.8212471435070021 0.5040544092020818 0.0080852846397363 0.00978443577564878
302 0.8191618062808415 0.486003772046952 0.008085284639735946 0.00978443577564878
302 0.9154972486798517 0.5261551385098668 0.0064773205331135845 0.008140048620519025
302 0.9274326105166188 0.6414492678630805 0.0064773205331135845 0.008140048620519025
302 0.9509168892838602 0.8587562765695077 0.0064773205331135845 0.008140048620519025
2249 0.7754415838609485 0.2434544239014028 0.008267141066226813 0.01603443577564878
1482 0.751590490695786 0.8982337771353347 0.025483384798020658 0.07154080732694652
1482 0.73915868685572 0.8999224298942966 0.025483384798020658 0.07154080732694616
1482 0.7266359548024086 0.8984860826532586 0.025483384798020658 0.07154080732694616
1482 0.7150308650689653 0.9017781789897853 0.025483384798020658 0.07154080732694652
1482 0.6295025420285695 0.9113368854576491 0.016852530878812288 0.043006371551297565
1482 0.6178065240818809 0.911503981794176 0.016943459092057724 0.04613137155129756
1482 0.6053292561351922 0.9116301345531379 0.016943459092057724 0.04613137155129756
1482 0.5920934702418148 0.9124965937345351 0.02029577962517113 0.05410764586155707
1248 0.671394525335522 0.9033915886461525 0.07810827962517113 0.057137470601357876
3517 0.7509850854437942 0.8506184707128994 0.014698997492717502 0.022611984396167628
3594 0.667573191870285 0.8524875079134577 0.017778533386094964 0.02121325870642714
4245 0.7864392006457736 0.7822712624360135 0.024028533386094786 0.021540807326946344
4403 0.7490301288590189 0.7834309707128995 0.017778533386094964 0.02121325870642714
2438 0.7600980095004044 0.7348673179539376 0.024119461599340218 0.024665807326946343
3438 0.7927657569931219 0.7584210046340975 0.008448997492717502 0.02228443577564878
3499 0.835666310833188 0.7583291514001657 0.015290030878812288 0.042924484396167625
2249 0.9533552306666561 0.9960317107632768 0.008039820533113584 0.007936578473446332
2249 0.8005732791629526 0.4101439569180895 0.004960284639736301 0.009620661465389268
2644 0.7760877562016992 0.45332406885844867 0.011255748746358662 0.011510710085908293
4322 0.7696057386507219 0.6058758587725404 0.011255748746358662 0.011510710085908116
1234 0.5643533196751835 0.20040935153645117 0.020795884798020657 0.07129514586155698