684 0.9216004273763178 0.10970748996862549 0.04508700692008212 0.03561612739018098
1475 0.93414153114037 0.20713320249169676 0.07978034190105418 0.04563147748246603
728 0.9450418804557981 0.2834151002399434 0.047286176882025896 0.05134125693983034
700 0.903635630455798 0.28076166717423634 0.046649506920082476 0.03571625693983034
1482 0.8658146368815884 0.30872717843300335 0.07133117193911005 0.029505829734219446
1972 0.9467675010257641 0.45962714681617073 0.05876750494291585 0.027142293337024802
1229 0.9595367564629717 0.48615936843854063 0.07353034190105419 0.0452309592838688
1447 0.8919645958925679 0.5106599182539705 0.023883168973360826 0.012439443244739935
886 0.9035387658545119 0.5269858251015158 0.01151050296574958 0.014763406847545114
685 0.9816233441439568 0.5743299969084558 0.0367533117120864 0.032491127390180986
693 0.9885246015583306 0.6452933389811764 0.022950796883338852 0.032390997840531635
694 0.9916801057598091 0.6853874128552997 0.016639788480381768 0.03229086829088246
1244 0.9012215321661341 0.603979121677743 0.05502969269935676 0.12664164558877822
1191 0.9302657505314726 0.92419058065707 0.13946849893705462 0.15161883868585982
1190 0.7321120238003583 0.9288554433970108 0.2301862015966055 0.14228911320597853
1189 0.47594027824898255 0.9346822879383542 0.2296131986308559 0.1306354241232917
1188 0.2155439477166349 0.9395025909929864 0.23478085969555132 0.12099481801402731
1222 0.8196506082126765 0.17018631014212096 0.08603034190105419 0.04603199568106335
1224 0.7449689431936485 0.17319259175895355 0.07671900889724856 0.04699371838316742
1226 0.6710366946765233 0.1754676881506108 0.07984400889724856 0.04719397748246603
2243 0.83048333745243 0.07270004086378952 0.09846667490485998 0.04527053207825791
2244 0.7205180884410132 0.07032840761351238 0.09728617688202626 0.0545454025286086
2245 0.6098670899238878 0.07025045958841057 0.09760451186299815 0.06235790252860858
2246 0.4985621753991514 0.07324744678848412 0.09760451186299815 0.0623579025286086
1232 0.3836056788591925 0.08224411011443436 0.1152376808363588 0.07439682757475112
1241 0.25127068133065045 0.08545184839424205 0.11680018083635879 0.07449695712440045
1220 0.09095260524692703 0.10946344000553734 0.1788491946765233 0.14392688001107468
1225 0.8157390410262018 0.24629822716869904 0.1237850098858317 0.054685104872647015
1230 0.7059966265014653 0.2493953439184219 0.10178267589344295 0.050158291177556616
698 0.5801397806460784 0.18211010949612552 0.045087006920082294 0.03561612739018098
1534 0.85964159684397 0.11898355798265263 0.017887836958138337 0.018288925046142525
1536 0.7545548488211364 0.12159981338132346 0.021012836958138336 0.018489184145441186
1538 0.6440311842963999 0.12464686535622167 0.021012836958138336 0.018489184145441186
1539 0.5342887697716635 0.12774398210594454 0.021012836958138336 0.018489184145441186
1840 0.8308308473382617 0.11947491131414019 0.019450336958138338 0.018389054595791876
1851 0.8028331813306504 0.12079757942045241 0.021012836958138336 0.018489184145441186
1876 0.7265571828135252 0.1229224814876357 0.017887836958138337 0.018288925046142525
1922 0.6961839333078167 0.12331370526947391 0.019450336958138338 0.01838905459579183
1933 0.6160335182887888 0.12596953346253387 0.017887836958138337 0.018288925046142525
1944 0.5880358522811775 0.1272922015688461 0.017887836958138337 0.018288925046142525
1954 0.5047604372621495 0.12974777066260743 0.019450336958138338 0.018389054595791876
1962 0.4759496877564411 0.13023912399409499 0.021012836958138336 0.01848918414544114
1807 0.42792336463846714 0.1754724784053167 0.021012836958138336 0.018489184145441186
1348 0.13362953657757745 0.181547993521595 0.07464717292769345 0.034393588833518104
841 0.3383541872621495 0.11908397362495474 0.03332183596955511 0.014602720542635738
1462 0.3326135232317046 0.13118345542635743 0.017887836958138337 0.018288925046142525
818 0.35686410672980184 0.13351671344592192 0.0333218359695552 0.014602720542635738
830 0.34480977570316257 0.14365317704872735 0.038009335969555205 0.014903109191583708
864 0.2832329471479812 0.16230424506275448 0.03332183596955511 0.014602720542635738
853 0.28940203410611953 0.17984219848652713 0.019450336958138338 0.018389054595791876
807 0.45634945357377177 0.20378724552417982 0.03332183596955503 0.014602720542635783
951 0.34080270802239615 0.2174213440753054 0.030196835969555115 0.014402461443337077
1036 0.34281087699575685 0.2284589736249547 0.036510502965749494 0.0163654796419344
1249 0.0971946294672148 0.22440731955518664 0.07978034190105418 0.04563147748246603
695 0.016503044980534436 0.21378189774824657 0.016962006920082217 0.033813795496493174
692 0.01996096741393629 0.24127584207272063 0.021585839923887833 0.032551684145441226
469 0.17331146049385407 0.21837616748800343 0.09329901384016441 0.07143251387966068
475 0.2667431255128821 0.2165714404669626 0.11055018083635879 0.0740964389258032
461 0.38868179250907653 0.22594404533960968 0.058703837946721474 0.02557979333702489
1865 0.3956666215585494 0.2061321930878563 0.031759335969555116 0.01450259099298643
1818 0.4641447075281045 0.22298782849760176 0.02094916996194378 0.01692668414544114
1829 0.444677124524299 0.22329870912698527 0.021012836958138336 0.018489184145441227
1888 0.4260226250185905 0.2244409045311934 0.019450336958138338 0.018389054595791876
1441 0.4217834525851886 0.19689689543189476 0.02439250494291585 0.0249394432447398
1446 0.3507387821289532 0.17442231569767533 0.09467051285158128 0.06684514342930994
1582 0.07585814034162972 0.2744678763104468 0.01788783695813829 0.018288925046142525
1750 0.10057163885875497 0.269038699104836 0.03332183596955511 0.014602720542635695
2189 0.10170305733782412 0.27768251387966064 0.030133168973360734 0.012839961443337078
2222 0.12494955634924095 0.2744969571244004 0.01788783695813829 0.018288925046142525
2211 0.1518476373758802 0.26531172424326355 0.031759335969555116 0.01450259099298643
796 0.18843905338349143 0.2645397686600226 0.031695668973360736 0.01294009099298643
2080 0.1903835553606578 0.2740148982096719 0.031759335969555116 0.014502590992986342
1732 0.19076555733782413 0.2833898982096719 0.03332183596955511 0.014602720542635695
1430 0.15436514231879608 0.2888493537929129 0.037083505931499026 0.0304279796419344
785 0.11893697828835119 0.2990463741509785 0.03332183596955511 0.014602720542635695
1107 0.18990339429596242 0.3004772686600226 0.030133168973360734 0.012839961443337078
1806 0.16995565022746145 0.3272505197397567 0.07751750494291584 0.02834384793281668
4440 0.08902398520843344 0.3298562831579921 0.06428267589344297 0.04775518198597286
1096 0.25363031326932317 0.3154700154208201 0.035839340912471054 0.038140350092285044
1352 0.21612765467608575 0.3512480266795871 0.07458350593149907 0.03283108883351815
1460 0.12680782809807079 0.3774717627999265 0.10736151384016446 0.07233367982650449
741 0.23442932710948758 0.3796932017257296 0.06814250494291585 0.027743070634920743
1419 0.3606032134596036 0.24440414867109722 0.04470500494291585 0.026241127390180984
740 0.3588642999234503 0.25909770434662327 0.030196835969555202 0.014402461443337167
852 0.3592781353987139 0.2692539543466233 0.0333218359695552 0.014602720542635695
1245 0.48281113589300545 0.27950793876891966 0.1724771778706094 0.06403912091177606
683 0.5896540434976597 0.24349819246954746 0.04508700692008212 0.03561612739018098
701 0.5947699664253531 0.27343601634367076 0.04183467292769336 0.03229086829088228
1994 0.7508873152464896 0.35668621220930424 0.03332183596955503 0.014602720542635783
1983 0.7513648177179475 0.36840496220930424 0.0317593359695552 0.01450259099298643
682 0.10113134885831745 0.47400680135658935 0.045087006920082204 0.03561612739018098
697 0.10640643927649687 0.5078508752307126 0.046649506920082205 0.03571625693983016
691 0.1647773547898165 0.5061369833425622 0.045087006920082204 0.03561612739018098
763 0.13456858996106885 0.4340722162236991 0.031759335969555116 0.014502590992986342
752 0.13270234243252682 0.44564077189922513 0.038009335969555115 0.014903109191583752
1478 0.18694417345916609 0.43820780613695137 0.0716495069200822 0.037318329734219446
1227 0.1866470376033417 0.583901037938354 0.07984400889724856 0.04719397748246603
2240 0.10681495756528558 0.5943693661314141 0.08402217292769346 0.03499436613141391
1643 0.12457014334456029 0.6858955320782579 0.1413147025851887 0.17892364126984167
1245 0.4771632441428631 0.7910869864248811 0.23073534684397004 0.07868141424880086
1244 0.5514231675276671 0.43351312075489246 0.06871019072219049 0.11816781153562203
1241 0.48367725201434747 0.434626235345147 0.0718351907221905 0.11836807063492075
1232 0.405025669999125 0.4358196930878563 0.06871019072219049 0.11816781153562221
1220 0.3357490879839025 0.43761392812846156 0.06558519072219067 0.11796755243632351
1452 0.4542629605310351 0.6306606261535632 0.48798806722365595 0.3491893830933936
4305 0.9035852564257907 0.08829356492248294 0.016325336958138335 0.018188795496493215
4271 0.88204583745243 0.0760043160022171 0.02439250494291585 0.0249394432447398
3442 0.8863168433839288 0.10432957510151578 0.023339340912470873 0.03733931369509049
3490 0.9441558596955513 0.185177859339242 0.038009335969555025 0.014903109191583708
3319 0.8744216798477756 0.11837228870432119 0.019450336958138338 0.01838905459579183
3448 0.8565020093915402 0.09930211365817866 0.024137836958138335 0.018689443244739822
3800 0.8456427638401645 0.11964489203580875 0.017887836958138337 0.018288925046142525
3811 0.8183945143344559 0.12023637491694564 0.014699169961944137 0.016526165946843908
3582 0.8113805103801234 0.10108585671834835 0.024137836958138335 0.018689443244739846
4272 0.7738659229276934 0.0792015623015893 0.02126750494291585 0.024739184145441184
3443 0.7781369288591925 0.10752682140088794 0.026464340912470873 0.03753957279438911
3320 0.7575034352849832 0.13659375770579746 0.017824169961943782 0.016726425046142523
3448 0.7460420118629981 0.10391166563307686 0.024137836958138335 0.0186894432447398
3833 0.7413054323192336 0.12152996220930423 0.016261669961943958 0.016626295496493214
3582 0.7024193458553869 0.10423303824289587 0.024201503954332716 0.0202519432447398
3878 0.7109640163116223 0.12270243599114247 0.017887836958138337 0.018288925046142525
4274 0.6649365919010541 0.08312999382613681 0.02126750494291585 0.024739184145441184
2644 0.8658624219391102 0.08042170573089924 0.014508168973360824 0.011838665946843907
2644 0.7576825074143738 0.08361895203027142 0.014571835969555025 0.013401165946843884
3444 0.6676769313306504 0.11213637337578615 0.023339340912470873 0.03733931369509049
2644 0.6455963428896373 0.0865658744555203 0.011383168973360825 0.011638406847545246
3448 0.6363314308363588 0.10779003238279972 0.024137836958138335 0.0186894432447398
3322 0.6477928542583438 0.14047212445552032 0.019450336958138338 0.018389054595791876
3889 0.6300323512925944 0.1253081994093778 0.014635502965749581 0.014963665946843906
3900 0.6020346852849832 0.12663086751569 0.011637836958138336 0.017888406847545245
3582 0.588084931824942 0.10937351634367076 0.024137836958138335 0.0186894432447398
3491 0.8389444362735663 0.14648799428756215 0.038009335969555025 0.014903109191583708
3493 0.7572633547526355 0.14982494293097276 0.04119800296574958 0.016665868290882367
3495 0.6872373562355103 0.15235036319675332 0.03963550296574958 0.016565738741233016
3634 0.8442022806460784 0.1990320033868608 0.02283000494291585 0.024839313695090494
3443 0.819616116121342 0.20758618059247164 0.02652800790866543 0.03910207279438911
3480 0.79351653114037 0.19812154302325785 0.020885502965749404 0.015364184145441185
3634 0.7733950321289532 0.20150735887781668 0.02126750494291585 0.02473918414544114
3444 0.7518702006080223 0.20869929518272617 0.026464340912470873 0.03753957279438911
3480 0.7273649491251476 0.2001160371631617 0.02094916996194396 0.01692668414544114
3634 0.700244033611828 0.2038325200442986 0.02126750494291585 0.02473918414544123
3445 0.6748129520908971 0.21077413247508478 0.02490184091247105 0.03743944324473984
3480 0.6487133671099251 0.20130949490587097 0.02088550296574958 0.015364184145441228
3439 0.6112624466536897 0.18098770048911192 0.02126750494291585 0.02473918414544114
3634 0.9587250370718691 0.23676014573643656 0.02276633794672165 0.023276813695090492
4270 0.9555509575281047 0.25447857186231326 0.014635502965749225 0.014963665946843906
3442 0.9364189555509382 0.2439020172665214 0.026400673916276672 0.03597707279438911
3480 0.9111642875661605 0.2360499444721323 0.020885502965749224 0.015364184145441228
3439 0.9135226250185905 0.25568132402178156 0.02439250494291585 0.024939443244739845
3494 0.8838842045623551 0.23586017735326914 0.02276633794672165 0.023276813695090492
2644 0.8863380425090763 0.2578353069029185 0.014508168973360824 0.011838665946843819
3439 0.8668532134596036 0.27684612275747733 0.02283000494291585 0.024839313695090494
3442 0.8443561309500897 0.27930049428756215 0.024838173916276674 0.03587694324473985
3440 0.8210777984405755 0.28170480104282236 0.023339340912470873 0.03733931369509049
3444 0.7961732989348672 0.28244647824843316 0.026464340912470873 0.03753957279438911
3445 0.7712687994291587 0.283188155454044 0.023339340912470873 0.03733931369509049
4236 0.6239017095052709 0.2425760425618325 0.024137836958138335 0.018689443244739756
2830 0.9446572198853943 0.312221220690294 0.056886669961944136 0.01922966378737554
4244 0.9334478058549494 0.3239702490679241 0.06626166996194413 0.019830441085271478
2592 0.9347065583264073 0.33573906384274876 0.06951400395433253 0.023155700184570183
2593 0.9367465607978651 0.3475579433923981 0.07114017095052709 0.024818329734219446
2593 0.9380371467674203 0.36010800816722277 0.07114017095052709 0.024818329734219446
4233 0.9385783162350727 0.3733892581672228 0.09145267095052709 0.026120013879660675
4232 0.9398689022046277 0.38593932294204747 0.09295150395433253 0.02465764342931003
3439 0.9154419051703773 0.39839975014765827 0.04119800296574923 0.016665868290882367
3302 0.9890591593532653 0.409405903756001 0.021881681293469412 0.04358931369509058
3445 0.929136990645641 0.4094071013196775 0.06788783695813834 0.02149307063492074
3444 0.9296781601132931 0.42268835131967747 0.06945033695813833 0.021593200184570095
3442 0.930905079086654 0.4336759160945022 0.06626166996194378 0.019830441085271388
3441 0.9384138315581119 0.44584524906792405 0.05057300296574958 0.017266645588778218
3932 0.9941750822809589 0.4565312276301244 0.011649835438082335 0.01808866594684382
2309 0.8006710924325269 0.4884461543743098 0.02681185079830257 0.08431444324473994
2584 0.7869096813678315 0.5140574236526414 0.03178319368794007 0.12982720234403847
3943 0.7565616536875026 0.3812053508582522 0.01782416996194396 0.016726425046142523
3498 0.994492087965312 0.5122002367294229 0.011015824069376023 0.021814443244739756
2644 0.8920455089344296 0.4935224830287952 0.015816000988583313 0.005688795496493171
4368 0.9105235949039848 0.5071739728497624 0.016070668973360826 0.011938795496493172
2989 0.9152256823564147 0.5269555467238856 0.014635502965749581 0.014963665946843818
3513 0.9198959363107473 0.545955870598009 0.00975700197716627 0.009975777297895939
2644 0.9233392712917194 0.5539686296973076 0.009566000988583312 0.005288277297895938
4306 0.9904922792003846 0.5956740707825791 0.014635502965749581 0.014963665946843818
2294 0.9714358730786052 0.6443223218623133 0.02859984387822081 0.05170220234403846
3439 0.9807273014435062 0.7002416548357353 0.01814250494291585 0.024538925046142523
4275 0.5528822608744149 0.08685816625138569 0.02439250494291585 0.0249394432447398
2644 0.5358539283649009 0.08966299120524317 0.011383168973360825 0.011638406847545246
3445 0.5572169338021083 0.11674592535068436 0.026464340912471053 0.03753957279438911
3448 0.5258077663116223 0.11083708435769793 0.024137836958138335 0.018689443244739846
3911 0.5187274367678578 0.12830518660945128 0.014762836958138337 0.018088665946843906
3582 0.48065443380210837 0.11183957741786761 0.024137836958138335 0.0186894432447398
3323 0.5366789407221906 0.14815661165559385 0.021012836958138336 0.018489184145441186
3921 0.4907616042583438 0.13040910471576353 0.014699169961943781 0.016526165946843908
3501 0.4434409352849832 0.1164677182262839 0.017633168973360824 0.012038925046142523
4375 0.42653993676785784 0.12239754318014136 0.02126750494291585 0.02473918414544114
2644 0.41072393577927463 0.11670874768364814 0.013009335969555025 0.013301036397194554
3767 0.41207553015178683 0.1690024329088235 0.016325336958138335 0.018188795496493215
4363 0.4411237015966055 0.19346101480251127 0.014508168973360824 0.011838665946843907
4319 0.5556345291632037 0.17352685147656102 0.014635502965749581 0.014963665946843906
4304 0.5650851250185905 0.23335243444998297 0.014762836958138337 0.018088665946843906
4284 0.6257652984405755 0.26918860733665717 0.02219333498097207 0.009214313695090492
2911 0.47851095505664654 0.21222030921927032 0.014762836958138337 0.018088665946843906
3778 0.4678745439919513 0.23803183759690044 0.016261669961943958 0.016626295496493172
3789 0.4492200444862428 0.23917403300110857 0.014762836958138337 0.018088665946843906
3844 0.4305337114824372 0.23953497840531668 0.014699169961943781 0.016526165946843818
3822 0.39595312304142416 0.2131634430878563 0.030069501977166447 0.011277461443337078
3188 0.3907217949805345 0.237762924889259 0.015879667984777513 0.007251295496493171
4341 0.3965725469577008 0.24748837831303164 0.014508168973360736 0.011838665946843907
2844 0.3892375494291587 0.25870648056478507 0.017633168973360737 0.012038925046142523
3514 0.3941306378701718 0.28317555443890835 0.021012836958138336 0.01848918414544114
3501 0.4438945104173044 0.4718165522794401 0.01594333498097189 0.00881379549649317
3510 0.5186398424325269 0.4703727706626074 0.01756950197716627 0.010476425046142523
3513 0.5222423449039848 0.48229177976190607 0.019068334980972067 0.009014054595791876
3514 0.3386100801124182 0.7946754565060916 0.014508168973360824 0.011838665946843819
2944 0.36738777125453825 0.12406137029346716 0.02850700197716627 0.011177331893687813
2922 0.3866471072240934 0.137762924889259 0.028570668973360646 0.01273983189368777
3510 0.3117134328135252 0.09633808605574093 0.017633168973360737 0.012038925046142523
3563 0.3170203567298018 0.13096340992986422 0.017633168973360737 0.012038925046142523
2644 0.2806690212545383 0.11850418028792983 0.016070668973360826 0.011938795496493215
2911 0.32146777619745415 0.1444949838039875 0.014635502965749492 0.014963665946843906
2590 0.21885211216700923 0.15038643352713232 0.03086268083635879 0.06898983189368782
3489 0.15987636018984291 0.1372565754152828 0.020949169961943914 0.01692668414544114
4367 0.3660427885547438 0.20579223164451924 0.016070668973360736 0.011938795496493172
3057 0.3482332060452298 0.20854699182355202 0.01906833498097198 0.009014054595791876
2967 0.26148528114036995 0.164027431367664 0.014699169961943958 0.016526165946843908
2956 0.27384070110231395 0.18040340299003393 0.014762836958138337 0.018088665946843906
3199 0.2106695390490354 0.19817309145441175 0.014635502965749581 0.014963665946843906
3153 0.3237252959691176 0.2381448542543382 0.012882001977166357 0.010176036397194554
2955 0.3351867193911026 0.2708269463270588 0.014508168973360736 0.011838665946843819
2900 0.22734238589300543 0.26313675740125564 0.02850700197716636 0.011177331893687813
4179 0.25615313539871387 0.26264540406976805 0.02063083498097189 0.00911418414544123
4046 0.22150622136826897 0.27289248920265835 0.02219333498097198 0.009214313695090492
4122 0.22345072334543534 0.2823676187523077 0.022257001977166357 0.010776813695090492
3232 0.19267822581689326 0.29208377775932126 0.02219333498097198 0.009214313695090492
4392 0.09542654102620174 0.20013850478036196 0.042760502965749535 0.01676599784053163
3267 0.14624228311753634 0.16599284469361425 0.01281833498097198 0.008613536397194555
3439 0.12764613342154751 0.2450597809985237 0.03475700197716636 0.011577850092285047
4352 0.13174072581689328 0.28817872532299776 0.014571835969555113 0.013401165946843818
4190 0.11452139231879607 0.28629605027685523 0.020630834980971978 0.00911418414544123
2286 0.3892322322426839 0.3350687214654864 0.01995967292769345 0.030889054595791877
3280 0.2713735701894054 0.349333875692138 0.017633168973360737 0.012038925046142523
2845 0.25843983007523713 0.39525764497046945 0.038009335969555115 0.014903109191583752
3497 0.23402742049341657 0.42719925740125564 0.01782416996194396 0.016726425046142523
2511 0.2389205089344296 0.451668331275379 0.019832338935304606 0.027764054595791877
3497 0.2094067638773455 0.4731533050572171 0.021140170950527094 0.02161418414544123
2742 0.19661760380123333 0.5035021391103733 0.02308467292769345 0.031089313695090583
4312 0.1718231922422464 0.5260687515411595 0.014635502965749492 0.014963665946843818
3496 0.21193619767945387 0.5543532402823925 0.024265170950527094 0.021814443244739756
2644 0.20118704007479962 0.596520953885198 0.019004667984777603 0.007451554595791876
3515 0.1698561270329379 0.6116557981173869 0.020949169961943914 0.01692668414544123
2701 0.18701840520755839 0.7460005197397568 0.017633168973360737 0.012038925046142523
3317 0.007165195665106451 0.1376001295496493 0.0037616699619439143 0.015825259099298616
3985 0.008646782623244757 0.15483769432447397 0.005196835969555133 0.01280038864894797
3751 0.041471211482437244 0.2146027205426358 0.016389003954332692 0.01975129549649317
3439 0.0495211334215475 0.2400533035160577 0.02283000494291587 0.024839313695090494
3439 0.07627463441013069 0.24644300586009615 0.03482066897336074 0.013140350092285046
2878 0.06107805733782412 0.2750791455887783 0.013073002965749536 0.014863536397194555
4168 0.04210522285114375 0.26840884099298645 0.020630834980971957 0.00911418414544123
4243 0.0276434748283101 0.27683261027131784 0.011446835969555137 0.013200906847545291
4157 0.04564405832640729 0.27876535009228504 0.019068334980971956 0.009014054595791876
3561 0.06620590912471006 0.36267927513842757 0.017633168973360737 0.012038925046142523
2867 0.09560159045536046 0.433912727482466 0.014635502965749513 0.014963665946843818
2856 0.09695584342111 0.4480252922572907 0.016198002965749535 0.01506379549649317
2762 0.06838251585451184 0.47346658081395365 0.017887836958138316 0.018288925046142525
3439 0.06672185676698285 0.5092038217146551 0.02126750494291587 0.02473918414544123
4303 0.1264496838392894 0.4834213741509785 0.014571835969555113 0.013401165946843818
4318 0.13244235726127443 0.5157530127999264 0.013073002965749491 0.014863536397194465
2700 0.1448561270329379 0.6100537253229976 0.01594333498097198 0.00881379549649317
4204 0.05601646151961829 0.6098150909929865 0.026591674904859787 0.040664572794389106
2693 0.08049649117711352 0.7516416455887782 0.014508168973360736 0.011838665946843819
3439 0.8317300914439436 0.48576124536729637 0.05070033695813834 0.020391645588778217
342 0.9413305845238614 0.4600579433923981 0.02538200197716627 0.01097707279438911
197 0.7528954842198503 0.36772384175895356 0.009566000988583134 0.005288277297895938
171 0.4274723088578799 0.6998519147102262 0.23695085475263547 0.11648180289774893
111 0.4383978799986874 0.6428905158822454 0.30098417984777565 0.0816247439830203
132 0.3726946255500631 0.6176413895717986 0.09763900395433271 0.02495803207825791
62 0.48060528463759217 0.5887129580472511 0.12483817391627668 0.04228523442229637
152 0.5602490222803025 0.5353760094038404 0.029589340912470875 0.03773983189368764
151 0.48628494026508007 0.5368698557954976 0.03265067391627667 0.03637759099298634
150 0.4122890247517604 0.5375824521871551 0.03271434091247105 0.03794009099298634
149 0.33754369273653795 0.5390262338039875 0.03277800790866543 0.03950259099298634
2739 0.36400939775600355 0.32799789867109724 0.017633168973360737 0.012038925046142523
2642 0.37035223965705766 0.3689232873200452 0.017760502965749582 0.015163925046142524
320 0.5839903394295962 0.06625457201919678 0.02713550296574958 0.015764702344038463
320 0.4703416749048598 0.06910136489479635 0.027071835969555025 0.014202202344038461
319 0.6953270874524298 0.06403883481912323 0.030196835969555025 0.0144024614433371
319 0.8073814184790692 0.06031066239387436 0.027071835969555025 0.014202202344038461
126 0.1535520588206989 0.28801803901808826 0.027199169961943916 0.01732720234403846
293 0.10248430733782413 0.27773257865448525 0.012691000988583178 0.005488536397194643
340 0.16914256672936429 0.32641920496493215 0.038009335969555115 0.014903109191583752
302 0.4648941240300074 0.2222566432724264 0.009693334980972069 0.008413277297895937
302 0.4462077910262018 0.22261758867663456 0.009693334980972069 0.008413277297895937
302 0.4759178542583438 0.12945787399409497 0.008130834980972067 0.008313147748246586
302 0.5895346852849832 0.1258298311184954 0.008130834980972067 0.008313147748246586
302 0.8050814308363587 0.1186040237449264 0.008130834980971714 0.008313147748246586
2249 0.20801938292725594 0.24787270280546378 0.01594333498097189 0.00881379549649317
1482 0.867137056349241 0.322058493207828 0.07133117193911005 0.029505829734219446
1482 0.8699583088206989 0.3339274375323019 0.0713311719391104 0.029505829734219446
1482 0.8704994782883512 0.34720868753230194 0.0713311719391104 0.029505829734219446
1482 0.8741019807598093 0.3591276966316006 0.07133117193911005 0.029505829734219446
1482 0.8940099155505006 0.4461165569029185 0.04288783695813834 0.01989099784053163
1482 0.8944874180219585 0.4578353069029185 0.046012836958138334 0.020091256939830337
1482 0.8965592539915137 0.47043543645256775 0.046012836958138334 0.02009125693983016
1482 0.899412339961069 0.4830856307770418 0.053889003954332534 0.022154404688076924
1248 0.8805721566532523 0.40317808528054855 0.05780718281352506 0.08006703423772628
3517 0.8194808063492409 0.3190045419435237 0.02244800296574958 0.015464313695090492
3594 0.830699490645641 0.40309893969177024 0.021012836958138336 0.018489184145441227
4245 0.7468908819386727 0.2777298974344796 0.02126750494291585 0.02473918414544123
4403 0.7523251398473382 0.31548022130860287 0.021012836958138336 0.018489184145441227
2438 0.7026607208739775 0.30138864049464925 0.02439250494291585 0.024939443244739845
3438 0.7224492974519924 0.2707091394149151 0.02219333498097207 0.009214313695090492
3499 0.7175734550566466 0.22754013031561646 0.042824169961943784 0.018328497840531633
2249 0.9425495973382617 0.12663417411406666 0.008130834980971714 0.00831314774824663
2249 0.37272121148243725 0.23583018506829184 0.009566000988583134 0.005288277297895938
2644 0.4182711334215474 0.26368387723329745 0.011383168973360825 0.011638406847545291
4322 0.5717463019006166 0.282090323098931 0.011383168973360825 0.011638406847545291
1234 0.18852126091159596 0.457789120911776 0.07114017095052709 0.024818329734219446