1208 0.04765625 0.3858358070789089 0.0953125 0.4783283858421822
774 0.153125 0.16965275717157613 0.053125 0.11279266587924908
1446 0.22578125 0.23195929501319132 0.0609375 0.1193154843909034
853 0.2015625 0.1515550323993196 0.0359375 0.0293799651536097
785 0.26484375 0.12747020245491994 0.0765625 0.07298612141421193
908 0.2703125 0.22337297949676196 0.0203125 0.05227182813030114
1876 0.30078125 0.21840273730131027 0.03125 0.07452877404661713
1667 0.35546875 0.12977425771973028 0.0453125 0.03751984736759484
1778 0.3734375 0.21117802514292547 0.109375 0.14600695916315995
841 0.4421875 0.23533972224036778 0.021875 0.055451391832631994
1214 0.4796875 0.10230900054815417 0.15 0.20461800109630834
1213 0.6546875 0.08675343321762624 0.15 0.17350686643525248
1559 0.79375 0.13165663921592524 0.0578125 0.04576885698624169
1211 0.875 0.24131932669472073 0.2203125 0.22175598202865068
1209 0.8984375 0.503000871159758 0.203125 0.21959328130301117
704 0.7234375 0.23958075582081376 0.0328125 0.048020837748947984
1921 0.7171875 0.1921427606301372 0.05625 0.04883929328391083
951 0.671875 0.285912607997732 0.040625 0.03110615626060227
2024 0.63359375 0.316936918704838 0.034375 0.07932540145127884
2156 0.584375 0.31084317532825995 0.0546875 0.04565972958157989
2200 0.528125 0.32061996861217074 0.0546875 0.04878472958157998
1761 0.4703125 0.3304513255984124 0.0609375 0.055252984390903315
1578 0.41328125 0.3386929007334886 0.0453125 0.034394847367594836
691 0.3 0.2903050191524757 0.0328125 0.048020837748947984
1 0.334375 0.36097961770119685 0.053125 0.10029266587924904
0 0.37109375 0.35344737069642174 0.03125 0.09015377404661713
1348 0.09453125 0.23419889600898322 0.0703125 0.09151786660488855
864 0.221875 0.31568945426901845 0.0375 0.03412202885594055
796 0.259375 0.3557861754130779 0.078125 0.07460318511654282
807 0.3203125 0.4427206910221745 0.040625 0.034231156260602094
500 0.16015625 0.28971972051108724 0.05 0.08924603847458741
763 0.15703125 0.38514134791574894 0.075 0.07136905771188111
499 0.18359375 0.4771825149761245 0.0484375 0.08919147477225664
1829 0.0921875 0.4069369915624795 0.034375 0.07932540145127884
818 0.21015625 0.5551611820364999 0.0375 0.030997028855940557
542 0.15 0.6142931345762379 0.0375 0.04662202885594056
1460 0.21796875 0.6416071135248457 0.0625 0.05843254809323426
2240 0.2 0.8078595961016504 0.121875 0.19019346878180698
897 0.2734375 0.6771701020921002 0.025 0.0555605192372937
830 0.31484375 0.6718179139803325 0.0234375 0.05863095553496276
1096 0.3625 0.6631224710592415 0.0265625 0.058740082939624474
1430 0.290625 0.5554761513664609 0.103125 0.14110120435383636
1085 0.3609375 0.5092707847615723 0.040625 0.03735615626060227
1807 0.4328125 0.4911358544543529 0.0546875 0.04565972958157989
1628 0.43984375 0.5510465677938641 0.0453125 0.03751984736759475
1756 0.496875 0.5404612426587878 0.0609375 0.04900298439090349
2189 0.553125 0.5314656993748771 0.05625 0.045714293283910835
2080 0.609375 0.5224701560909663 0.0578125 0.0457688569862416
1806 0.6546875 0.4982315587233714 0.034375 0.08245040145127884
740 0.696875 0.5045708387604384 0.04375 0.04059028366526398
1577 0.4359375 0.4410267270496912 0.025 0.0555605192372937
852 0.48984375 0.41101927931927673 0.025 0.058685519237293704
1074 0.4984375 0.48103167895645704 0.0234375 0.058630955534962934
1419 0.53984375 0.4327107408446893 0.0546875 0.07534722958157988
1063 0.59375 0.4003595431142748 0.040625 0.03735615626060227
1036 0.59765625 0.4353793838584476 0.0390625 0.034176592558271324
1485 0.7125 0.3618377017371297 0.1078125 0.05688989546082901
1484 0.72265625 0.4591392876719792 0.1109375 0.056999022865490724
543 0.64375 0.6095510046396874 0.040625 0.04985615626060227
544 0.74765625 0.5942037684346856 0.0390625 0.045114092558271326
2243 0.76796875 0.7224006903043844 0.1171875 0.18690477767481434
2242 0.66015625 0.7371030857652133 0.1203125 0.19013890507947587
703 0.77734375 0.8908233080903992 0.04375 0.06246528366526398
1210 0.5328125 0.860300027505178 0.1484375 0.20674605172143146
1212 0.35703125 0.8867509440173995 0.1515625 0.206855179126093
886 0.42109375 0.7376388322218344 0.0234375 0.05550595553496294
875 0.45390625 0.7341492444728864 0.0234375 0.058630955534962934
1818 0.42109375 0.39623258222183433 0.0546875 0.04878472958157998
3250 0.00703125 0.09584821333951114 0.0140625 0.04267857332097771
2700 0.0171875 0.12908729927436058 0.01875 0.030342264427970278
2693 0.04375 0.643003466334736 0.0296875 0.038536710344286365
2701 0.0796875 0.6362797511811265 0.0328125 0.035520837748947896
3269 0.10390625 0.2877777637949981 0.028125 0.03535714664195542
2878 0.14609375 0.08317954383206497 0.04375 0.04371528366526396
4303 0.1921875 0.06906991461330474 0.040625 0.04360615626060227
2889 0.253125 0.07553568022240136 0.04375 0.03746528366526396
682 0.1953125 0.11114828720864303 0.0453125 0.05939484736759484
3800 0.3484375 0.09251979438021915 0.04375 0.04059028366526396
4363 0.39296875 0.11596472886378976 0.0328125 0.032395837748947984
2944 0.46171875 0.23856392596123213 0.0296875 0.06509921034428619
3011 0.2625 0.17364579800841623 0.0421875 0.037410719962933124
3833 0.303125 0.16910214174781396 0.040625 0.03110615626060227
3256 0.39375 0.046406197012624335 0.03125 0.07609127404661711
4367 0.19296875 0.2495113827621393 0.0296875 0.047911710344286276
2956 0.18828125 0.19655007386913187 0.0296875 0.06353671034428628
2731 0.26796875 0.26642357505025827 0.04375 0.031215283665263983
3340 0.11484375 0.3202083178786821 0.046875 0.042261911069925696
3789 0.090625 0.35386655526481037 0.04375 0.037465283665263985
2867 0.13515625 0.44684273974838096 0.0453125 0.03751984736759475
3339 0.22421875 0.4359201087155222 0.0390625 0.034176592558271324
2922 0.15390625 0.5430629753204107 0.04375 0.037465283665263985
4352 0.240625 0.4830034398410482 0.03125 0.03546627404661713
4210 0.15390625 0.6657192253204107 0.0421875 0.04053571996293322
3561 0.21875 0.6814235816736802 0.03125 0.03859127404661713
4266 0.2265625 0.9077132631620259 0.0421875 0.04053571996293322
3000 0.28046875 0.7355183154316114 0.0453125 0.03751984736759475
3254 0.3171875 0.7834548184268362 0.0453125 0.03751984736759475
2433 0.365625 0.7770758436545797 0.0359375 0.03562996515360979
2989 0.4015625 0.74691462850097 0.0265625 0.06186508293962447
2978 0.4734375 0.7365921981937508 0.0234375 0.058630955534962934
2933 0.3375 0.6639954902965352 0.028125 0.06504464664195542
3221 0.38359375 0.6459796110777749 0.0203125 0.042896828130301046
2328 0.43359375 0.6903273226031874 0.1109375 0.0476240228654909
2712 0.2421875 0.5751363761387174 0.0234375 0.06956845553496294
3210 0.3640625 0.5450991573569106 0.0375 0.03880952885594056
3252 0.5015625 0.7535788015517954 0.046875 0.034449411069925516
2440 0.56015625 0.7476264127143881 0.040625 0.03735615626060227
3232 0.44609375 0.5797345629845407 0.03125 0.03546627404661713
4179 0.50078125 0.5754810834029607 0.0328125 0.0386458377489479
4157 0.55546875 0.5681026038213808 0.03125 0.03546627404661713
4211 0.61171875 0.61145081053747 0.0265625 0.06499008293962447
4212 0.715625 0.5961035743324681 0.0328125 0.0652083377489479
4046 0.61328125 0.556708746835139 0.034375 0.032450401451278664
3766 0.6625 0.5518649902117171 0.028125 0.032232146641955416
2844 0.7015625 0.5380008976534457 0.028125 0.03535714664195542
4270 0.6765625 0.8419989168907396 0.046875 0.040699411069925875
4271 0.77734375 0.8267608080903994 0.046875 0.03757441106992587
4325 0.7296875 0.8815500010114903 0.05 0.03924603847458741
2249 0.7265625 0.9105653784161521 0.059375 0.03644842068857272
2656 0.86796875 0.7157836133552096 0.0375 0.09193452885594056
2249 0.8 0.5681571344066019 0.025 0.058685519237293704
3251 0.7921875 0.502023702918256 0.0296875 0.06353671034428636
4436 0.78515625 0.45305048957874494 0.028125 0.03535714664195542
2310 0.825 0.38212786516930813 0.059375 0.033323420688572546
4436 0.77578125 0.35962787179273004 0.021875 0.030451391832631992
3253 0.7703125 0.2957563447508881 0.0296875 0.06666171034428618
2249 0.759375 0.21801329066720404 0.025 0.0555605192372937
3576 0.7484375 0.12386398658352005 0.03125 0.08390377404661713
2509 0.78359375 0.09607380328107581 0.05 0.03299603847458739
3255 0.5703125 0.02777402005952495 0.0265625 0.0555480401190499
2433 0.671875 0.178881357997732 0.034375 0.032450401451278844
1851 0.60234375 0.1977156927514551 0.0421875 0.03428571996293313
1865 0.5609375 0.20306788086322275 0.040625 0.03423115626060227
3811 0.6390625 0.18783969574667997 0.0390625 0.03105159255827141
3877 0.67421875 0.2053620124442357 0.03125 0.02921627404661713
4326 0.678125 0.23256935318840855 0.05625 0.03321429328391083
2362 0.58671875 0.2396675797747636 0.096875 0.042445449544513104
3985 0.62578125 0.2640847372164922 0.0296875 0.029161710344286274
3057 0.6640625 0.25806042650938626 0.0328125 0.029270837748947898
2377 0.7265625 0.27540912841615206 0.0625 0.03499504809323426
4122 0.571875 0.2722171849469068 0.0328125 0.035520837748947896
4168 0.51953125 0.28810756897499046 0.03125 0.03546627404661713
4190 0.47109375 0.28979904374724696 0.0328125 0.035520837748947896
4341 0.53515625 0.37818693195168185 0.03125 0.03546627404661713
2856 0.4078125 0.30919637369164665 0.040625 0.03423115626060227
3778 0.415625 0.3643923051799923 0.0390625 0.034176592558271414
2845 0.45625 0.4395361489193901 0.0296875 0.061974210344286365
2440 0.48359375 0.21123753412860014 0.0375 0.03412202885594055
3822 0.521875 0.21380697342149416 0.040625 0.03735615626060227
2955 0.465625 0.392333766705405 0.0234375 0.036755955534962845
3199 0.4765625 0.493514320789089 0.0265625 0.04155258293962447
3188 0.60390625 0.3703173790491242 0.028125 0.03535714664195542
3527 0.6421875 0.37523056834201823 0.040625 0.03110615626060227
3521 0.64765625 0.4312895953838602 0.0359375 0.03250496515360979
3153 0.61171875 0.46223206053747 0.0328125 0.035520837748947896
2298 0.55234375 0.49711798122604245 0.075 0.038556557711881115
3767 0.39375 0.5065624470126243 0.0296875 0.06353671034428636
3247 0.3828125 0.4350693929289403 0.028125 0.05879464664195542
3248 0.35625 0.4344344758685649 0.0296875 0.06822421034428636
2911 0.315625 0.4186656321291672 0.0375 0.03412202885594055
2900 0.27890625 0.40354162913394226 0.040625 0.03735615626060227
4312 0.34375 0.29737098548721175 0.04375 0.037465283665263985
2967 0.26171875 0.30414182985958166 0.0421875 0.04053571996293304
3452 0.07109375 0.8881423515439462 0.053125 0.21123016587924895
2596 0.08828125 0.8836359008183067 0.0375 0.16068452885594056
2412 0.11015625 0.8875595089856747 0.0453125 0.19376984736759476
2644 0.68828125 0.6587771891232579 0.0140625 0.03330357332097762
2644 0.7953125 0.6441020755135944 0.01875 0.03346726442797028
331 0.09375 0.23266367786014866 0.0328125 0.027708337748947987
127 0.22578125 0.23039679501319132 0.0421875 0.05616071996293313
226 0.2984375 0.21926583285480655 0.015625 0.027108137023308564
253 0.42109375 0.3954513322218344 0.0171875 0.01778770072563942
209 0.715625 0.19297857433246804 0.0171875 0.01935020072563942
7 0.53984375 0.4327107408446894 0.0359375 0.04812996515360979
253 0.43203125 0.4919443863055184 0.015625 0.016170637023308565
9 0.2859375 0.5572023424734533 0.0703125 0.11495536660488845
198 0.21640625 0.6408804272271764 0.0171875 0.02091270072563951
12 0.1953125 0.7720857872086431 0.0703125 0.029017866604888455
142 0.2046875 0.8444146549946578 0.0640625 0.03192461179556503
142 0.66640625 0.77438483095589 0.0671875 0.03203373920022692
142 0.77265625 0.7589557491973917 0.065625 0.027291675497895972
12 0.65546875 0.701329276872206 0.0671875 0.028908739200226918
12 0.7609375 0.6851462269648732 0.06875 0.03521330290255768
1251 0.7203125 0.42172113322547544 0.115625 0.052475213972483205
1256 0.70390625 0.32776280209994946 0.10625 0.05058533175849824
273 0.5515625 0.5307390130772079 0.01875 0.020967264427970277
273 0.52734375 0.32064725046333614 0.0171875 0.01935020072563942