1208 0.740483200420656 0.9277808110778416 0.47579995159900645 0.1444383778443168
774 0.912139510921898 0.7595959261301475 0.11127384328594588 0.05974892126547413
1446 0.8298082790722706 0.7066015653352548 0.11912270472226431 0.06613528896022594
853 0.9141878242518103 0.708855586438573 0.02989657825883114 0.036455697240056394
785 0.917703188811387 0.6417362702859488 0.0739011083130606 0.08096935633066593
908 0.8232946586589616 0.6611799711794533 0.05168976502711473 0.022775026785361162
1876 0.8192156918364489 0.6314242873320774 0.0751908975406721 0.0341216298696164
1667 0.8867390142415477 0.5560481862764173 0.03777271077238851 0.04752956493480802
1778 0.8031770804983264 0.560057801942574 0.14440450585373235 0.11500916558343129
841 0.7583049420328407 0.5006867560824894 0.054823855386194255 0.02439207386326192
1214 0.8774089451560986 0.4293356818121904 0.2087215359079618 0.1598773806803953
1213 0.8490425297596417 0.25307714488055943 0.2055965359079618 0.15982283360249455
1559 0.7475976835468296 0.13725550161826253 0.04564884328594587 0.058603432629559825
1211 0.6161749667243168 0.10527702434643396 0.21984993344863374 0.1928807954530476
1209 0.35537382211051116 0.12415984334172717 0.21693401170746496 0.22876374837514693
704 0.6661254906302261 0.23191739082336965 0.04707498789975162 0.03519320616851011
1921 0.7129595840143679 0.22570434699187986 0.048773843285945875 0.05865797970746058
951 0.637578309813871 0.2931315803527884 0.031486349336070064 0.04117047077900686
2024 0.61987318022718 0.3381304346548594 0.07833407825883114 0.03730117694751698
2156 0.6412305506404887 0.38381112743068907 0.04563066256778647 0.05547843262955983
2200 0.6493657583878152 0.43941624512544075 0.04876475292686635 0.05709547970746058
1761 0.658300396853301 0.4981599995896676 0.05505111436318479 0.06345457386326192
1578 0.6680026497801672 0.5545736408233697 0.034638620413308986 0.04591251785690744
691 0.749802616504484 0.6505231148487873 0.04707498789975162 0.03519320616851011
1 0.6723815984523073 0.6358918246707456 0.09876475292686634 0.05796823295387128
0 0.6674804750139363 0.5990912540538945 0.0892533975406721 0.034367091720169364
1348 0.8688167577986402 0.832269767039538 0.09105224687674181 0.07501936525911965
864 0.7510565651766241 0.7317867516182626 0.03303975897699054 0.039635244317957154
796 0.7001344146108901 0.7066816116023764 0.0738920179539809 0.07940685633066594
807 0.5983719267111385 0.6705338315706044 0.03462043969514959 0.042787517856907445
500 0.7951065470262516 0.784112910708872 0.08938066256778665 0.05624209172016918
763 0.7046542638487643 0.8122185454497522 0.07076701795398091 0.07935230925276535
499 0.6077747186692244 0.8097463360348313 0.0877908914905479 0.05152731818121907
1829 0.7042638992891879 0.8793924086802771 0.07833407825883114 0.03730117694751698
818 0.5249440379510653 0.8051758384704633 0.02990566861791084 0.038018197240056395
542 0.4870854896482674 0.87716388676618 0.045539758976990544 0.03985343262955965
1460 0.43910198672140127 0.8200820438281944 0.058185204722264315 0.06507162094116267
2240 0.2855593510845859 0.879895600241586 0.18980790944452863 0.13142509821299128
897 0.38728950184671174 0.7762132670428332 0.054842036104353474 0.02751707386326192
830 0.38002190251064166 0.7354655361175567 0.05795794574527395 0.02600912094116268
1096 0.37270885137917353 0.6869053051922803 0.05796703610435348 0.027571620941162677
1430 0.498717360356164 0.7281633250777826 0.1412431444174139 0.1087046185055307
1085 0.5209100020431034 0.6488712913925625 0.03774543969514958 0.0428420649348082
1807 0.5157907099868216 0.5745707207757115 0.04563066256778647 0.05547843262955983
1628 0.4564793425003789 0.5844718262955986 0.03777271077238851 0.04752956493480802
1756 0.44833049921443313 0.5265229586008469 0.048801114363184794 0.06334547970746059
2189 0.4394094962875668 0.47012295413662003 0.04563975292686635 0.05704093262955982
2080 0.4297117885402404 0.414490562902918 0.04564884328594587 0.058603432629560005
1806 0.4387958970496927 0.36465420413662003 0.08146816861791084 0.03891822402541774
740 0.41982318325224205 0.32604567166921594 0.040888620413308985 0.046021612012708865
1577 0.5633560563960255 0.5597775637136969 0.054842036104353474 0.027517073863261743
852 0.5747248275714602 0.4998258652558244 0.05796703610435348 0.027571620941162677
1074 0.5044805052645573 0.5103173060030592 0.05795794574527378 0.02600912094116268
1419 0.5377651830558503 0.4577786870904914 0.07533634328594588 0.0591216298696164
1063 0.552258954231285 0.3978815357105197 0.03774543969514958 0.0428420649348082
1036 0.5171345204880636 0.40273663108413704 0.033048849336070066 0.041197744317957155
1485 0.5523175206844554 0.27367642247999485 0.056877234776493604 0.10879434740221221
1484 0.455547059813871 0.28995421306507374 0.05689541549465282 0.11191934740221221
543 0.33591179156530254 0.4042604005658976 0.048682939695149675 0.04303297970746058
544 0.3181243278660478 0.3008353916374438 0.04554884933607006 0.04141593262955982
2243 0.18852773145684393 0.3141966879045656 0.18508404800821018 0.12509327759614014
2242 0.20790042105379775 0.4215552203719697 0.18979881908544902 0.12986259821299112
703 0.02780385489521494 0.3481062633926806 0.05182612041330892 0.04621252678536116
1210 0.12989411660267988 0.5748654066549775 0.20558744554888214 0.15826033360249453
1212 0.1559167819991369 0.751083033278183 0.21185562626704138 0.16149442775829587
886 0.28344181829988213 0.6501944634721109 0.054832945745273864 0.025954573863261922
875 0.2762242159387499 0.6180404825468344 0.05795794574527395 0.02600912094116268
1818 0.6102356015755653 0.561377019882207 0.04876475292686635 0.05709547970746058
2644 0.9924254119786114 0.9164965369250403 0.015149176042777057 0.0237920560063543
2700 0.9891958728491957 0.8789419898471398 0.021608254301608554 0.020776150162155817
2693 0.4931905647838407 0.985731655842551 0.0376727168225127 0.02853668831489813
2701 0.48751728170454933 0.95138263676618 0.036137487899751616 0.03500229139585755
3269 0.8149468692349586 0.8375788299457513 0.034547716822512696 0.03028751785690744
2878 0.9872061259724539 0.7437584663081893 0.025587748055092164 0.044268197240056394
4303 0.9878510205862595 0.6953346030776645 0.024297958827481026 0.0411159237011061
2889 0.9715912580932275 0.6395522073797356 0.03776362041330898 0.0459670649348082
682 0.9555622579950318 0.7041095852207571 0.058085210772388506 0.04788412094116268
3800 0.9249975383438487 0.5528101379807006 0.040897710772388504 0.047584112012708776
4363 0.8880697100850174 0.5162317098153676 0.03301248789975162 0.03494774431795715
2944 0.7496021077238854 0.4817867516182625 0.0658068071815924 0.03239548863591431
3011 0.8740395472226432 0.6558163611953394 0.03775453005422946 0.04440456493480802
3833 0.8659952430661131 0.6158362435005877 0.031486349336070064 0.04117047077900686
3256 0.9543577854169826 0.49707833522075706 0.07675339754067209 0.03414890340856669
4367 0.8237673573311017 0.7424299711794534 0.04705680718159257 0.03206820616851012
2956 0.8760520199970845 0.7331873847342897 0.06424430718159257 0.03236821509696401
2731 0.7835372670702181 0.6753282459362197 0.031504530054229284 0.04429547077900686
3340 0.7797815288758789 0.8354026753193686 0.040897710772388504 0.04758411201270896
3789 0.755749131237011 0.8670111854656384 0.03777271077238851 0.04752956493480838
2867 0.651747432466675 0.8487912451254406 0.03776362041330898 0.04596706493480838
3339 0.6348321223582165 0.7610048729664622 0.033048849336070066 0.041197744317957155
2922 0.5533599294416129 0.8556667621715693 0.03776362041330898 0.045967064934808025
4352 0.5840326916400572 0.7569934829505762 0.0361283975406721 0.03343979139585791
4210 0.4363678721618248 0.8872149967502938 0.040879530054229285 0.044459112012708954
3561 0.40087982405541867 0.8295700921239112 0.0376818071815924 0.03190456493480802
4266 0.18088548662320533 0.8804120231319132 0.039307939695149674 0.04286933847375849
3000 0.32952699882164965 0.7837978961016707 0.03777271077238851 0.04752956493480802
3254 0.27159177897407477 0.7616950251605081 0.03777271077238851 0.04752956493480802
2433 0.26272077302214647 0.7138887706962812 0.03615566861791084 0.03812729139585791
2989 0.280439538147457 0.6712336663942102 0.06110112646343317 0.02918866801906326
2978 0.26752592680933435 0.5999217280826075 0.05795794574527387 0.02600912094116268
2933 0.3798810019449076 0.7112467861175567 0.06422612646343318 0.029243215096963836
3221 0.38272420081343944 0.6628638331954575 0.04231476502711455 0.022611385551659247
2328 0.32392137255460823 0.6259035754848197 0.04908291549465282 0.11178297970746058
2712 0.49511109220579136 0.7796576412304068 0.06890453610435347 0.027762535713814884
3210 0.48579465865896176 0.6552888867661799 0.039280668617910665 0.038181838473758486
3252 0.24239411660267987 0.576829101459402 0.034647710772388506 0.04747501785690744
2440 0.22956231849627384 0.5195796631477994 0.03774543969514967 0.0428420649348082
3232 0.42601968285945857 0.585502492286067 0.03612839754067192 0.03343979139585791
4179 0.41320606547121175 0.5313780539744642 0.03925339754067192 0.03349433847375849
4157 0.40351744808296497 0.4773081627407622 0.03612839754067192 0.03343979139585791
4211 0.3439060987468949 0.43564676826064924 0.06422612646343318 0.029243215096963836
4212 0.32611408986810025 0.33144050933219554 0.06426248789975161 0.035493215096963925
4046 0.3961498547970191 0.41937293181548563 0.03302157825883114 0.03651024431795715
3766 0.38493055366555096 0.3707445170428333 0.0314227168225127 0.030232970779006864
2844 0.3862567043294809 0.33014679058178364 0.034547716822512696 0.03028751785690744
4270 0.1025089391059745 0.43299550649282176 0.04090680113146816 0.04914661201270878
4271 0.08552090612487895 0.3327091343338432 0.03778180113146816 0.0490920649348082
4325 0.04758963494944424 0.3921971826295598 0.037799981849627386 0.0522170649348082
2249 0.021090767463001564 0.4026710324674041 0.036282933645025474 0.060002291395857735
2656 0.16296412919390763 0.21688531128136018 0.09086134933607007 0.04220686525911974
2249 0.3263862797596417 0.2439541461016707 0.05796703610435348 0.02757162094116259
3251 0.3927288972460844 0.23417577150706018 0.06424430718159231 0.03236821509696393
4436 0.4411300358097659 0.22877125121452072 0.034547716822512696 0.03028751785690744
2310 0.49626244252382 0.17192696184725778 0.033157933645025395 0.05994774431795715
4436 0.5339987918598901 0.21320652678206592 0.031386355386194255 0.023982970779006775
3253 0.5972073189872532 0.20181110510955472 0.0673693071815924 0.032422762174864596
2249 0.6752686864736959 0.1922372820570717 0.054842036104353474 0.02751707386326192
3576 0.7689277828828998 0.1782486943940921 0.08457498789975162 0.03584777110331836
2509 0.7843118883672898 0.1371151797835955 0.03154089149054773 0.05054547077900677
3255 0.9228754603796052 0.3223277512112254 0.06578862646343282 0.029270488635914305
2433 0.7397493429913583 0.2652304971540357 0.03302157825883114 0.03651024431795715
1851 0.7440737495090206 0.3371736810014115 0.034629530054229286 0.04435001785690744
1865 0.7521225988450908 0.3779350486961632 0.03462043969514959 0.042787517856907445
3811 0.7422885357115699 0.2988651574624611 0.02991475897699054 0.03958069724005649
3877 0.7139999092481369 0.270249233761355 0.029869307181592218 0.03176819724005649
4326 0.686678885145836 0.27367819682972405 0.03313975292686635 0.056822744317957155
2362 0.7082862404338344 0.36232763960555364 0.042751102262936234 0.09761138555165924
3985 0.6729572736113216 0.33202648497917103 0.028297716822512697 0.030178423701106107
3057 0.666484559813871 0.29363614082336964 0.0298783975406721 0.0333306972400564
2377 0.6302288972460843 0.23832134942751182 0.034738614363184796 0.06310001785690744
4122 0.6818600958200286 0.38530148944339787 0.036137487899751616 0.035002291395857824
4168 0.6829595083878153 0.440002626212873 0.03612839754067192 0.03343979139585791
4190 0.697290173980664 0.4863418380634261 0.036137487899751616 0.03500229139585791
4341 0.5923890505422931 0.44779576095375334 0.0361283975406721 0.03343979139585791
2856 0.6984577642415477 0.5527617248329013 0.03462043969514959 0.042787517856907445
3778 0.643029920857406 0.5588247642001642 0.033048849336070066 0.041197744317957155
2845 0.5577736769075303 0.5401508563273707 0.06268180718159222 0.032340941558013724
2440 0.7681884812604522 0.4539890340856666 0.03303975897699054 0.039635244317957154
3822 0.753916903001621 0.41780607223511357 0.03774543969514958 0.04284206493480802
2955 0.5998293667008758 0.5182309918790299 0.037636355386194253 0.024092064934808022
3199 0.4999293606507516 0.5336729853862081 0.040788626463433175 0.028834112012708957
3188 0.5779356651018694 0.38036279910320026 0.034547716822512696 0.03028751785690744
3527 0.561324882022578 0.3449201769442217 0.031486349336070064 0.04117047077900686
3521 0.5051339693565955 0.3540945795420095 0.03303066861791084 0.03807274431795715
3153 0.4866339542312851 0.3967360470746054 0.036137487899751616 0.03500229139585791
2298 0.4721719993126289 0.4621019484545772 0.039498837235821684 0.07568183847375849
3767 0.5136923996819712 0.6167173104672861 0.06424430718159221 0.03236821509696384
3247 0.5855128575274936 0.6085968932590017 0.0595477168225127 0.03072389448011279
3248 0.5942520532727675 0.6337468977232286 0.06893180718159223 0.032450035713814884
2911 0.621795791172519 0.6685991846548595 0.033039758976990366 0.039635244317957154
2900 0.6485355531745716 0.6995315848170153 0.03774543969514958 0.0428420649348082
4312 0.7300395623479539 0.6103384456119081 0.03776362041330898 0.045967064934808025
2967 0.748476465840554 0.691120841309837 0.039307939695149584 0.04286933847375849
2596 0.2463837424769378 0.9912483372559425 0.15949317466803503 0.017503325488114996
2412 0.2361593147838407 0.9792977621748646 0.19244203005422927 0.04140447565027081
2644 0.2740248699223296 0.37427684577735915 0.0329034035907962 0.016197744317957154
2644 0.2554425206844554 0.2684944500794303 0.03293067466803503 0.02088524431795715
331 0.87038380297818 0.8330782905784883 0.026753397540672096 0.033276150162155814
127 0.8313707790722706 0.706628838874205 0.054942030054229464 0.04470457386326192
226 0.8192293273750686 0.6337680373320774 0.026653403590795932 0.016088650162155816
253 0.6110168515755652 0.5613906566516823 0.01728749394987581 0.017487508928453722
209 0.7129686743734475 0.22726684699187985 0.01885908430895533 0.019077282467404012
7 0.5377651830558503 0.4577786870904914 0.04865566861791084 0.038345479707460585
253 0.5157998003459012 0.5761332207757115 0.015715903590796287 0.015897735389503433
9 0.49874463143340275 0.7328508250777827 0.11448974687674215 0.07542846834337488
198 0.44066903190094103 0.8208905673671449 0.020421584308955333 0.0191045560063543
12 0.32068833000734703 0.8758217548679686 0.03009656615858276 0.07083069724005639
142 0.24809116734136455 0.884709785306778 0.03163179508134402 0.06617047077900651
142 0.1704231469514968 0.4248069054371616 0.0316499757995032 0.06929547077900686
142 0.1518407977136226 0.31902450973923263 0.026944295081343928 0.06608865016215582
12 0.24380155961747926 0.41593251176782753 0.02851588544042354 0.0676784237011061
12 0.2260095507386847 0.3117262528393738 0.03477497579950315 0.06935001785690745
1251 0.49221581283893306 0.28200139123040674 0.052244276930971265 0.11808752678536116
1256 0.5874692255049155 0.27350882710637753 0.0506272347764936 0.10868525324641087
273 0.4401998366466465 0.4716990909060952 0.02199317466803503 0.020694329545304768
273 0.6493703035673551 0.44019749512544076 0.01885908430895533 0.01907728246740419