740 0.035452957948775086 0.3759523755905632 0.04425907733927246 0.045277783665263985
852 0.03588712058404926 0.6070932481859014 0.04264203333863612 0.04053571996293322
1557 0.09164458255095986 0.8487971093484944 0.029978401336727113 0.026036710344286007
1559 0.09200766187941464 0.884707327497329 0.031540901336727115 0.026091274046616774
1921 0.09164403520850575 0.915957327497329 0.031504538669636206 0.022966274046616775
1806 0.09207074920436957 0.9463987956461635 0.031577264003818016 0.02921627404661713
1211 0.09214785327818435 0.4028670504554869 0.051602146721815643 0.4078869110699257
703 0.07976822131604624 0.1245064374787955 0.02538180800445433 0.0336855192372937
1208 0.13871322326545768 0.49495285753439583 0.07971224944299493 0.8102678666048885
500 0.19249329861554781 0.36968747350631215 0.02579997867599957 0.0696230192372937
1085 0.19655354260822996 0.4234300323993196 0.023655676002545346 0.01956845553496276
542 0.19702461525304915 0.5842856868458233 0.02708975867281791 0.04624008293962447
456 0.2030377105745042 0.6715401501853344 0.05258065467854491 0.08930060217691818
774 0.18445988590073184 0.7245113827621393 0.023655676002545346 0.019568455534962937
503 0.18465933322727762 0.7744841009109739 0.02892497867599957 0.06973214664195541
1451 0.28732016187941467 0.8778868647059719 0.16506356802990768 0.2259871250424091
704 0.28182523456400477 0.7461011513664608 0.01911362667090888 0.03190476442797028
426 0.22146208859804858 0.49752973131086053 0.06531701201463572 0.11004961179556502
423 0.2863512919319122 0.49135908766412995 0.06531701201463572 0.11004961179556502
1449 0.29312964528963836 0.31150789655713745 0.16956925469445325 0.21052581614940155
1450 0.29169605665181886 0.10298485694383266 0.16960561736154417 0.20596971388766533
433 0.3354524106063209 0.43263636289187346 0.0520715773392725 0.04555060217691818
785 0.3436638052594125 0.5323089806778883 0.044277258672817864 0.04684028366526398
908 0.33623201857895857 0.6340897354872117 0.04111589600572696 0.04360615626060227
435 0.3332513745624139 0.7560192991895425 0.05199885200509069 0.03930060217691818
502 0.4086315405395059 0.9220683959241651 0.04267839600572696 0.04366071996293286
1135 0.40041050787718746 0.890337246286985 0.020457950668363624 0.013209328130301401
455 0.4011195798854598 0.829399746286985 0.06201019867918127 0.0943154843909035
1153 0.4360491105585959 0.7805430948357062 0.020530676002545434 0.019459328130301046
1348 0.4557798078851416 0.829833766705405 0.03346702800763594 0.057395837748947895
695 0.46410938120627865 0.9193501344914198 0.019131808004454243 0.03346726442797028
1131 0.37960075791695835 0.5982142336731131 0.020567038669636252 0.022584328130301045
1136 0.39417233525623085 0.5539731603521355 0.020530676002545344 0.019459328130301046
1137 0.3908762546149115 0.36744538331029347 0.025254538669636162 0.022748019237293703
1419 0.4194546932686394 0.46172117296600723 0.08328630935708983 0.17783731252120455
682 0.4295393126193659 0.3332960726031875 0.019131808004454243 0.03346726442797028
1150 0.40990861262732 0.2754116507334886 0.020530676002545434 0.019459328130301136
499 0.4188932612985471 0.24151780037066892 0.044204533338636054 0.04059028366526398
1805 0.4287137039704104 0.20290916815668378 0.031540901336727066 0.02609127404661713
1155 0.4427574752944109 0.2711408129845406 0.01893181333545435 0.01627976442797028
691 0.4482620406190477 0.3349850581752173 0.01911362667090888 0.03190476442797028
1431 0.4050905592377771 0.6894741507334887 0.08321358402290802 0.17158731252120454
1122 0.43232105665181886 0.0942335726031875 0.020494313335454352 0.016334328130301133
501 0.450744339990455 0.05454359002638267 0.044204533338636054 0.04059028366526398
1123 0.4612182159850461 0.09400539411006667 0.022093176002545435 0.01951389183263199
430 0.4988903913112738 0.1450123334029607 0.05405224801081765 0.08154266587924912
420 0.501542129296638 0.25268842414713355 0.055669292011453916 0.08628472958157998
1141 0.4807290952816842 0.36352672042626927 0.022093176002545435 0.01951389183263199
1430 0.5085444652689575 0.4562672919331484 0.08315904002227174 0.16689981252120453
1140 0.4801461979233217 0.5478471567239384 0.02369203866963616 0.022693455534962936
1132 0.5366501892505038 0.5911680815888622 0.018968176002545432 0.01940476442797028
1429 0.5097962405713226 0.6842558826773213 0.0800522213558171 0.16835318511654282
1432 0.5054798158816418 0.8538689782308175 0.060447698679181275 0.09426092068857272
696 0.525065062539824 0.9156596501005165 0.019131808004454243 0.03346726442797028
1057 0.548112211211051 0.8812747264167189 0.022093176002545435 0.01951389183263217
1154 0.548021851885778 0.8219270082678845 0.020530676002545434 0.019459328130301046
1152 0.5399644512253686 0.7761333586307042 0.025254538669636162 0.022748019237293703
830 0.5578295866486372 0.11327869456555359 0.041097714672181596 0.04204365626060227
1421 0.5810130953214552 0.0671750208817562 0.028543170671545326 0.03691964664195542
807 0.6274886533259094 0.032752891662995956 0.04107953333863605 0.04048115626060226
1138 0.5966284573122282 0.13457085200728222 0.022129538669636163 0.022638891832631992
1142 0.5972727999681833 0.21342253830495136 0.02369203866963616 0.022693455534962846
1143 0.5979535052912291 0.2891492246026205 0.023728401336727246 0.02581845553496285
1420 0.5552114746180932 0.33827869456555365 0.026980670671545325 0.03686508293962447
1144 0.588450688613957 0.36757432496544024 0.026780676002545255 0.01967758293962456
1160 0.559544438613957 0.3685837534585611 0.022129538669636163 0.022638891832631992
940 0.5891184718730512 0.9142037883049514 0.03799089600572714 0.043497028855940555
1422 0.596876975214869 0.8514582516444626 0.028706802673454313 0.05098214664195524
763 0.5849133245544597 0.8058010112631093 0.02205681333545435 0.016388891832632167
1148 0.6080241078930959 0.765947337579312 0.022093176002545435 0.01951389183263199
1149 0.608151924570368 0.6878496194304773 0.022093176002545255 0.019513891832631813
1134 0.6067268792568672 0.541864996835139 0.022093176002545435 0.019513891832631813
1151 0.6074894005808676 0.6105604331328083 0.022093176002545435 0.019513891832631813
1423 0.6398917258911869 0.7788912816815294 0.03174089600572714 0.04327877404661713
1446 0.6400104519016864 0.7015748135326948 0.03492044000636341 0.048075401451278844
1426 0.6378036092457313 0.6227776909373566 0.03174089600572714 0.04327877404661713
1425 0.6385763159214127 0.5563714409373566 0.03333975867281787 0.0464583377489479
897 0.6485876625955033 0.5013565587233714 0.041134077339272504 0.04516865626060227
875 0.6993598219287305 0.5003644883976186 0.04271475867281786 0.046785719962933216
853 0.6286575179424118 0.4020931687048379 0.04111589600572696 0.04360615626060227
841 0.6802563806095027 0.39716756652791974 0.03964430267345413 0.051364092558271325
1448 0.6419484059516385 0.33368790908619117 0.06186474801081765 0.08181548439090332
1447 0.6420580412953654 0.25715269093735654 0.06497156667727229 0.08036211179556503
1446 0.6406142673058649 0.17989078649085283 0.06495338534372674 0.07879961179556512
1441 0.640742083983137 0.10179306834201825 0.06335452267663584 0.07562004809323426
796 0.6790784253262275 0.028608539486077715 0.04111589600572714 0.043606156260602255
1130 0.6965017353198644 0.07485605690927288 0.018968176002545432 0.01940476442797028
1156 0.6977824246499098 0.09902024320694201 0.020494313335454352 0.016334328130301112
1139 0.6989267539783647 0.13490317950461117 0.01893181333545435 0.01627976442797028
1157 0.6986994873090465 0.15443442950461117 0.022093176002545435 0.01951389183263199
1158 0.6976818799729558 0.1747742113557766 0.018968176002545255 0.01940476442797028
1120 0.6980085966343197 0.21380942950461118 0.02205681333545435 0.01638889183263199
1159 0.6985262172979108 0.23643839765344574 0.025218176002545434 0.019623019237293704
1124 0.6990438379615018 0.2590673658022803 0.020457950668363624 0.013209328130301134
1121 0.6986711206238201 0.2910986158022803 0.022093176002545435 0.01951389183263199
1125 0.6991614692870931 0.31607133395111486 0.02205681333545435 0.01638889183263199
1126 0.698152952617775 0.3356298658022803 0.023655676002545433 0.019568455534962847
1127 0.6978529606142752 0.3614111158022803 0.023655676002545433 0.019568455534962847
1096 0.6723064259230036 0.5434795713372431 0.022093176002545435 0.01951389183263199
1147 0.6728331372533674 0.5653272894860777 0.022129538669636163 0.022638891832631992
1107 0.6722786065802312 0.6129835394860776 0.020530676002545434 0.019459328130301046
1146 0.6735774772438223 0.6355852257837469 0.02205681333545435 0.01638889183263199
741 0.6729502212365045 0.6894914757837468 0.025254538669636162 0.022748019237293703
1145 0.6734678419000956 0.7121204439325813 0.020530676002545434 0.019459328130301046
752 0.6728224045592321 0.7675891939325814 0.02369203866963616 0.022693455534962936
1129 0.6725496845560505 0.7910266939325814 0.023655676002545433 0.019568455534962937
446 0.6518911918762329 0.8885837402117172 0.055705654678545005 0.08940972958157971
952 0.7151997138765511 0.8840301602673175 0.039535214672181594 0.041989092558271324
4470 0.7530057266470463 0.11817698177419662 0.031577264003817974 0.02921627404661713
4471 0.7537409759707285 0.18921616807186575 0.031577264003817974 0.02921627404661713
4473 0.7543125932925019 0.27431785436953493 0.031540901336727066 0.02609127404661713
4472 0.7542847739497296 0.34382182251836946 0.03146817600254544 0.01984127404661713
951 0.7810307293125464 0.12578858513224123 0.012954533338636054 0.03949900961864685
1036 0.7817932506365468 0.1944840214299104 0.01293635200509069 0.03793650961864685
1074 0.7823739586250928 0.27880445772757956 0.009847714672181596 0.04095238221398514
1063 0.7814739826145933 0.35614820772757955 0.011355670671545326 0.036319445916315904
705 0.7683136479949093 0.014516318110350177 0.023855670671545325 0.029032636220700354
2200 0.808684109325273 0.03111100219261668 0.031540901336727246 0.026091274046617118
1560 0.8493181999920459 0.02891109593201443 0.03155908267027243 0.02765377404661712
2024 0.807702317313819 0.11548600219261669 0.031577264003817974 0.02921627404661713
2080 0.8100273386378195 0.18412687478795497 0.031540901336727246 0.02609127404661713
2156 0.8091091812937744 0.263033124787955 0.029978401336727245 0.026036710344286274
2189 0.8096989799490931 0.34657231108562414 0.029978401336727245 0.026036710344286274
1604 0.7406842559277761 0.5059498002858509 0.029978401336727245 0.02603671034428636
1888 0.7395575605904126 0.5356645821370163 0.031540901336727066 0.02609127404661713
1922 0.7415285932527309 0.5676139865835201 0.028379538669636162 0.022857146641955418
1605 0.7411922385821402 0.59652023658352 0.029978401336727245 0.02603671034428636
1899 0.7416098619112313 0.6277429547323546 0.031540901336727246 0.02609127404661713
1933 0.7420547572406406 0.6566219228811893 0.028415901336727244 0.025982146641955417
1910 0.7416638585694135 0.6902156728811892 0.029942038669636163 0.02291171034428636
1944 0.7420905725652773 0.7206571410300239 0.029978401336727068 0.02603671034428636
1606 0.7417542178946868 0.7495633910300239 0.029942038669636163 0.02291171034428636
1954 0.7413905912237777 0.7808133910300238 0.031540901336727066 0.02609127404661713
1962 0.7425985552196416 0.8112275773276929 0.029942038669636163 0.02291171034428636
1608 0.7422349285487326 0.8424775773276929 0.029942038669636163 0.02291171034428636
706 0.7663985872056422 0.9134795580903992 0.01918635200509051 0.03815476442797028
2211 0.8071690378740058 0.899560901829797 0.028415901336727244 0.02598214664195524
864 0.807587208545551 0.8636234018297969 0.03955339600572714 0.043551592558271325
1561 0.8493474472072331 0.8988689318668637 0.028379538669636162 0.02285714664195524
1128 0.8073695798854598 0.8152131836809623 0.022093176002545435 0.01951389183263217
1428 0.7877752425605049 0.7542037618112636 0.04961928668045381 0.10325397477225665
1427 0.7856780352482766 0.5988714210670907 0.04958292401336291 0.10012897477225664
1133 0.8013570319064588 0.6607985021926167 0.020530676002545434 0.019459328130301046
923 0.8389763052594125 0.515012287039007 0.039535214672181594 0.041989092558271324
1840 0.8335797332511401 0.5761134781459996 0.031540901336727246 0.02609127404661713
2222 0.834006447247004 0.6065549462948342 0.028415901336727244 0.02598214664195524
1851 0.8336428205760951 0.6378049462948342 0.028379538669636162 0.02285714664195524
1807 0.8340695345719589 0.6682464144436687 0.028415901336727244 0.025982146641955417
1865 0.8337149985678227 0.6987151644436687 0.028415901336727244 0.025982146641955417
1818 0.8349229625636866 0.7291293507413379 0.028415901336727244 0.025982146641955417
1876 0.8337871765595505 0.7596253825925032 0.031540901336727246 0.02609127404661713
1829 0.8334235498886414 0.7908753825925032 0.030014764003817973 0.029161710344286364
1209 0.9308210966343197 0.20694686557061223 0.11729987205599741 0.41389373114122446
1210 0.9327792072326865 0.7085316193456593 0.10966918539145212 0.4317807680561675
4325 0.0824574166534097 0.09473709192529921 0.02685340133672711 0.02592758293962454
2376 0.08100345731222824 0.15257687377646464 0.03459317600254534 0.019950401451278844
3253 0.09071426464036485 0.19050345971131408 0.022093176002545345 0.01951389183263199
2844 0.04521885662000215 0.3420312433765781 0.015879538669636227 0.022420637023308564
2955 0.046379725254639986 0.5778323341207509 0.017478401336727123 0.02560020072563951
4436 0.05603018197009228 0.21826636116259288 0.019168170671545238 0.03659226442797028
4436 0.10006253998250081 0.12535960934849438 0.015952264003818016 0.028670637023308566
3250 0.17525289664227386 0.1734945197854479 0.01773294000636332 0.04747520072563942
2718 0.0818354199156857 0.6179836189671412 0.01904090133672711 0.025654764427970277
2721 0.10291098858214025 0.6188095089856747 0.01744203866963625 0.022475200725639334
2277 0.04810366788673248 0.8323561430137584 0.05190794533736345 0.03148810217691818
2263 0.045196296546823694 0.8808754885672545 0.044077264003818006 0.02965278366526398
3766 0.11549006787082412 0.9471428401112008 0.01119203866963625 0.022256945916316086
3877 0.1142821038749603 0.9167286538135315 0.012827264003818017 0.02856150961864685
2757 0.18050708788195996 0.8628744783156357 0.020639764003818017 0.0288343281303014
4372 0.21321959054746004 0.8703223905666878 0.009756808004454331 0.03313988221398532
3343 0.20978660256209572 0.7626735816736803 0.014607940006363318 0.04736607332097762
2878 0.2125667045671864 0.725091736120184 0.02525453866963625 0.022748019237293703
2249 0.23478714990454988 0.694640344287552 0.015915901336727066 0.025545637023308566
2749 0.23867576591345854 0.6289062168828903 0.015915901336727066 0.025545637023308566
4210 0.21965359325273096 0.5858382631620259 0.012990896005726959 0.04262400961864685
3089 0.2426007445894581 0.5600470894782286 0.022165901336727068 0.02576389183263199
3079 0.2676098352562308 0.5583928202409348 0.022165901336727068 0.02576389183263199
2249 0.2675291139401846 0.4311036339432657 0.012718176002545345 0.019186509618646853
3210 0.1762501332750027 0.42335811052962075 0.01587953866963625 0.022420637023308564
3340 0.1733529472867749 0.3367757697854479 0.012954533338636142 0.03949900961864685
2728 0.21952796594527527 0.3952951087155222 0.00955681333545444 0.01595238221398514
4370 0.21346032662318387 0.312728145376011 0.011228401336727067 0.025381945916315995
4436 0.19380235463081985 0.25718747350631216 0.012899989337999785 0.03481150961864685
2644 0.21748530263368332 0.23527526797134932 0.015770450668363533 0.013045637023308566
2728 0.21793074530554674 0.19699401797134933 0.012681813335454439 0.01606150961864685
4371 0.2127625346515007 0.10424352278067275 0.011319308004454331 0.033194445916316
4326 0.2823343119032772 0.7023511513664608 0.031468176002545256 0.01984127404661713
2376 0.28292465790105004 0.7187301195152954 0.03775453866963616 0.023184528855940557
3120 0.3156098885662319 0.7285217817663474 0.025218176002545344 0.019623019237293704
3011 0.34054680124127695 0.6659572943802192 0.022129538669636163 0.022638891832631992
2685 0.36440247191282216 0.6292013388452563 0.012827264003817973 0.02856150961864685
2889 0.3565996099220491 0.561532689208076 0.025254538669636162 0.022748019237293703
3111 0.3390586686028211 0.4582812036360463 0.022129538669636163 0.022638891832631992
2685 0.3756961499443207 0.3968699884824366 0.009702264003817972 0.02845238221398514
3386 0.3903222712842295 0.34794141516145893 0.028379538669636252 0.022857146641955418
3399 0.4089455492918656 0.2910639325846541 0.031504538669636165 0.02296627404661713
3404 0.4464546399586382 0.2889731537287135 0.028343176002545434 0.01973214664195542
4303 0.42354385128900207 0.31163932741251094 0.025218176002545434 0.019623019237293704
4312 0.44698135128900207 0.31082087187754814 0.028379538669636162 0.022857146641955418
3489 0.4021693853039559 0.20227425109630834 0.015952264003817974 0.028670637023308566
2769 0.3745347339672288 0.22822911588709832 0.01744203866963625 0.02247520072563942
2745 0.3711011986394103 0.18774052514292544 0.012681813335454439 0.01606150961864685
4436 0.19228694999204582 0.05185513276213931 0.02380112667090888 0.03206845553496285
2644 0.21515228532781844 0.03309520907834189 0.012718176002545345 0.019186509618646853
2769 0.37610796666136387 0.025912647738263746 0.015915901336727066 0.025545637023308553
3372 0.42813299598186455 0.11858873185901464 0.031540901336727246 0.02609127404661713
3373 0.4586108366486371 0.11674348966356296 0.031577264003817974 0.02921627404661713
3341 0.4803863866565914 0.0574131296820964 0.011482940006363407 0.047256945916316
3100 0.5037591573042741 0.19638386044480272 0.025290901336727244 0.025873019237293703
3069 0.5024682826225474 0.30732136044480274 0.025254538669636162 0.022748019237293703
3390 0.48019329328454774 0.3424602522774347 0.028415901336727067 0.025982146641955417
2766 0.46108875728041154 0.373583766705405 0.008067038669636161 0.02214781851165428
2644 0.37973766526100333 0.5193352655242787 0.012754538669636162 0.022311509618646853
2644 0.4687819839274579 0.5177876344914198 0.0065045386696361614 0.022093254809323427
2775 0.5492052805935943 0.5188838538213808 0.014389764003817973 0.02861607332097762
3385 0.41919051658977635 0.5515376411148418 0.031504538669636165 0.02296627404661713
3381 0.3759035932527309 0.5803818929289404 0.031540901336727066 0.02609127404661713
4353 0.4351422332511401 0.5900272222403677 0.025254538669636162 0.022748019237293703
2728 0.44887746924732214 0.6176611489193901 0.012790901336727067 0.025436509618646852
2775 0.46601951591345847 0.6209671981937507 0.012881808004454242 0.03324900961864685
4341 0.44961381325591265 0.5543798989193901 0.014280676002545257 0.01924107332097762
4351 0.48980246125082194 0.5904612426587879 0.022129538669636163 0.022638891832631992
3389 0.4814177965865946 0.5727925930216076 0.03146817600254544 0.01984127404661713
3382 0.5329802965865946 0.5709919908446893 0.031504538669636165 0.02296627404661713
4352 0.5387035852562307 0.5489260178865314 0.017442038669636162 0.02247520072563951
2644 0.5503763345799131 0.6195832582678845 0.014389764003817973 0.02861607332097762
3339 0.44858985196531975 0.23969984002638264 0.012881808004454242 0.03324900961864685
2249 0.5322114213080921 0.1672767138028473 0.01587953866963616 0.022420637023308564
2911 0.594921601328773 0.012804979411943928 0.02205681333545435 0.01638889183263198
4343 0.5806227439926822 0.03360855273292163 0.018968176002545432 0.01940476442797027
2933 0.5566847099777282 0.14455597641671905 0.02369203866963616 0.022693455534962846
4363 0.6041596939847279 0.09135656534679337 0.012790901336727245 0.025436509618646852
3387 0.5921682239815462 0.1152032931142748 0.029905676002545435 0.019786710344286272
4367 0.6025239213080921 0.1648213471979588 0.012827264003817973 0.02856150961864685
3391 0.5928671106381376 0.18936747941194393 0.029942038669636163 0.022911710344286275
4368 0.6039767859643652 0.24130200164446253 0.012827264003817973 0.02856150961864685
3392 0.5927392939608656 0.2674651975607785 0.028343176002545434 0.01973214664195542
4369 0.6045938566200022 0.32249743794213165 0.012863626670908878 0.03168650961864685
3393 0.5879057959500477 0.34728910681660563 0.03303067600254543 0.019895837748947987
3690 0.5593353532781844 0.38655250345856107 0.022093176002545435 0.01951389183263199
2956 0.6196728692711847 0.4359870190676577 0.020567038669636162 0.022584328130301045
3000 0.6364512892664121 0.47054306834201826 0.022093176002545255 0.01951389183263199
2944 0.6704723006047301 0.4326511987419049 0.022093176002545435 0.01951389183263199
2978 0.684897879933185 0.4680703435697617 0.02205681333545435 0.01638889183263199
3383 0.6070450525939124 0.514521246835139 0.031504538669636165 0.02296627404661713
3400 0.5889030325827767 0.5971526975607786 0.029942038669636163 0.02291171034428636
4347 0.6173552965865946 0.5680455509188231 0.012918170671545326 0.036374009618646855
4348 0.6180996365770495 0.6383034872164923 0.009829533338636055 0.039389882213985136
4346 0.6180172732336409 0.7124949553653268 0.011355670671545326 0.036319445916316084
3398 0.5876394299013682 0.7057464475607784 0.028379538669636162 0.022857146641955418
3397 0.5894922838956411 0.7478521020072822 0.029942038669636163 0.02291171034428636
2867 0.5859582038908686 0.783117479411944 0.023655676002545256 0.019568455534962937
2685 0.5534638772279139 0.7569195671608919 0.01587953866963616 0.022420637023308564
3401 0.5389468438892779 0.7964731404818697 0.028306813335454352 0.01660714664195524
3403 0.5501474258832326 0.8405951627143882 0.03146817600254544 0.01984127404661713
3182 0.55530709321296 0.8669666897562301 0.022129538669636163 0.02263889183263217
3047 0.5769911892107329 0.8826090479235983 0.020530676002545434 0.0194593281303014
4344 0.5804979972151874 0.8496874205189364 0.012918170671545326 0.036374009618646855
3342 0.4383099498727331 0.9218129355798791 0.014517033338636054 0.03955357332097762
2600 0.4999377932050059 0.9274701693378102 0.03459317600254543 0.01995040145127902
4317 0.5032355158736876 0.9125172919331485 0.01893181333545435 0.01627976442797028
4354 0.48543039787559666 0.8990822745099531 0.012936352005090513 0.03793650961864685
4316 0.46212016721041477 0.8889632300449162 0.02369203866963616 0.022693455534962936
3384 0.4308428952100966 0.8923982540915333 0.03459317600254543 0.01995040145127902
3168 0.43732925254618743 0.8718674992822099 0.025218176002545434 0.019623019237293704
3269 0.47877241255573233 0.8001363430216075 0.011192038669636162 0.022256945916316086
3402 0.4602769512253686 0.7789161074495778 0.028379538669636162 0.022857146641955418
2644 0.3667360365611412 0.7642211795894293 0.008103401336727068 0.025272818511654194
2775 0.4513655752307775 0.739399739663563 0.011192038669636162 0.022256945916316086
2784 0.46757183056177765 0.7560143207890889 0.009629538669636162 0.02220238221398514
3584 0.6410815085535052 0.8108679679791987 0.022093176002545435 0.01951389183263217
3584 0.6427718252307775 0.7327156861280331 0.023655676002545433 0.019568455534962937
2845 0.6716149879058225 0.6700147894860777 0.023655676002545433 0.019568455534962937
3584 0.6405377105745043 0.6562623135326948 0.02369203866963616 0.022693455534962936
3584 0.639802461250822 0.5852231272350258 0.020567038669636162 0.022584328130301045
3396 0.6749678019175948 0.5832141939325813 0.03303067600254543 0.019895837748947896
3232 0.6926092879137767 0.6107117113557765 0.015843176002545433 0.019295637023308564
3395 0.6764661199077315 0.6557885983790851 0.028379538669636162 0.022857146641955418
3394 0.6764019378978683 0.7284175665279198 0.031468176002545256 0.01984127404661713
2856 0.6707241025620958 0.7465772894860777 0.017405676002545434 0.01935020072563951
3379 0.674684349220278 0.808913598379085 0.029942038669636163 0.022911710344286008
3157 0.6556434478835508 0.8345683628070553 0.020530676002545434 0.0194593281303014
2249 0.6813786972072331 0.9047345298674309 0.009629538669636162 0.022202382213985315
3058 0.7000377905395059 0.9118922654394606 0.022165901336727245 0.02576389183263217
3154 0.7156360658816417 0.8465301602673175 0.02369203866963616 0.022693455534962936
3921 0.7159724205522325 0.8176239102673175 0.01893181333545435 0.016279764427969922
3911 0.7157184292250504 0.7723386921184829 0.022129538669636163 0.022638891832631812
3145 0.7152644432288684 0.7442409739696483 0.023655676002545256 0.01956845553496276
3900 0.7155098912317319 0.7231472239696484 0.022129538669636163 0.022638891832631992
3866 0.7150013612349136 0.6997370058208137 0.020530676002545434 0.019459328130301046
3889 0.7138661225732316 0.6630728195231447 0.01900453866963616 0.022529764427970278
3855 0.7150019085773678 0.6325767876719792 0.022129538669636163 0.022638891832631992
3135 0.7152655379137768 0.6099205376719792 0.020567038669636162 0.022584328130301045
3878 0.7141848432527309 0.56856885137431 0.022129538669636163 0.022638891832631992
3844 0.7121956292568672 0.5381819469278064 0.025290901336727067 0.025873019237293703
3221 0.6933365412555945 0.5482117113557766 0.014280676002545433 0.01924107332097762
3377 0.7236614826145933 0.3581670647138212 0.028379538669636162 0.022857146641955418
3376 0.725496702617775 0.33467500101149034 0.03146817600254544 0.01984127404661713
3375 0.7234074912874112 0.31288184656498663 0.028306813335454352 0.016607146641955416
3371 0.7228898706238202 0.29025287841615205 0.025218176002545434 0.019623019237293704
3374 0.7240529286282745 0.2574130965649866 0.028379538669636162 0.022857146641955418
3408 0.7211733766311379 0.23642847396964833 0.02369203866963616 0.022693455534962846
3370 0.7261790499681833 0.20892103286265576 0.028379538669636162 0.022857146641955418
3407 0.7203563113065012 0.17242053767197918 0.023655676002545433 0.019568455534962847
3406 0.7213920999761374 0.15051825582081374 0.020530676002545434 0.019459328130301136
3388 0.7208017539783647 0.1341392876719792 0.020494313335454352 0.016334328130301133
3405 0.7204568559834553 0.0966665695231446 0.02369203866963616 0.022693455534962846
3380 0.7199392353198644 0.07403760137431004 0.02369203866963616 0.022693455534962846
2900 0.7117272933243186 0.041525201737129744 0.020530676002545434 0.019459328130301122
4327 0.7686130926559551 0.052033626602053504 0.029905676002545435 0.01978671034428625
2378 0.766469337324955 0.03492797215554979 0.03924431333545435 0.01698909255827139
3561 0.7423500373170008 0.09434017769051262 0.012718176002545257 0.019186509618646853
3563 0.7430852866406831 0.16537936398818176 0.014280676002545433 0.019241073320977707
3057 0.7806312873170007 0.09300336698340665 0.015843176002545256 0.019295637023308564
4168 0.8091835486553187 0.05530247034145125 0.017405676002545434 0.01935020072563942
3577 0.8490363893220912 0.05312984593201443 0.031486357336090974 0.021403774046617106
3985 0.8326932266470465 0.11539423295532299 0.017405676002545077 0.01935020072563942
4046 0.8326654073042741 0.18489820110415756 0.01587953866963616 0.022420637023308564
4122 0.8318108846276381 0.25833570110415754 0.01587953866963616 0.022420637023308564
4157 0.8345535292807297 0.35819929184833044 0.01587953866963616 0.022420637023308564
3127 0.7711620965945487 0.5041045580903992 0.023655676002545433 0.019568455534962937
4349 0.7847609725891399 0.5434572347694215 0.020567038669636162 0.022584328130301045
3386 0.7748218039067771 0.6593823351322412 0.03306703866963616 0.0230208377489479
4350 0.7845507925684589 0.6957464210670906 0.022129538669636163 0.022638891832631992
3378 0.7784360578851416 0.8185663621740833 0.029942038669636163 0.022911710344286008
4328 0.7700781178787783 0.8657141806857375 0.02986931333545435 0.016661710344286363
2377 0.7675343732097785 0.8829835262392338 0.03768181333545435 0.016934528855940555
4179 0.7821508565404602 0.9019964210670907 0.012718176002545434 0.019186509618646853
3578 0.8473036892107328 0.8731695274203602 0.03146817600254544 0.01984127404661713
2967 0.8243570852164599 0.8318004829553229 0.022093176002545078 0.019513891832631813
3789 0.8607582092218689 0.7907017678017134 0.020567038669636162 0.022584328130301045
2784 0.8734672945576414 0.7722965081830665 0.011155676002545079 0.019131945916316083
3833 0.8588053578930959 0.7571898633552097 0.01894999466899989 0.017842264427970277
3778 0.8599684158975502 0.7243500815040441 0.01896817600254508 0.01940476442797028
3822 0.860332042568459 0.6931000815040441 0.02053067600254508 0.019459328130301046
3767 0.8598326032384135 0.6689086133552096 0.022093176002545435 0.01951389183263199
3811 0.8585519139083679 0.6447444270575404 0.02369203866963616 0.022693455534962936
4436 0.8712700899109131 0.6255579174388937 0.014317038669636161 0.02236607332097762
4190 0.856662697247004 0.6057637726110368 0.015843176002545433 0.019295637023308564
3800 0.8608234859166402 0.5837523633552096 0.018986357336090977 0.020967264427970277
3252 0.8722791539226854 0.5388391674388936 0.011410214672181595 0.04100694591631608
3251 0.8710995566120481 0.37176079484355534 0.016134077339272322 0.04429563702330856
2784 0.8682750959580019 0.27892845409938244 0.012718176002545434 0.019186509618646853
4436 0.8674676686425921 0.14697904965287872 0.014280676002545433 0.019241073320977707
2766 0.5386234112826387 0.35447661344002757 0.009593176002545434 0.01907738221398514
4345 0.6178167312221869 0.7968426735141614 0.009793170671545327 0.03626488221398496
2249 0.4352764038829145 0.8469493448357059 0.007994313335454351 0.01589781851165455
3027 0.8307825445974123 0.4809373874018267 0.020530676002545434 0.019459328130301046
2266 0.7855245885980485 0.4778322347694215 0.044040901336727244 0.026527783665263982
2597 0.7803194679344575 0.4553669577275795 0.09097044533736351 0.032852194735189674
3452 0.780601278604412 0.43114820772757945 0.12552725867281786 0.04967759618646852
170 0.28954321065404603 0.08281990136646081 0.11528064934754481 0.10867065027015246
170 0.2894142992918655 0.29523805581296453 0.11375451201463563 0.11174108656782167
170 0.2850854998806873 0.8685937102594682 0.1137181493475448 0.10861608656782167
20 0.21453992659932125 0.48840026797134933 0.0317590773392725 0.04484127404661713
21 0.27849333859804865 0.49553815617578423 0.02861589600572696 0.04316964664195542
19 0.20295589457354976 0.6785714001853345 0.0286340773392725 0.04473214664195542
19 0.4095587885503235 0.8423808959241652 0.027089758672817866 0.04624008293962447
18 0.5028148226448191 0.14331342414713358 0.028724984006999677 0.05254464664195542
18 0.504667129296638 0.25257929674247187 0.025509077339272324 0.044623019237293705
10 0.6416051499840917 0.09473453649085281 0.023946577339272503 0.044568455534962845
10 0.6422494926400467 0.17358622278852195 0.023928396005726958 0.04300595553496285
10 0.6429211072963199 0.2500941590861911 0.025509077339272324 0.044623019237293705
10 0.6435745406190476 0.3281645953838602 0.025472714672181596 0.0414980192372937
75 0.7888030352482767 0.598762293662429 0.031613626670908876 0.03234127404661713
75 0.7908456985598686 0.7587821344066018 0.031577264003817974 0.02921627404661713
279 0.8339882659134584 0.6081174462948342 0.009556813335454706 0.01595238221398514
279 0.8332701032384134 0.6698361962948342 0.01268181333545435 0.01606150961864685
279 0.8348956905633684 0.7314731007413379 0.009556813335454706 0.01595238221398514
279 0.8349678685550961 0.7923833188901724 0.009520450668363623 0.012827382213985139
209 0.8335706425843675 0.5768947281459995 0.011119313335454706 0.016006945916316084
209 0.8353314952260049 0.7611333188901724 0.009520450668363623 0.012827382213985139
209 0.8352593172342772 0.7002231007413379 0.009556813335454706 0.01595238221398514
209 0.8344149799093223 0.6385589144436687 0.009556813335454351 0.01595238221398514
19 0.658786081874642 0.9000569535512284 0.027089758672817866 0.04624008293962447
89 0.5069877718810055 0.8585019145284868 0.020767033338636054 0.03977182813030104
84 0.41364794657068626 0.692299050370669 0.05238066000954511 0.07211310217691817
84 0.5042911279042317 0.6875718556354793 0.05394316000954511 0.07216766587924894