740 0.9593552519837345 0.6548640527776566 0.051746038474587405 0.052037343878220454
852 0.9799727479542334 0.4246207958575745 0.04005450409153326 0.047222509885831696
1557 0.9559127272193273 0.17541663331000437 0.03379464664195524 0.029462006920082207
1559 0.960153793916883 0.140037548823324 0.03541171034428636 0.031088173916276586
1921 0.9629687698702659 0.108628381332838 0.035302582939624474 0.027963173916276583
1806 0.9666195595259797 0.07874988034425484 0.03552083774894825 0.03421317391627661
1211 0.906483223127794 0.6194650636520717 0.10799112630835346 0.4116325197716634
703 0.8880705621426863 0.8987360695835707 0.030942465153609787 0.03714717292769336
1208 0.8701786461786192 0.5208020705721539 0.1953423704027216 0.8130623685927999
500 0.8030680464487716 0.6377614188989986 0.03532243030721958 0.07321200692008212
1085 0.8050918487183573 0.5836960014085127 0.02732639183263217 0.022957338935304605
542 0.8229638510806099 0.4233659964655968 0.03294147477225664 0.04971083992388792
456 0.8261310018989164 0.33483007848081925 0.06415675843752026 0.09467051285158128
774 0.8502207771266601 0.28534207304361175 0.02576389183263217 0.022893671939110228
503 0.8555332705032381 0.235836821560737 0.038447430307219574 0.07333934091247105
1451 0.7661210517214313 0.120016763061546 0.19735618275429018 0.240033526123092
704 0.7566419027172232 0.24925467581908087 0.024583337748947897 0.033767504942915846
426 0.7890824136018144 0.506112170876165 0.08054565027015244 0.11718218281352506
423 0.7240204087924911 0.5025043512182322 0.08054565027015244 0.11718218281352524
1449 0.6973736071558777 0.6804038581383145 0.19837304573098144 0.22964237353571573
1450 0.6737253199472347 0.8769578645641051 0.1973908990890262 0.20151737353571592
433 0.6694891654159129 0.5540151130812303 0.05794147477225664 0.05072951186299797
785 0.6721925247644073 0.4521979450964528 0.05018353847458741 0.051973676882026254
908 0.6898487615175635 0.3529009406478285 0.048511911069925695 0.0487850098858317
435 0.7067411064380875 0.23172893619920423 0.05772321996293321 0.044479511862998145
502 0.6504935625212045 0.054860030077424723 0.048511911069925515 0.048785009885831745
1135 0.6555456502701524 0.08751336258693874 0.022420637023308564 0.016516337946721492
455 0.6482713528098903 0.1480516145641051 0.07531251324684404 0.10136618182494202
1153 0.6083110409216581 0.19114503996325646 0.02420139183263199 0.02283000494291585
1348 0.5940104387447398 0.14009187593281158 0.041135920688572546 0.06096667490485981
695 0.5955332440095502 0.04927587494422843 0.024637901451278844 0.03533000494291587
1131 0.6431473763083534 0.3821865340317574 0.024310519237293705 0.02595500494291585
1136 0.6250347825689556 0.4236073714841873 0.02420139183263199 0.02283000494291585
1137 0.606500581295162 0.6097822934232976 0.028998019237293705 0.026146005931499162
1419 0.5890005680483181 0.5119177963890471 0.10794645317271012 0.18695085475263545
682 0.5652406642347866 0.6380638023205462 0.024637901451278844 0.03533000494291585
1150 0.57752489862569 0.6985874668452826 0.02420139183263199 0.02283000494291585
499 0.5653622045234725 0.7311598863129349 0.05001984736759475 0.047286176882026076
1805 0.5517734196770823 0.7677022227767816 0.03541171034428636 0.031088173916276673
1155 0.5446305530721937 0.6975807237653648 0.020967264427970277 0.019577670950527093
691 0.5470809412766287 0.6333272227767817 0.024583337748947897 0.033767504942915846
1431 0.6288814904661711 0.2873197030051181 0.1061656983633867 0.18063718775644108
1122 0.5359797832867458 0.8755293102292114 0.022529764427970278 0.019641337946721647
501 0.5130159984403555 0.9124536486702247 0.05001984736759475 0.047286176882025896
1123 0.5069098421797532 0.8720196496588077 0.02576389183263199 0.02289367193911005
430 0.47520348519351163 0.8154168225865013 0.06544643992586607 0.08692167984777548
420 0.48474712158384803 0.7078444031188489 0.06717263103285873 0.09167284684397004
1141 0.5177555398253497 0.6000982287082807 0.02576389183263199 0.022893671939110228
1430 0.5003100902808366 0.5037962316740302 0.10600200725639404 0.1759496877564409
1140 0.5379340866526396 0.416203389772976 0.027435519237293704 0.026082338935304605
1132 0.4868601707733905 0.3650839001530993 0.022638891832631992 0.02276633794672147
1429 0.524456885294028 0.2767098082520452 0.10293157095872499 0.17738485376405225
1432 0.5467435691446265 0.10837630232054614 0.07375001324684387 0.10130251482874764
696 0.5350768936467305 0.043133304297712505 0.024637901451278844 0.03533000494291587
1057 0.5080158858421822 0.07474806022921154 0.025763891832631815 0.022893671939110273
1154 0.5022495246795893 0.1336601452101835 0.02420139183263199 0.02283000494291585
1152 0.504667685749515 0.1805033117120863 0.028998019237293705 0.026146005931499072
830 0.4141940633238127 0.8382441689361798 0.04689484736759475 0.047158842889637495
1421 0.385925219584415 0.8800788418638732 0.034176592558271414 0.040399506920082116
807 0.33601698882170866 0.9071480192401907 0.04684028366526398 0.0455963428896375
1138 0.3772471348306919 0.8108022598486506 0.025873019237293703 0.026018671939110404
1142 0.3854564497141491 0.73223159087529 0.027435519237293704 0.026082338935304605
1143 0.393774892002268 0.6567859219019292 0.02754464664195542 0.029207338935304604
1420 0.44157498574166576 0.6141554115218059 0.03261409255827132 0.040335839923887916
1144 0.41222230243922153 0.580145167453305 0.030451391832631992 0.02308467292769336
1160 0.4405109935462141 0.5836866615218058 0.025873019237293703 0.026018671939110404
940 0.47144097958158 0.035555567643585355 0.04538691106992569 0.048657675893442956
1422 0.45638146397248336 0.09719340460172367 0.034667665879248945 0.054462006920082226
763 0.46348712504240897 0.14384557011504331 0.02409226442797028 0.019705004942915848
1148 0.4358085583448533 0.18017965954463952 0.025763891832631815 0.022893671939110228
1149 0.42757196161023064 0.2579690785180003 0.02576389183263199 0.022893671939110228
1134 0.41230660407583475 0.4033279994685274 0.02576389183263199 0.022893671939110228
1151 0.41930808302444256 0.33497724749136104 0.02576389183263199 0.022893671939110228
1423 0.406247543916883 0.1626074989742358 0.039136911069925694 0.04840300790866543
1446 0.39720241533109496 0.23964750144569372 0.04086310217691826 0.05315417490485981
1426 0.3905556004476377 0.31815450342286 0.039136911069925694 0.04840300790866543
1425 0.3826910259455336 0.38419333889812357 0.03924603847458741 0.05152800790866543
897 0.36735869182478276 0.4380186758562619 0.048566474772256465 0.0503475098858317
875 0.3170313096107976 0.4306810197344825 0.04862103847458741 0.0519100098858317
853 0.3755928324762884 0.5393901748676788 0.048511911069925695 0.0487850098858317
841 0.3238666413692958 0.5368036857420936 0.04565972958157989 0.05647017589344294
1448 0.35522825797418434 0.6059383463124973 0.07331350362819711 0.08880251482874754
1447 0.3461558475372309 0.6821970987839553 0.07482143992586625 0.08730368182494211
1446 0.33867321895144276 0.7591734342592188 0.07476687622353531 0.0857411818249421
1441 0.33043662221682013 0.8369628532325797 0.0730952488188736 0.08255251482874755
796 0.28426351586355064 0.9037802801146058 0.048511911069925695 0.0487850098858317
1130 0.27241579109129416 0.8557566155898695 0.022638891832631992 0.02276633794672165
1156 0.2738865218540004 0.8306611150955778 0.022529764427970278 0.019641337946721647
1139 0.27653780670039074 0.7945644476050917 0.020967264427970277 0.019577670950527093
1157 0.278980760421255 0.774905863612703 0.02576389183263199 0.022893671939110228
1158 0.2822049641421193 0.7552154461222169 0.022638891832631992 0.02276633794672147
1120 0.286309621583848 0.7159301116355367 0.02409226442797028 0.019705004942915848
1159 0.28864344790005053 0.6931465276431478 0.02888889183263199 0.02302100593149916
1124 0.29022330606741853 0.6711760271488563 0.022420637023308564 0.01651633794672147
1121 0.29379225016963606 0.638953776160273 0.02732639183263199 0.022957338935304605
1125 0.29604423093234233 0.6138264421678843 0.02409226442797028 0.019705004942915848
1126 0.29929571650437203 0.5949172746773983 0.02732639183263199 0.022957338935304605
1127 0.3023016654159129 0.5689768571869124 0.02732639183263199 0.022957338935304605
1096 0.3485342807548571 0.39184401281440023 0.02576389183263199 0.022893671939110228
1147 0.3501141389222251 0.3698735123201086 0.025873019237293703 0.026018671939110227
1107 0.35550847785229944 0.3227120108372339 0.02420139183263199 0.02283000494291585
1146 0.35706105416850203 0.2999602603429423 0.02409226442797028 0.019705004942915848
741 0.36379963828925294 0.24648509186387316 0.028998019237293705 0.026146005931498982
1145 0.3653522146054555 0.22373334136958153 0.02420139183263199 0.02283000494291585
752 0.37281748502387557 0.1686638393924152 0.027435519237293704 0.02608233893530465
1129 0.3751513113400781 0.14588025540002642 0.02732639183263199 0.02295733893530465
446 0.40625248920022683 0.0507295814837498 0.06728175843752045 0.09479784684397005
952 0.34272570253973794 0.04627684482962265 0.04533234736759475 0.04709517589344296
4470 0.22128731150971417 0.8030746259699926 0.035520837748947987 0.03421317391627667
4471 0.22820694490482568 0.7323801239928264 0.035520837748947987 0.03421317391627667
4473 0.23776050497895945 0.6474957880232711 0.03541171034428618 0.031088173916276673
4472 0.24473470207640177 0.5783637860461048 0.03363095553496285 0.024774506920082116
951 0.19428830189106733 0.7916569649052972 0.018606156260602268 0.04132533695813834
1036 0.2012897808396751 0.7233062129281309 0.018551592558271414 0.039762836958138335
1074 0.21008937276497433 0.639234960456673 0.017098219962933127 0.04282416996194396
1063 0.21913450135076235 0.5621949579852151 0.016934528855940555 0.03813666996194396
705 0.19444704771471608 0.9082223823957832 0.029489092558271413 0.04020850593149916
2200 0.15596490107276068 0.8816253903044486 0.03541171034428627 0.031088173916276673
1560 0.11593017811460268 0.8777801487074057 0.03541171034428627 0.031088173916276673
2024 0.1663269929980599 0.7974904708367964 0.035520837748947987 0.03421317391627667
2080 0.17254722194666766 0.7291715523577272 0.03541171034428627 0.031088173916276673
2156 0.1815377868301249 0.6505690498862693 0.03379464664195542 0.029462006920082117
2189 0.1903646606065895 0.5672790474148114 0.03379464664195542 0.029462006920082117
1604 0.27672376814098537 0.41902327813743945 0.03379464664195542 0.029462006920082117
1888 0.2804018396478645 0.3899260271488562 0.03541171034428627 0.031088173916276673
1922 0.2823810018989166 0.35698619315646746 0.0321230192372937 0.026273339923887827
1605 0.28608635525696113 0.3286701921678843 0.03379464664195542 0.029462006920082207
1899 0.28812008121034405 0.2972928581754955 0.03541171034428627 0.031088173916276673
1933 0.2910169027172232 0.26822744068500953 0.032232146641955416 0.02939833992388783
1910 0.2953398149682752 0.23519210619832917 0.03374008293962447 0.027899506920082206
1944 0.29896332277282356 0.204532355209746 0.03379464664195542 0.029462006920082207
1606 0.3018874261308681 0.17624818771926 0.03374008293962456 0.027899506920082206
1954 0.30626490208425106 0.14477535323257965 0.03541171034428618 0.031088173916276628
1962 0.3083259098887993 0.11417926924019084 0.03374008293962456 0.027899506920082206
1608 0.3119494176933476 0.08351951825160768 0.03374008293962456 0.027899506920082206
706 0.296076391832632 0.014925345095358972 0.024801592558271413 0.029850690190717944
2211 0.25407986479079 0.017029696616508577 0.032232146641955416 0.02939833992388783
864 0.24986607994439963 0.05319003110318895 0.046949411069925694 0.048721342889637344
1561 0.21242807813030112 0.012801770988801933 0.03217758293962456 0.025603541977603866
1128 0.24449902286549077 0.1011327825860637 0.02576389183263199 0.022893671939110273
1428 0.25689238466105585 0.16478144711080017 0.06464783175849824 0.10873301285158128
1427 0.24195440934064516 0.3195153680613273 0.06297620435383652 0.1055443458553869
1133 0.23268604754508004 0.255739369544202 0.02420139183263199 0.02283000494291585
923 0.17964787149902994 0.3948137984033945 0.04533234736759484 0.04709517589344294
1840 0.19163695081045745 0.334865795437645 0.03541171034428627 0.031088173916276673
2222 0.19526045861500574 0.3042060444490618 0.032232146641955416 0.02939833992388783
1851 0.19888396641955403 0.27354629346047865 0.0321230192372937 0.026273339923887917
1807 0.20172622422410233 0.24291837596999266 0.032232146641955416 0.02939833992388783
1865 0.2053770138798161 0.21303987498140947 0.032232146641955416 0.02939833992388783
1818 0.2074380216843644 0.1824437909890207 0.032232146641955416 0.02939833992388783
1876 0.21265131134007814 0.15250162300424314 0.03541171034428627 0.031088173916276628
1829 0.21546628729346104 0.12109245551375714 0.03390377404661713 0.03258700692008221
1209 0.07958590643023829 0.6883648216350992 0.12566969962933108 0.4263953567298017
1210 0.10871034500534212 0.20420999752854208 0.17054569001068423 0.40841999505708415
4325 0.8820487406358073 0.9279288210664454 0.03066964664195524 0.029334672927693362
2376 0.889432165500731 0.8705155690892792 0.036755955534962935 0.024901840912470875
3253 0.8841618229424597 0.831612236579765 0.02576389183263217 0.02289367193911005
2844 0.9456300578815171 0.6875001392415034 0.019568455534962937 0.024201503954332716
2955 0.9710665343830541 0.452537548823324 0.01967758293962447 0.027326503954332716
4436 0.9217064629609929 0.8089586451730024 0.024747028855940555 0.03845500494291585
4436 0.8683756210356938 0.8948444070360004 0.019786710344286362 0.030451503954332538
3250 0.7990055729424596 0.8350820878723593 0.02356647477225664 0.049328837946721646
2718 0.9405233733131286 0.40684038825292024 0.02285714664195524 0.029016337946721472
2721 0.920047182206136 0.40298055920344733 0.021130955534962935 0.024265170950527094
2277 0.9843427728654908 0.19911145988801934 0.031314454269018556 0.03596667490485981
2263 0.9905282854793626 0.1503874584051446 0.01894342904127484 0.03539367193911027
3766 0.9437450547166563 0.07342305178907352 0.014880955534962936 0.024010502965749535
3877 0.9409027969121079 0.10405096927955951 0.016661710344286363 0.030324169961943915
2757 0.8696924850238755 0.1484177346025987 0.02452877404661713 0.03220500494291585
4372 0.8379514117028979 0.13562857452648652 0.01526290145127902 0.034948002965749535
3343 0.8299702753125615 0.2431373269979445 0.02044147477225664 0.04920150395433272
2878 0.8226587723173366 0.28020624547701367 0.028998019237293705 0.026146005931498982
2249 0.7970238552569612 0.30785108441231823 0.01967758293962447 0.027326503954332716
2749 0.7859797170525262 0.3724547538799706 0.01967758293962447 0.027326503954332716
4210 0.8000893462712865 0.41803916791041545 0.020277783665263983 0.04451400395433271
3089 0.7742907381039185 0.4409965068457201 0.025982146641955417 0.029143671939110227
3079 0.7499355788480913 0.43807709528673316 0.025982146641955417 0.029143671939110227
2249 0.7363864887368907 0.5653717657429687 0.016334328130301046 0.02094916996194396
3210 0.8255407579741842 0.5867745804579856 0.019568455534962937 0.024201503954332716
3340 0.8183855116023814 0.6731259159332492 0.01860615626060209 0.04132533695813834
2728 0.7793478042533201 0.6082158403438174 0.01153770072563951 0.017633168973360824
4370 0.7767709304768553 0.6912511748304977 0.014990082939624472 0.02713550296574958
4436 0.7897545693142625 0.749399255857137 0.01844246515360979 0.03663783695813834
2644 0.7637922700399018 0.7676690947924416 0.01767857332097762 0.014762836958138337
2728 0.7588517988958424 0.8054237627772192 0.014662700725639511 0.017760502965749582
4371 0.7542858391845284 0.8987108477581913 0.016825401451278664 0.03501166996194414
4326 0.7519196863824872 0.29325934380385843 0.03363095553496294 0.024774506920082207
2376 0.7521280175080132 0.27682126030576126 0.04155258293962447 0.028217841901054187
3120 0.7210863486335393 0.2616565167315519 0.02888889183263199 0.023021005931499073
3011 0.6894841737686155 0.32005660714973133 0.025873019237293703 0.026018671939110227
2685 0.661696479666398 0.3532656965793275 0.016661710344286363 0.03032416996194396
2889 0.6625347825689556 0.42207936357552195 0.028998019237293705 0.026146005931499162
3111 0.6677530506251229 0.5267031965793276 0.025873019237293703 0.026018671939110404
2685 0.6251315302067029 0.5832052059708677 0.013536710344286185 0.030196835969555025
3386 0.6056201275742977 0.629377210419492 0.0321230192372937 0.026273339923887917
3399 0.5809127934535467 0.6835845493547966 0.035302582939624474 0.027963173916276673
3404 0.5432218204953888 0.6796438072634621 0.030451391832631992 0.02308467292769336
4303 0.568375587918584 0.6606245518262546 0.02888889183263199 0.02302100593149916
4312 0.5448016786627569 0.6576733067691704 0.0321230192372937 0.026273339923887917
3489 0.5777729244864057 0.7729017173395742 0.019786710344286362 0.030451503954332715
2769 0.6075323463561044 0.7513477109137836 0.021130955534962935 0.024265170950527094
2745 0.6066072526167068 0.7920682114080752 0.014662700725639511 0.017760502965749582
4436 0.7679416006172737 0.9537020952867332 0.027708337748947896 0.03389483893530461
2644 0.7440775146824243 0.9648451837277463 0.01606150961864685 0.013136669961944136
2769 0.5840477502544541 0.9525892173395742 0.01967758293962447 0.02732650395433254
3372 0.5430011096029483 0.8525547252482395 0.03541171034428636 0.031088173916276673
3373 0.5123686684959559 0.8491087316740302 0.035520837748947896 0.03421317391627667
3341 0.48380964807753574 0.905037738099821 0.01731647477225664 0.049074169961944136
3100 0.4765006011654279 0.7629457385941125 0.029107146641955416 0.029271005931499162
3069 0.48986864200226804 0.6528704016359741 0.028998019237293705 0.026146005931498982
3390 0.5161483998068163 0.6212874792025722 0.032232146641955416 0.029398339923887917
2766 0.5386310350160264 0.5929887242596564 0.011755955534962758 0.023883168973360826
2644 0.6349380614248961 0.46075720300511824 0.016443455534962938 0.02407416996194378
2644 0.5468924244015876 0.4486975547920041 0.010138891832631992 0.02225700197716627
2775 0.4674132555271136 0.43550648809982084 0.01822421034428636 0.030387836958138337
3385 0.5991716870154594 0.4223141269213947 0.035302582939624474 0.027963173916276673
3381 0.6453373588851582 0.400091617035563 0.03541171034428636 0.031088173916276673
4353 0.5875694989036917 0.38132171239665835 0.028998019237293705 0.026146005931498982
2728 0.5771577885594054 0.3520162143738247 0.01655258293962447 0.027199169961943957
2775 0.5605332837500819 0.34643471783386576 0.018387901451278842 0.03507533695813834
4341 0.5699653366526396 0.414898216350991 0.017896828130301044 0.021012836958138336
4351 0.5332813029873756 0.37258072376536483 0.025873019237293703 0.026018671939110227
3389 0.5401860674153459 0.39107605578058724 0.03363095553496276 0.024774506920082297
3382 0.48913199890369163 0.38533273315690497 0.035302582939624474 0.027963173916276673
4352 0.4812748588851582 0.40677665163597415 0.021130955534962935 0.024265170950527094
2644 0.47720242857793876 0.3349653186321685 0.01822421034428636 0.030387836958138337
3339 0.5363195452676454 0.7284314757425312 0.018387901451278842 0.03507533695813834
2249 0.4452878067003908 0.7876884120160975 0.019568455534962937 0.024201503954332716
2911 0.3658508217613332 0.9325326798105946 0.02409226442797028 0.019705004942915848
4343 0.38241083918452834 0.9138635928524564 0.022638891832631992 0.02276633794672165
2933 0.41857153927719554 0.8067713344494993 0.027435519237293704 0.026082338935304605
4363 0.36541182294245955 0.8527496793163032 0.01655258293962447 0.027199169961944138
3387 0.38030021296099303 0.831019259354359 0.03206845553496285 0.024710839923887562
4367 0.37537461078407475 0.7795840933467479 0.016661710344286273 0.03032416996194378
3391 0.3878919689514428 0.7571679238790956 0.03374008293962456 0.02789950692008212
4368 0.3821032712210283 0.7034208413695815 0.016661710344286273 0.03032416996194378
3392 0.3961285656860654 0.6793785049057348 0.030451391832631992 0.02308467292769336
4369 0.3910119905509892 0.6224745888981236 0.0183333377489479 0.03351283695813834
3393 0.40980663056952266 0.6005850014456937 0.035193455534962934 0.024838173916276674
3690 0.44222726096940923 0.5656224110275143 0.02576389183263199 0.022893671939110228
2956 0.38775552657850587 0.5068177554000264 0.024310519237293705 0.02595500494291585
3000 0.37553577957373074 0.4705446743733871 0.02576389183263199 0.022893671939110405
2944 0.3375372717691824 0.5026050992782469 0.02576389183263199 0.022893671939110228
2978 0.32763399291324186 0.4654552677573161 0.02409226442797028 0.019705004942915848
3383 0.4093279370154594 0.43004966695901337 0.035302582939624474 0.027963173916276673
3400 0.43631453375008195 0.3514962440313199 0.03374008293962447 0.027899506920082206
4347 0.40507445743387943 0.3754576674533049 0.018497028855940557 0.038200336958138334
4348 0.41202137268015626 0.30554441547613853 0.015481156260602091 0.04119800296574958
4346 0.4203943786706061 0.2316612465027778 0.016934528855940555 0.03813666996194396
3398 0.44973713828925294 0.2429834070731816 0.0321230192372937 0.026273339923887827
3397 0.4521974501774853 0.2014179895826956 0.03374008293962447 0.027899506920082206
2867 0.46037204872620646 0.16666098760552928 0.02732639183263199 0.02295733893530465
2685 0.48883435462398894 0.19757806517212742 0.01956845553496276 0.024201503954332716
3401 0.5078646076192139 0.16003164422160032 0.030342264427970278 0.01995967292769345
3403 0.5015947602516191 0.1149101452101835 0.03363095553496294 0.024774506920082207
3182 0.49985864546082903 0.0875982287082807 0.025873019237293703 0.026018671939110248
3047 0.4796453491816933 0.06886281616071059 0.02420139183263199 0.02283000494291587
4344 0.47217015507947585 0.10124423463977976 0.018497028855940557 0.038200336958138334
3342 0.6213963395630465 0.05056911950702096 0.02016865626060227 0.04138900395433272
2600 0.5606398888374071 0.03583279886050504 0.036755955534962935 0.024901840912471006
4317 0.5564434621583848 0.05008629984908821 0.020967264427970277 0.019577670950527093
4354 0.5718601310328587 0.06588771338524149 0.018551592558271324 0.039762836958138315
4316 0.594253486205002 0.07984012543852001 0.027435519237293704 0.02608233893530465
3384 0.6255853317584983 0.08091053551463219 0.036755955534962935 0.024901840912471006
3168 0.6168650961864685 0.10004253749179855 0.02888889183263199 0.023021005931499073
3269 0.5675124261308682 0.16542479836621346 0.014880955534962936 0.02401050296574949
3402 0.5840104453681618 0.18978812840426956 0.0321230192372937 0.026273339923887827
2644 0.6741915012659444 0.21819035962118924 0.011865082939624471 0.027008168973360825
2775 0.5885541016287641 0.23028579441188074 0.014880955534962936 0.02401050296574958
2784 0.5738095553496283 0.2113275473776303 0.013318455534962937 0.023946835969555113
3584 0.4082539880191004 0.130448914981847 0.02576389183263199 0.022893671939110228
3584 0.39845489128447775 0.2083020009514021 0.02732639183263199 0.022957338935304605
2845 0.3621379345683886 0.2661118423581647 0.02732639183263199 0.022957338935304696
3584 0.3917262308475243 0.28446525292856845 0.027435519237293704 0.026082338935304605
3584 0.3840253474524128 0.355191588403832 0.024310519237293705 0.02595500494291585
3396 0.34948665634542025 0.35190476232010864 0.03519345553496276 0.024838173916276584
3232 0.335168696001134 0.322758431787761 0.019459328130301136 0.021076503954332713
3395 0.35635172603820087 0.27964776034294225 0.0321230192372937 0.026273339923887827
3394 0.36477929573098156 0.20732709136958155 0.03363095553496285 0.024774506920082207
2856 0.3719915950053421 0.1898212563886096 0.021021828130301134 0.021140170950527094
3379 0.3744965469121079 0.12713025540002643 0.03374008293962447 0.027899506920082206
3157 0.3963889050794759 0.10433208395520772 0.02420139183263199 0.02283000494291585
2249 0.3789806610699257 0.03149942041905446 0.013318455534962758 0.023946835969555137
3058 0.3613839333024443 0.020481007377192762 0.025982146641955417 0.02914367193911027
3154 0.33856648139567846 0.08399967931630303 0.027435519237293704 0.02608233893530465
3921 0.3356423780376339 0.112283846806789 0.020967264427970277 0.019577670950527093
3911 0.3301934754052287 0.15788284828966376 0.025873019237293703 0.026018671939110272
3145 0.3272420901960187 0.18538576578014973 0.02732639183263199 0.022957338935304696
3900 0.3256349501774852 0.2065750162744413 0.025873019237293703 0.026018671939110227
3866 0.3233284057124481 0.23013985026683015 0.02420139183263199 0.02283000494291585
3889 0.31989587086605775 0.26626835125541326 0.022748019237293703 0.025891337946721472
3855 0.31627236306150946 0.29692810224399646 0.025873019237293703 0.026018671939110227
3135 0.31313000489414144 0.31896226973448244 0.024310519237293705 0.02595500494291585
3878 0.30910719300590916 0.3605913542211628 0.025873019237293703 0.026018671939110227
3844 0.3078274352013608 0.3911556047154544 0.029107146641955416 0.029271005931498985
3221 0.3279489622432028 0.38485918376492734 0.017896828130301135 0.021012836958138336
3377 0.2764931335647475 0.5692461126241198 0.0321230192372937 0.026273339923887917
3376 0.2725968072485449 0.592093363612703 0.03363095553496285 0.024774506920082116
3375 0.2717981990811769 0.6140320306088973 0.030342264427970278 0.01995967292769336
3371 0.2702456227649743 0.6367837811031889 0.02888889183263199 0.023021005931498983
3374 0.2651141786627568 0.6690696990879665 0.0321230192372937 0.026273339923887917
3408 0.2658507886442234 0.6901634490879666 0.027435519237293704 0.026082338935304605
3370 0.25740337158384796 0.7171079510651328 0.0321230192372937 0.026273339923887917
3407 0.25949415043978846 0.7545761175670357 0.02732639183263199 0.022957338935304605
3406 0.25632451042125504 0.7758290350575217 0.02420139183263199 0.02283000494291585
3388 0.25455367929572903 0.7923307855518132 0.022529764427970278 0.019641337946721647
3405 0.25117570815166956 0.8300217865403964 0.027435519237293704 0.026082338935304605
3380 0.24881459998430158 0.8520241205327853 0.027435519237293704 0.026082338935304962
2900 0.25311271958441495 0.8854905365403963 0.02420139183263199 0.02283000494291585
4327 0.19849714145411382 0.8673745479091028 0.03206845553496285 0.024710839923887562
2378 0.19831609217975324 0.8845938814072001 0.041334328130301135 0.021967841901054184
3561 0.2292188625981733 0.8285693744871179 0.016334328130301133 0.020949169961944136
3563 0.2361384959932848 0.7578748725099516 0.017896828130301044 0.021012836958138336
3057 0.1915278896400153 0.8246286323957832 0.019459328130301136 0.021076503954332537
4168 0.15902541368663242 0.8572474728139626 0.021021828130301134 0.021140170950527094
3577 0.11899069072847443 0.8534022312169196 0.03363095553496285 0.024774506920082474
3985 0.1419445518910673 0.7937898092778093 0.021021828130301134 0.021140170950527094
4046 0.14969999898850966 0.7246259738025459 0.019568455534962847 0.024201503954332716
4122 0.15810028683012486 0.6515240548291852 0.019568455534962847 0.024201503954332716
4157 0.16713549173211553 0.55179596885963 0.019568455534962847 0.024201503954332716
3127 0.2461186088851582 0.4163585345632301 0.02732639183263199 0.022957338935304605
4349 0.23686017077339053 0.37527061954420204 0.024310519237293705 0.02595500494291585
3386 0.2594940842055689 0.2616882806088974 0.03686508293962456 0.02802684091247105
4350 0.25344249164729754 0.2228167815974805 0.025873019237293703 0.026018671939110227
3378 0.27348711841898704 0.10229869315646747 0.03374008293962456 0.027899506920082206
4328 0.2867485210513922 0.056381356692620746 0.03195932813030113 0.02158583992388783
2377 0.29086310217691824 0.03978410570403758 0.03977182813030104 0.021904174904859786
4179 0.2791889921954517 0.019136024677398316 0.016334328130301133 0.020949169961943914
3578 0.2109846292187602 0.03756237250995154 0.035248019237293704 0.026400673916276617
2967 0.22897322658635505 0.08220636904991044 0.02576389183263199 0.022893671939110273
3789 0.18874009618646848 0.11748729444906178 0.024310519237293705 0.02595500494291585
2784 0.17446926506094246 0.1344983809129085 0.014771828130301135 0.02088550296574949
3833 0.18678821578658186 0.15120837844145057 0.021021828130301134 0.021140170950527094
3778 0.1824380216843644 0.18346246292813095 0.022638891832631992 0.02276633794672147
3822 0.17806054573098154 0.21493529741481132 0.02420139183263199 0.02283000494291585
3767 0.1765625331171098 0.23924954790910294 0.02576389183263199 0.022893671939110228
3811 0.17506452050323806 0.2635637984033945 0.027435519237293704 0.026082338935304695
4436 0.16079368937771205 0.28057488486724125 0.01800595553496285 0.024137836958138335
4190 0.17249508121034401 0.3020042158938805 0.019459328130301136 0.021076503954332713
3800 0.1662004411918106 0.32338446737675525 0.022693455534962846 0.02432883794672147
3252 0.1497321930059091 0.3670853878329908 0.018660719962933125 0.04288783695813834
3251 0.13207844545297984 0.5336653927759066 0.02345734736759484 0.04620383794672147
2784 0.12514145389050033 0.6262667282511701 0.016334328130301133 0.02094916996194396
4436 0.11094752303512678 0.7574994822055029 0.017896828130301135 0.021012836958138336
2766 0.45907994427185345 0.6001419910655704 0.013209328130301045 0.020821835969555023
4345 0.4299752205959053 0.1475581605332227 0.015372028855940556 0.03807300296574949
2249 0.6161756154237622 0.12510620448799292 0.00997520072563951 0.017569501977166356
3027 0.1840005548014742 0.42984271441100574 0.02420139183263199 0.02283000494291585
2266 0.22894103256895565 0.43974695501946554 0.04796627404661713 0.0331600098858317
2597 0.23134926995508387 0.4639020380232711 0.09516865626060227 0.044445019771663395
3452 0.22826147549004672 0.4874987055137572 0.1318154843909034 0.06622186068413463
170 0.6756251258450172 0.9089572810660078 0.12909227767481415 0.12228085969555132
170 0.6995363078815171 0.6975276911421201 0.12763890507947587 0.12534219269935692
170 0.7664484339354164 0.12680667285333133 0.12752977767481433 0.12221719269935694
20 0.7949058276669649 0.5160455863894846 0.03919147477225664 0.04996550790866543
21 0.7325050313878293 0.4990291827391631 0.03595734736759475 0.046713173916276676
19 0.8274479652384276 0.32773516148462484 0.03601191106992587 0.04827567391627659
19 0.6407490294889128 0.13427561604697985 0.03294147477225664 0.04971083992388783
18 0.47132451704467704 0.8163572400769873 0.03472222958157989 0.056024506920082116
18 0.4815948397326825 0.7071904871112377 0.032886911069925695 0.048148339923887916
10 0.32833840887730903 0.8440896037268711 0.031324411069925694 0.04808467292769336
10 0.3365477237607662 0.7655189347535105 0.03126984736759475 0.04652217292769336
10 0.3448116023465543 0.6885107657801498 0.032886911069925695 0.048148339923887916
10 0.3530481990811769 0.610721346806789 0.031215283665263983 0.04495967292769336
75 0.23880212748947974 0.318861452053716 0.0387549651536097 0.03746550790866543
75 0.25435766170289786 0.15940819760509176 0.035520837748947896 0.03421317391627658
279 0.19520589491267487 0.3026435444490618 0.011537700725639422 0.017633168973360737
279 0.2032341605217715 0.24129220897379824 0.01466270072563942 0.017760502965749582
279 0.2081374261308681 0.1800682074909235 0.011537700725639422 0.017633168973360737
279 0.2146304735911302 0.11956178901185435 0.011428573320977709 0.014508168973360736
209 0.19160966895929202 0.334084545437645 0.013100200725639421 0.0176968359695552
209 0.2110069657865819 0.15022154000043753 0.01142857332097762 0.014508168973360736
209 0.2037326683263198 0.21075979197760386 0.011537700725639422 0.017633168973360737
209 0.1980754345683886 0.27279687695857585 0.011537700725639422 0.017633168973360737
19 0.40034722958158 0.038452415970430164 0.032941474772256465 0.04971083992388783
89 0.5457986280376339 0.10372063581864335 0.026473219962933215 0.04320617193911027
84 0.6209052993591786 0.2829505379860901 0.061994057711881115 0.0774193458553869
84 0.5306250397405318 0.27411139026726766 0.06355655771188111 0.07748301285158128