740 0.0421875 0.36953125 0.04375 0.04375
852 0.04140625 0.60078125 0.0421875 0.0390625
1557 0.0953125 0.8453125 0.0296875 0.02421875
1559 0.0953125 0.88125 0.03125 0.02578125
1921 0.0953125 0.9125 0.03203125 0.02265625
1806 0.0953125 0.94296875 0.03125 0.02890625
1211 0.0984375 0.39921875 0.03828125 0.40546875
703 0.0875 0.1203125 0.02421875 0.0328125
1208 0.14453125 0.49375 0.05625 0.80546875
500 0.19921875 0.37109375 0.0234375 0.06953125
1085 0.203125 0.425 0.0234375 0.01953125
542 0.20234375 0.5859375 0.02421875 0.0453125
456 0.2078125 0.67421875 0.05 0.0859375
774 0.1890625 0.72578125 0.02265625 0.01953125
503 0.1890625 0.77578125 0.0265625 0.06796875
1451 0.290625 0.884375 0.16015625 0.2171875
704 0.2859375 0.75234375 0.01953125 0.03046875
426 0.22734375 0.50078125 0.06328125 0.10546875
423 0.2921875 0.49765625 0.06328125 0.10546875
1449 0.3 0.31796875 0.1640625 0.2015625
1450 0.3 0.10546875 0.1640625 0.2046875
433 0.34140625 0.44140625 0.0515625 0.0421875
785 0.34921875 0.5421875 0.0421875 0.0453125
908 0.34140625 0.64296875 0.03984375 0.0421875
435 0.3375 0.76484375 0.0515625 0.0359375
502 0.41171875 0.93515625 0.0421875 0.0421875
1135 0.40390625 0.903125 0.0203125 0.01171875
455 0.4046875 0.8421875 0.05859375 0.090625
1153 0.43984375 0.7953125 0.0203125 0.01953125
1348 0.459375 0.8453125 0.03125 0.05703125
695 0.4671875 0.93515625 0.01875 0.0328125
1131 0.38515625 0.609375 0.0203125 0.02109375
1136 0.39921875 0.56640625 0.0203125 0.01953125
1137 0.39765625 0.3796875 0.02421875 0.02265625
1419 0.42578125 0.475 0.078125 0.1734375
682 0.4359375 0.34765625 0.01953125 0.0328125
1150 0.4171875 0.28828125 0.0203125 0.01796875
499 0.42578125 0.2546875 0.04296875 0.0390625
1805 0.4359375 0.2171875 0.03046875 0.02578125
1155 0.45 0.2859375 0.01953125 0.01640625
691 0.4546875 0.35 0.01875 0.03046875
1431 0.409375 0.70234375 0.07890625 0.1671875
1122 0.440625 0.10859375 0.0203125 0.01640625
501 0.459375 0.06953125 0.04375 0.0390625
1123 0.46953125 0.109375 0.02265625 0.01796875
430 0.50703125 0.1625 0.0515625 0.078125
420 0.50859375 0.2703125 0.05390625 0.0828125
1141 0.4875 0.38046875 0.021875 0.01796875
1430 0.51484375 0.47421875 0.078125 0.1625
1140 0.4859375 0.56484375 0.0234375 0.02265625
1132 0.5421875 0.6109375 0.01953125 0.01796875
1429 0.5140625 0.70234375 0.07421875 0.1640625
1432 0.509375 0.871875 0.0578125 0.090625
696 0.528125 0.93515625 0.01953125 0.0328125
1057 0.5515625 0.9015625 0.021875 0.01796875
1154 0.5515625 0.8421875 0.0203125 0.01953125
1152 0.54375 0.79609375 0.02421875 0.02109375
830 0.565625 0.13359375 0.03984375 0.040625
1421 0.5890625 0.0890625 0.028125 0.0359375
807 0.6359375 0.05703125 0.03984375 0.0390625
1138 0.6046875 0.15703125 0.02265625 0.02109375
1142 0.6046875 0.2359375 0.0234375 0.02109375
1143 0.6046875 0.31171875 0.0234375 0.02578125
1420 0.56171875 0.35859375 0.0265625 0.0359375
1144 0.59453125 0.38984375 0.0265625 0.01953125
1160 0.565625 0.3890625 0.02265625 0.02109375
940 0.5921875 0.93671875 0.03828125 0.0421875
1422 0.60078125 0.87421875 0.0265625 0.05
763 0.5890625 0.828125 0.021875 0.01640625
1148 0.6125 0.78984375 0.021875 0.01796875
1149 0.6125 0.71171875 0.02265625 0.01796875
1134 0.6125 0.565625 0.02265625 0.01796875
1151 0.6125 0.634375 0.021875 0.01953125
1423 0.64375 0.80390625 0.03046875 0.0421875
1446 0.64453125 0.7265625 0.0328125 0.046875
1426 0.64296875 0.64765625 0.03203125 0.0421875
1425 0.64375 0.58125 0.03125 0.0453125
897 0.65390625 0.5265625 0.03984375 0.04375
875 0.7046875 0.52890625 0.040625 0.0453125
853 0.63515625 0.4265625 0.03984375 0.0421875
841 0.68671875 0.42421875 0.03828125 0.05
1448 0.6484375 0.35859375 0.05859375 0.078125
1447 0.64921875 0.28203125 0.06171875 0.0765625
1446 0.6484375 0.2046875 0.0625 0.075
1441 0.6484375 0.1265625 0.0609375 0.07109375
796 0.6875 0.05546875 0.040625 0.0421875
1130 0.7046875 0.10234375 0.01953125 0.01953125
1156 0.70546875 0.12734375 0.0203125 0.01484375
1139 0.70703125 0.16328125 0.01953125 0.01484375
1157 0.70625 0.1828125 0.021875 0.01796875
1158 0.70546875 0.203125 0.01875 0.01953125
1120 0.70546875 0.2421875 0.02265625 0.01640625
1159 0.70546875 0.26484375 0.02421875 0.01953125
1124 0.70625 0.2875 0.0203125 0.01328125
1121 0.70546875 0.31953125 0.02265625 0.01953125
1125 0.70625 0.34453125 0.021875 0.01640625
1126 0.7046875 0.3640625 0.0234375 0.01796875
1127 0.7046875 0.38984375 0.0234375 0.01953125
1096 0.67734375 0.5703125 0.02265625 0.01796875
1147 0.678125 0.5921875 0.021875 0.02265625
1107 0.67734375 0.63984375 0.0203125 0.01953125
1146 0.678125 0.6625 0.021875 0.01640625
741 0.67734375 0.71640625 0.02421875 0.02109375
1145 0.678125 0.7390625 0.0203125 0.01796875
752 0.6765625 0.79453125 0.0234375 0.02109375
1129 0.6765625 0.81796875 0.0234375 0.01953125
446 0.65546875 0.91484375 0.053125 0.0859375
952 0.71875 0.91328125 0.0390625 0.040625
4470 0.7609375 0.14921875 0.03125 0.02890625
4471 0.7609375 0.2203125 0.03046875 0.02734375
4473 0.7609375 0.30546875 0.03203125 0.02578125
4472 0.7609375 0.375 0.03125 0.01953125
951 0.7890625 0.1578125 0.01171875 0.0390625
1036 0.7890625 0.2265625 0.01171875 0.0375
1074 0.7890625 0.3109375 0.009375 0.040625
1063 0.78828125 0.38828125 0.0109375 0.0359375
705 0.7765625 0.0421875 0.0234375 0.0359375
2200 0.8171875 0.06484375 0.03046875 0.02578125
1560 0.8578125 0.06484375 0.03203125 0.02578125
2024 0.815625 0.14921875 0.03046875 0.02890625
2080 0.8171875 0.21796875 0.03125 0.02421875
2156 0.81640625 0.296875 0.0296875 0.02578125
2189 0.81640625 0.38046875 0.0296875 0.02421875
1604 0.74609375 0.53671875 0.0296875 0.02421875
1888 0.7453125 0.565625 0.03046875 0.02421875
1922 0.746875 0.5984375 0.028125 0.02109375
1605 0.74609375 0.62734375 0.0296875 0.02421875
1899 0.746875 0.65859375 0.03046875 0.02421875
1933 0.746875 0.6875 0.028125 0.02421875
1910 0.74609375 0.72109375 0.0296875 0.02265625
1944 0.74609375 0.7515625 0.0296875 0.02578125
1606 0.74609375 0.78046875 0.0296875 0.02265625
1954 0.7453125 0.81171875 0.03046875 0.02578125
1962 0.74609375 0.8421875 0.0296875 0.02265625
1608 0.74609375 0.8734375 0.0296875 0.02265625
706 0.76953125 0.9453125 0.01953125 0.0375
2211 0.81015625 0.93359375 0.028125 0.02578125
864 0.8109375 0.89765625 0.0390625 0.0421875
1561 0.85234375 0.93515625 0.028125 0.02265625
1128 0.8109375 0.84921875 0.02265625 0.01953125
1428 0.7921875 0.7875 0.04609375 0.10078125
1427 0.790625 0.63203125 0.046875 0.09609375
1133 0.80625 0.69453125 0.0203125 0.01953125
923 0.84453125 0.55078125 0.0390625 0.040625
1840 0.8390625 0.61171875 0.03046875 0.02578125
2222 0.8390625 0.6421875 0.02734375 0.02421875
1851 0.83828125 0.6734375 0.028125 0.02265625
1807 0.8390625 0.70390625 0.02734375 0.02421875
1865 0.83828125 0.734375 0.028125 0.02421875
1818 0.8390625 0.76484375 0.028125 0.02578125
1876 0.8375 0.7953125 0.03125 0.02578125
1829 0.8375 0.8265625 0.0296875 0.02890625
1209 0.93828125 0.24609375 0.1046875 0.4109375
1210 0.9375 0.74921875 0.09765625 0.4265625
4325 0.090625 0.090625 0.0265625 0.02578125
2376 0.0890625 0.1484375 0.03515625 0.01796875
3253 0.0984375 0.18671875 0.02265625 0.01953125
2844 0.05234375 0.3359375 0.01484375 0.02265625
2955 0.0515625 0.571875 0.01640625 0.02421875
4436 0.06328125 0.2125 0.01953125 0.0359375
4436 0.1078125 0.121875 0.01640625 0.02890625
3250 0.1828125 0.17421875 0.015625 0.046875
2718 0.08671875 0.6140625 0.01875 0.02421875
2721 0.1078125 0.615625 0.0171875 0.02265625
2277 0.05234375 0.8265625 0.0515625 0.02890625
2263 0.04921875 0.875 0.04375 0.02890625
3766 0.11875 0.9453125 0.0109375 0.02109375
3877 0.11796875 0.91484375 0.0125 0.02734375
2757 0.184375 0.8640625 0.0203125 0.02734375
4372 0.2171875 0.8734375 0.009375 0.0328125
3343 0.2140625 0.765625 0.01171875 0.046875
2878 0.2171875 0.728125 0.025 0.02109375
2249 0.23984375 0.6984375 0.01484375 0.02578125
2749 0.24375 0.6328125 0.01640625 0.02578125
4210 0.225 0.5890625 0.0125 0.0421875
3089 0.2484375 0.5640625 0.02265625 0.02421875
3079 0.2734375 0.5640625 0.021875 0.02421875
2249 0.2734375 0.43671875 0.01171875 0.01953125
3210 0.1828125 0.42421875 0.015625 0.02109375
3340 0.18046875 0.3375 0.0125 0.0390625
2728 0.22578125 0.3984375 0.009375 0.01484375
4370 0.2203125 0.315625 0.0109375 0.02421875
4436 0.20078125 0.25859375 0.0125 0.034375
2644 0.225 0.23828125 0.01484375 0.01328125
2728 0.22578125 0.2 0.0125 0.01640625
4371 0.22109375 0.10703125 0.0109375 0.0328125
4326 0.28671875 0.70859375 0.03203125 0.01796875
2376 0.2875 0.725 0.03828125 0.02109375
3120 0.3203125 0.73671875 0.025 0.01953125
3011 0.3453125 0.67578125 0.021875 0.02109375
2685 0.36953125 0.63984375 0.0125 0.02890625
2889 0.36171875 0.571875 0.02421875 0.02109375
3111 0.3453125 0.46796875 0.02265625 0.02109375
2685 0.38203125 0.4078125 0.009375 0.02890625
3386 0.396875 0.36015625 0.028125 0.02265625
3399 0.415625 0.30390625 0.03046875 0.02265625
3404 0.453125 0.30390625 0.02734375 0.01953125
4303 0.43046875 0.325 0.025 0.01953125
4312 0.45390625 0.32578125 0.02734375 0.02109375
3489 0.409375 0.21484375 0.01640625 0.02734375
2769 0.38203125 0.2390625 0.0171875 0.02109375
2745 0.37890625 0.1984375 0.01171875 0.01640625
4436 0.20078125 0.053125 0.02265625 0.03046875
2644 0.2234375 0.0359375 0.01171875 0.01953125
2769 0.384375 0.03671875 0.015625 0.02421875
3372 0.4359375 0.13203125 0.03046875 0.02421875
3373 0.46640625 0.13203125 0.03046875 0.02734375
3341 0.4890625 0.07421875 0.009375 0.046875
3100 0.5109375 0.2140625 0.02421875 0.02578125
3069 0.509375 0.325 0.025 0.02265625
3390 0.48671875 0.359375 0.028125 0.02421875
2766 0.4671875 0.3890625 0.0078125 0.02109375
2644 0.38515625 0.53046875 0.0125 0.02265625
2644 0.47421875 0.53359375 0.00703125 0.02109375
2775 0.5546875 0.5390625 0.0140625 0.02890625
3385 0.425 0.56484375 0.03046875 0.02265625
3381 0.38125 0.59140625 0.03046875 0.02421875
4353 0.440625 0.6046875 0.02421875 0.02109375
2728 0.45390625 0.6328125 0.01171875 0.02578125
2775 0.47109375 0.63671875 0.0125 0.0328125
4341 0.4546875 0.56953125 0.0140625 0.01953125
4351 0.4953125 0.6078125 0.02265625 0.02109375
3389 0.48671875 0.58984375 0.03203125 0.01796875
3382 0.53828125 0.590625 0.03203125 0.02265625
4352 0.54375 0.56875 0.0171875 0.02109375
2644 0.55546875 0.63984375 0.0140625 0.02890625
3339 0.45546875 0.2546875 0.0125 0.0328125
2249 0.53984375 0.18671875 0.01484375 0.02265625
2911 0.603125 0.03515625 0.021875 0.01484375
4343 0.5890625 0.05546875 0.01953125 0.01953125
2933 0.5640625 0.16484375 0.0234375 0.02109375
4363 0.6125 0.1140625 0.01171875 0.02421875
3387 0.6 0.1375 0.0296875 0.01796875
4367 0.61015625 0.1875 0.01171875 0.02734375
3391 0.6 0.21171875 0.0296875 0.02109375
4368 0.6109375 0.2640625 0.0125 0.02734375
3392 0.6 0.28984375 0.028125 0.01796875
4369 0.6109375 0.3453125 0.0125 0.03046875
3393 0.59453125 0.36953125 0.0328125 0.01796875
3690 0.565625 0.40703125 0.021875 0.01796875
2956 0.62578125 0.46015625 0.0203125 0.02109375
3000 0.6421875 0.4953125 0.021875 0.01953125
2944 0.6765625 0.459375 0.021875 0.01953125
2978 0.690625 0.4953125 0.02265625 0.01640625
3383 0.6125 0.53828125 0.03125 0.02109375
3400 0.59375 0.61953125 0.0296875 0.02109375
4347 0.62265625 0.5921875 0.0125 0.0359375
4348 0.62265625 0.6625 0.00859375 0.0390625
4346 0.62265625 0.73671875 0.0109375 0.0359375
3398 0.5921875 0.728125 0.02734375 0.02109375
3397 0.59375 0.7703125 0.0296875 0.02109375
2867 0.58984375 0.80546875 0.0234375 0.01953125
2685 0.5578125 0.77734375 0.01640625 0.02265625
3401 0.54296875 0.81640625 0.02734375 0.01640625
3403 0.55390625 0.8609375 0.03046875 0.01796875
3182 0.55859375 0.8875 0.021875 0.02109375
3047 0.58046875 0.9046875 0.0203125 0.01796875
4344 0.584375 0.871875 0.01171875 0.0359375
3342 0.44140625 0.93671875 0.0140625 0.0390625
2600 0.503125 0.9453125 0.03515625 0.01796875
4317 0.50625 0.93046875 0.01953125 0.01640625
4354 0.4890625 0.91640625 0.0125 0.0375
4316 0.465625 0.9046875 0.0234375 0.02109375
3384 0.434375 0.90703125 0.034375 0.01796875
3168 0.440625 0.88671875 0.02421875 0.01953125
3269 0.4828125 0.8171875 0.0109375 0.02109375
3402 0.4640625 0.79453125 0.028125 0.02109375
2644 0.37109375 0.775 0.0078125 0.02421875
2775 0.45546875 0.7546875 0.0109375 0.02265625
2784 0.471875 0.771875 0.00859375 0.02109375
3584 0.6453125 0.8359375 0.02265625 0.01953125
3584 0.646875 0.7578125 0.0234375 0.01953125
2845 0.6765625 0.696875 0.0234375 0.01796875
3584 0.6453125 0.68125 0.0234375 0.02109375
3584 0.6453125 0.61015625 0.0203125 0.02265625
3396 0.68046875 0.61015625 0.0328125 0.01953125
3232 0.69765625 0.63828125 0.01484375 0.01953125
3395 0.68125 0.6828125 0.028125 0.02109375
3394 0.68046875 0.75546875 0.03203125 0.01796875
2856 0.675 0.7734375 0.0171875 0.01796875
3379 0.67890625 0.8359375 0.0296875 0.02265625
3157 0.659375 0.8609375 0.0203125 0.01796875
2249 0.684375 0.93203125 0.009375 0.02265625
3058 0.703125 0.940625 0.021875 0.02421875
3154 0.71953125 0.87578125 0.0234375 0.02109375
3921 0.71953125 0.846875 0.01953125 0.01484375
3911 0.71953125 0.8015625 0.02265625 0.02265625
3145 0.71953125 0.7734375 0.0234375 0.01796875
3900 0.71953125 0.75234375 0.021875 0.02109375
3866 0.71953125 0.72890625 0.0203125 0.01953125
3889 0.71875 0.6921875 0.01953125 0.02109375
3855 0.71953125 0.66171875 0.02265625 0.02109375
3135 0.7203125 0.6390625 0.0203125 0.02109375
3878 0.71953125 0.59765625 0.02265625 0.02265625
3844 0.71796875 0.5671875 0.02421875 0.02421875
3221 0.6984375 0.57578125 0.0140625 0.01796875
3377 0.73046875 0.3875 0.02734375 0.02109375
3376 0.73203125 0.3640625 0.03203125 0.01796875
3375 0.73046875 0.3421875 0.02734375 0.01640625
3371 0.7296875 0.31953125 0.025 0.01953125
3374 0.73125 0.28671875 0.02734375 0.02109375
3408 0.728125 0.265625 0.0234375 0.02109375
3370 0.73359375 0.23828125 0.02734375 0.02265625
3407 0.728125 0.2015625 0.0234375 0.01953125
3406 0.72890625 0.1796875 0.0203125 0.01796875
3388 0.72890625 0.16328125 0.0203125 0.01484375
3405 0.728125 0.12578125 0.0234375 0.02109375
3380 0.728125 0.103125 0.0234375 0.02109375
2900 0.7203125 0.0703125 0.0203125 0.01796875
4327 0.7765625 0.08359375 0.0296875 0.01796875
2378 0.775 0.06640625 0.0390625 0.01640625
3561 0.75 0.125 0.01171875 0.01953125
3563 0.75078125 0.19609375 0.0140625 0.01953125
3057 0.78828125 0.125 0.01484375 0.01953125
4168 0.8171875 0.0890625 0.0171875 0.01953125
3577 0.85703125 0.0890625 0.03046875 0.01953125
3985 0.840625 0.15078125 0.0171875 0.01953125
4046 0.83984375 0.2203125 0.015625 0.02109375
4122 0.8390625 0.29375 0.01640625 0.02265625
4157 0.840625 0.39375 0.01640625 0.02109375
3127 0.7765625 0.5359375 0.0234375 0.01953125
4349 0.78984375 0.57578125 0.0203125 0.02109375
3386 0.7796875 0.69140625 0.0328125 0.02265625
4350 0.7890625 0.72890625 0.021875 0.02265625
3378 0.78203125 0.85078125 0.0296875 0.02265625
4328 0.7734375 0.89765625 0.0296875 0.01640625
2377 0.77109375 0.91484375 0.03828125 0.01484375
4179 0.78515625 0.934375 0.01171875 0.01796875
3578 0.85078125 0.909375 0.03046875 0.01953125
2967 0.828125 0.86640625 0.021875 0.01796875
3789 0.86484375 0.82734375 0.0203125 0.02109375
2784 0.87734375 0.809375 0.0109375 0.01796875
3833 0.86328125 0.79375 0.01953125 0.01640625
3778 0.8640625 0.7609375 0.01953125 0.01796875
3822 0.86484375 0.7296875 0.0203125 0.01796875
3767 0.8640625 0.70546875 0.021875 0.01796875
3811 0.86328125 0.68125 0.0234375 0.02109375
4436 0.87578125 0.6625 0.0140625 0.02265625
4190 0.86171875 0.6421875 0.01484375 0.01796875
3800 0.865625 0.6203125 0.01953125 0.01953125
3252 0.87734375 0.57578125 0.0109375 0.040625
3251 0.87734375 0.40859375 0.01484375 0.04375
2784 0.875 0.315625 0.01171875 0.01796875
4436 0.875 0.18359375 0.0140625 0.01953125
2766 0.5453125 0.37421875 0.009375 0.01796875
4345 0.621875 0.82109375 0.009375 0.0359375
2249 0.4390625 0.86171875 0.0078125 0.01640625
3027 0.83671875 0.51640625 0.0203125 0.01953125
2266 0.79140625 0.5109375 0.04375 0.02421875
2597 0.7859375 0.4875 0.090625 0.02734375
3452 0.78671875 0.46328125 0.12578125 0.04375
170 0.29765625 0.0890625 0.1125 0.10390625
170 0.29609375 0.3015625 0.11015625 0.10703125
170 0.2890625 0.875 0.1109375 0.10390625
20 0.2203125 0.49140625 0.03125 0.04375
21 0.284375 0.5015625 0.028125 0.0421875
19 0.2078125 0.68125 0.028125 0.04375
19 0.41328125 0.85546875 0.025 0.0453125
18 0.5109375 0.1609375 0.0265625 0.0515625
18 0.51171875 0.2703125 0.025 0.04375
10 0.65 0.11953125 0.0234375 0.04375
10 0.65 0.1984375 0.0234375 0.0421875
10 0.65 0.275 0.025 0.04375
10 0.65 0.353125 0.02421875 0.040625
75 0.79375 0.63203125 0.03203125 0.03046875
75 0.7953125 0.7921875 0.03125 0.02890625
279 0.8390625 0.64375 0.009375 0.01484375
279 0.8375 0.70546875 0.01171875 0.01484375
279 0.8390625 0.7671875 0.009375 0.01484375
279 0.8390625 0.828125 0.009375 0.01328125
209 0.8390625 0.6125 0.0109375 0.01484375
209 0.8390625 0.796875 0.009375 0.01328125
209 0.83984375 0.7359375 0.009375 0.01484375
209 0.8390625 0.67421875 0.00859375 0.01484375
19 0.6625 0.9265625 0.025 0.0453125
89 0.5109375 0.8765625 0.01953125 0.0390625
84 0.41796875 0.70546875 0.05078125 0.06953125
84 0.50859375 0.70546875 0.0515625 0.06953125