1208 0.05234375 0.3328125 0.06328125 0.4703125
774 0.1953125 0.13515625 0.04140625 0.10703125
1446 0.259375 0.20859375 0.04609375 0.11171875
853 0.2453125 0.125 0.0328125 0.02421875
785 0.3109375 0.1109375 0.06953125 0.0625
908 0.3046875 0.20703125 0.0140625 0.05078125
1876 0.33515625 0.20625 0.021875 0.071875
1667 0.4 0.12734375 0.0421875 0.03203125
1778 0.4078125 0.2109375 0.09375 0.13203125
841 0.47265625 0.2453125 0.01640625 0.05390625
1214 0.5265625 0.11640625 0.12734375 0.19140625
1213 0.70390625 0.115625 0.12734375 0.18671875
1559 0.8328125 0.19765625 0.053125 0.03828125
1211 0.9 0.31953125 0.1984375 0.18984375
1209 0.9 0.58359375 0.1984375 0.18828125
704 0.75078125 0.29375 0.02734375 0.04453125
1921 0.75 0.24609375 0.0515625 0.03984375
951 0.69375 0.33203125 0.03671875 0.02578125
2024 0.65234375 0.35625 0.02421875 0.075
2156 0.60390625 0.34296875 0.04921875 0.03828125
2200 0.54765625 0.34375 0.05 0.03984375
1761 0.4890625 0.34453125 0.05546875 0.04765625
1578 0.43203125 0.34375 0.0421875 0.02734375
691 0.32578125 0.278125 0.028125 0.04296875
1 0.35078125 0.353125 0.0421875 0.09375
0 0.38828125 0.3515625 0.01953125 0.0875
1348 0.1296875 0.18984375 0.0609375 0.0828125
864 0.2453125 0.290625 0.03515625 0.02890625
796 0.27734375 0.33671875 0.06953125 0.0640625
807 0.32734375 0.43203125 0.03671875 0.02890625
500 0.1875 0.25546875 0.04140625 0.0828125
763 0.17265625 0.34921875 0.06796875 0.0609375
499 0.18828125 0.4453125 0.03828125 0.0828125
1829 0.10625 0.3609375 0.025 0.075
818 0.2046875 0.5265625 0.03515625 0.02578125
542 0.13828125 0.57578125 0.0328125 0.04140625
1460 0.2015625 0.6140625 0.05546875 0.05078125
2240 0.1640625 0.77578125 0.1015625 0.17421875
897 0.25234375 0.6578125 0.01875 0.05234375
830 0.29375 0.65859375 0.01640625 0.05703125
1096 0.3421875 0.6578125 0.01953125 0.05546875
1430 0.284375 0.53984375 0.0875 0.12890625
1085 0.359375 0.5046875 0.03828125 0.03046875
1807 0.4328125 0.49765625 0.05 0.03828125
1628 0.43203125 0.55859375 0.0421875 0.03203125
1756 0.48984375 0.55703125 0.05546875 0.03984375
2189 0.546875 0.55703125 0.0515625 0.03671875
2080 0.603125 0.55703125 0.05234375 0.03671875
1806 0.65078125 0.53984375 0.02421875 0.078125
740 0.6921875 0.55234375 0.040625 0.03359375
1577 0.44140625 0.4484375 0.01953125 0.05390625
852 0.4984375 0.42734375 0.01953125 0.05703125
1074 0.4984375 0.4984375 0.0171875 0.05546875
1419 0.5453125 0.45703125 0.04765625 0.06875
1063 0.60234375 0.4328125 0.03671875 0.03046875
1036 0.60234375 0.46875 0.0359375 0.02890625
1485 0.725 0.41328125 0.10390625 0.04140625
1484 0.72265625 0.51171875 0.10546875 0.04140625
543 0.6265625 0.6484375 0.0359375 0.04296875
544 0.73125 0.64921875 0.03359375 0.04140625
2243 0.7359375 0.7796875 0.09609375 0.171875
2242 0.62734375 0.778125 0.1 0.17578125
703 0.72421875 0.9484375 0.03671875 0.05546875
1210 0.48671875 0.88046875 0.1265625 0.18828125
1212 0.309375 0.8828125 0.1296875 0.19296875
886 0.390625 0.740625 0.0171875 0.05234375
875 0.4234375 0.7421875 0.0171875 0.05546875
1818 0.4328125 0.40234375 0.05 0.03984375
3250 0.04765625 0.0375 0.0359375 0.03671875
2644 0.028125 0.0734375 0.01875 0.02890625
2700 0.065625 0.0734375 0.015625 0.02890625
2693 0.0296875 0.5875 0.02421875 0.03359375
2701 0.065625 0.58671875 0.0296875 0.03203125
3269 0.13203125 0.24453125 0.02421875 0.03046875
2878 0.19921875 0.0484375 0.0390625 0.03671875
4303 0.24609375 0.04140625 0.0359375 0.03828125
2889 0.30546875 0.05703125 0.04140625 0.03203125
682 0.24453125 0.08359375 0.0390625 0.05234375
3800 0.39765625 0.0890625 0.04140625 0.03515625
4363 0.4390625 0.11953125 0.0296875 0.02890625
2944 0.4921875 0.2515625 0.02109375 0.0625
3011 0.303125 0.15625 0.0390625 0.03203125
3833 0.34375 0.1578125 0.03828125 0.02578125
3256 0.4484375 0.05078125 0.021875 0.0734375
4367 0.225 0.2203125 0.02421875 0.04453125
2956 0.2265625 0.1671875 0.021875 0.0609375
2731 0.296875 0.24921875 0.040625 0.02421875
3340 0.1390625 0.27890625 0.0421875 0.03515625
3789 0.1109375 0.3078125 0.04140625 0.03203125
2867 0.14375 0.4078125 0.04140625 0.03046875
3339 0.2328125 0.41015625 0.0359375 0.02890625
2922 0.15078125 0.50625 0.04140625 0.03046875
4352 0.24375 0.46015625 0.02734375 0.03046875
4210 0.1359375 0.62734375 0.0390625 0.03359375
3561 0.19765625 0.653125 0.0265625 0.03359375
4266 0.178125 0.87890625 0.03828125 0.03515625
3000 0.25234375 0.71640625 0.0421875 0.03203125
3254 0.2828125 0.7703125 0.0421875 0.03203125
2433 0.33125 0.77109375 0.0328125 0.03046875
2989 0.3703125 0.746875 0.01875 0.059375
2978 0.44296875 0.74765625 0.0171875 0.05703125
2933 0.3171875 0.6546875 0.01953125 0.0625
3221 0.36484375 0.64375 0.01640625 0.03984375
2328 0.409375 0.69609375 0.1078125 0.03046875
2712 0.23359375 0.5515625 0.015625 0.0671875
3210 0.3578125 0.540625 0.0328125 0.03515625
3252 0.46875 0.76953125 0.04375 0.02734375
2440 0.52734375 0.77265625 0.03828125 0.03046875
3232 0.43515625 0.58828125 0.028125 0.03203125
4179 0.48984375 0.5921875 0.028125 0.03359375
4157 0.54453125 0.59375 0.028125 0.03046875
4211 0.59453125 0.6453125 0.01875 0.0625
4212 0.69921875 0.64609375 0.02421875 0.0609375
4046 0.603125 0.59140625 0.03046875 0.02890625
3766 0.65234375 0.59453125 0.025 0.02890625
2844 0.6921875 0.58671875 0.02421875 0.03203125
4270 0.63046875 0.884375 0.04375 0.03359375
4271 0.73203125 0.88515625 0.04375 0.03203125
4325 0.678125 0.93203125 0.04765625 0.03046875
2249 0.671875 0.96015625 0.05703125 0.02890625
2656 0.83515625 0.7890625 0.0265625 0.0875
2249 0.7859375 0.63203125 0.01953125 0.05546875
3251 0.78671875 0.56484375 0.02265625 0.0609375
4436 0.78515625 0.515625 0.02421875 0.03046875
2310 0.83359375 0.4515625 0.05546875 0.02578125
4436 0.7875 0.42109375 0.01953125 0.02890625
3253 0.78984375 0.35703125 0.021875 0.0640625
2249 0.78828125 0.278125 0.01875 0.05234375
3576 0.7890625 0.1828125 0.02109375 0.08125
2509 0.82734375 0.1609375 0.04609375 0.02578125
3255 0.62578125 0.05390625 0.01953125 0.0640625
2433 0.70703125 0.22578125 0.03046875 0.02734375
1851 0.6359375 0.23359375 0.0390625 0.02734375
1865 0.59453125 0.23203125 0.03828125 0.02734375
3811 0.6734375 0.22890625 0.0359375 0.02421875
3877 0.70625 0.25234375 0.02734375 0.02578125
4326 0.70625 0.2796875 0.053125 0.02421875
2362 0.615625 0.27265625 0.09453125 0.02890625
3985 0.65078125 0.303125 0.0265625 0.02578125
3057 0.68984375 0.303125 0.0296875 0.02578125
2377 0.74921875 0.3296875 0.05859375 0.02421875
4122 0.596875 0.30234375 0.0296875 0.03046875
4168 0.54296875 0.31015625 0.028125 0.03046875
4190 0.4953125 0.30390625 0.0296875 0.03046875
4341 0.54765625 0.4015625 0.02734375 0.03203125
2856 0.4296875 0.31328125 0.03671875 0.02734375
3778 0.43125 0.36953125 0.0359375 0.02734375
2845 0.46171875 0.45078125 0.02109375 0.059375
2440 0.5171875 0.228125 0.03359375 0.02890625
3822 0.5546875 0.23671875 0.03828125 0.03046875
2955 0.47734375 0.40546875 0.01953125 0.03515625
3199 0.47578125 0.50703125 0.021875 0.03828125
3188 0.61640625 0.4046875 0.025 0.03046875
3527 0.65390625 0.415625 0.03828125 0.02421875
3521 0.65234375 0.47265625 0.0328125 0.02734375
3153 0.6125 0.49765625 0.0296875 0.03203125
2298 0.55 0.52265625 0.07109375 0.02734375
3767 0.3921875 0.50703125 0.02109375 0.0609375
3247 0.38984375 0.434375 0.02109375 0.05546875
3248 0.3640625 0.4296875 0.02265625 0.065625
2911 0.32578125 0.4078125 0.03515625 0.02734375
2900 0.29140625 0.38671875 0.03828125 0.03046875
4312 0.36796875 0.29140625 0.040625 0.03046875
2967 0.2859375 0.2859375 0.03671875 0.03359375
3452 0.0265625 0.83515625 0.028125 0.20859375
2596 0.04453125 0.83359375 0.01875 0.1578125
2412 0.065625 0.840625 0.02109375 0.19140625
2644 0.66484375 0.7046875 0.0109375 0.03203125
2644 0.771875 0.70625 0.015625 0.03203125
331 0.12890625 0.18828125 0.0296875 0.02265625
127 0.259375 0.20703125 0.0359375 0.05078125
226 0.3328125 0.20703125 0.01328125 0.02578125
253 0.4328125 0.4015625 0.015625 0.015625
209 0.7484375 0.24609375 0.01640625 0.0171875
7 0.5453125 0.45703125 0.03046875 0.04296875
253 0.43203125 0.4984375 0.0140625 0.0140625
9 0.2796875 0.540625 0.0578125 0.10546875
198 0.20078125 0.6125 0.015625 0.01875
12 0.16328125 0.73984375 0.06875 0.01875
142 0.1640625 0.81328125 0.0625 0.02265625
142 0.62890625 0.815625 0.06640625 0.02109375
142 0.7359375 0.8171875 0.0640625 0.0171875
12 0.62734375 0.74140625 0.065625 0.01875
12 0.7328125 0.7421875 0.065625 0.02421875
1251 0.725 0.47421875 0.11328125 0.03359375
1256 0.7203125 0.378125 0.10390625 0.03515625
273 0.5453125 0.55625 0.0171875 0.01875
273 0.546875 0.34375 0.01640625 0.0171875