951 0.9220357198461034 0.6516606023082888 0.11325616943775678 0.08939327360990709
500 0.7841121710206023 0.6222156930247237 0.04565949247815269 0.06945262902925915
1163 0.7028598225116705 0.7099979484913439 0.05231866943775678 0.08406193317629622
796 0.4879645967265652 0.6731888900089824 0.11160274122451135 0.08613157257314796
740 0.8336261569013445 0.11661095051759418 0.11321070533113406 0.08783077360990718
752 0.6539734123116208 0.24119872181842714 0.11169366943775678 0.08925657257314797
1096 0.6403679018867795 0.17738022959412159 0.11321070533113406 0.08783077360990718
1085 0.8308340583259056 0.6666888629587053 0.04135242570596276 0.028554226955740704
818 0.3232692624033983 0.8003842514606024 0.08286998746358769 0.11634675287472192
830 0.20039377124539395 0.2652170224786115 0.08286998746358769 0.1163467528747221
1446 0.8236951597378311 0.7174407186608811 0.08481292069139812 0.07599515494824054
1419 0.8871402311288744 0.5560254735618535 0.1502393438900782 0.12847489745537005
1448 0.822845432765592 0.20371040933004786 0.07561977711788863 0.08142494872768502
1430 0.7037651606622681 0.09507628605023281 0.0847674565847754 0.07443265494824058
1447 0.5452312466347877 0.13792604179967696 0.08467652837152997 0.07130765494824054
852 0.8198401047106311 0.26193301244032563 0.03988085391920819 0.03154252591898139
1063 0.7678229636444043 0.25081914665338106 0.038318353919208195 0.03140582488222208
499 0.7429533442857899 0.20365091220476997 0.050483384798020656 0.0745502321395369
543 0.548680507059629 0.2026330907629177 0.054534387305303154 0.053085335249814666
538 0.47878554420664754 0.1962162868987046 0.031324207838416565 0.05884731969842587
728 0.42478000580598774 0.2244383231852786 0.10160326708875882 0.1709754642790739
1417 0.9285451664682558 0.3370123419406962 0.09321645407749272 0.09699116013203683
2024 0.9879494271242063 0.5754310015070851 0.02410114575158744 0.028554226955740704
1921 0.9799498567556952 0.5424230118746778 0.026182066772189927 0.042812216588148114
1806 0.9978143405248663 0.5353432437313907 0.004371318950267522 0.042538814514629666
2211 0.7927119326990849 0.675506788359307 0.04139788981258565 0.030116726955740702
1840 0.6334589531530559 0.6667256935903716 0.026182066772189573 0.042812216588148114
1851 0.6085726134196128 0.6728191601785196 0.026182066772189573 0.042812216588148114
1829 0.5808507787007343 0.635299327803427 0.02618206677218975 0.042812216588148114
1807 0.6415512833195878 0.4333957837411586 0.026091138558944495 0.03968721658814811
542 0.6900258872387961 0.45735140212000125 0.056051423198680436 0.05165953628657398
489 0.7652532077719095 0.458602252355557 0.11933633636823107 0.19122917568342573
713 0.9803015462517116 0.4468371098011593 0.03698317445232178 0.039081623845462946
712 0.9258868308914476 0.46099664608773316 0.030642246239076344 0.03540981969842587
1172 0.6047860353646519 0.7311101138071769 0.08334134890464337 0.0789834539114814
1441 0.6151575825408002 0.6299481549947233 0.04180706677218957 0.044179226955740704
1545 0.8006558471887837 0.3294034764365756 0.03444920783841639 0.059120721771944405
1546 0.7726445074553403 0.3357703450982422 0.0360571719450391 0.06081992280870363
2240 0.6680933997752085 0.3496168145611124 0.09306334138279589 0.14529195909527762
1036 0.7277051143440495 0.029539468943705093 0.04135242570596294 0.02855422695574066
2189 0.6811028989837856 0.04301550004648279 0.04291492570596276 0.028690927992499914
1329 0.42610710589776535 0.7545748825161119 0.10342652837152996 0.07294806738935158
1384 0.45321620902555076 0.4749366091890287 0.3857749932695754 0.4031207488222215
1547 0.3304078801791671 0.23817748590921356 0.03601170783841656 0.05925742280870363
1548 0.29775450455234653 0.24651695768115797 0.03601170783841656 0.05925742280870363
1331 0.10747649703049914 0.3289561852025465 0.08127874373179385 0.06165925287472209
1208 0.041227022894746584 0.4209085308199538 0.062086126022532016 0.15193293836009242
1209 0.08967184923384774 0.6861043038642131 0.11758728292387643 0.34536987153638865
546 0.1342221681176085 0.5482728217246762 0.04998327962517113 0.05736273213953691
1451 0.21488113473151366 0.5208518678131948 0.12370558762187223 0.18070177879370347
2025 0.23805787344874255 0.6175122543353245 0.042914925705962934 0.028690927992499837
544 0.25486860339048284 0.7914869965596301 0.056096887305303156 0.05322203628657398
545 0.19811013803021893 0.805851584401343 0.05765938730530311 0.053358737323333114
1420 0.2831323442192828 0.7130400763428246 0.08463106426490725 0.06974515494824055
1421 0.2739786530739137 0.6676298315266209 0.08454013605166191 0.06662015494824054
2052 0.16933426867160448 0.75902510254463 0.04291492570596289 0.028690927992499837
2045 0.16228864680570756 0.732228156691667 0.04135242570596289 0.028554226955740704
2041 0.1575640428864993 0.7044449092835651 0.04135242570596289 0.028554226955740704
2036 0.1520809210206024 0.6775112623938429 0.03974446159934022 0.02685502591898157
1680 0.6021755124033983 0.7759831163990751 0.04622178213245363 0.035214330066018464
2016 0.2131929511079919 0.40899641677643556 0.04135242570596294 0.028554226955740704
2005 0.20865020361527442 0.3874631693683337 0.04135242570596294 0.028554226955740614
1994 0.20252222406924555 0.3652853729969911 0.04135242570596294 0.028554226955740704
1216 0.5610166856685858 0.8574183355791215 0.8779666286628285 0.26793899821009076
807 0.31611571113712184 0.3122690967951858 0.11964256175762475 0.09462757775694416
1215 0.4567477566639176 0.09765625 0.9134955133278352 0.1953125
3057 0.9165275174179632 0.7046195069737055 0.044704746239076346 0.03664012902925915
3985 0.9941497829238765 0.6021595968416685 0.01170043415224704 0.03554652073518518
3766 0.992971896245394 0.4959095968416686 0.014056207509212016 0.03853481969842587
3877 0.9726087181967508 0.5054698160217148 0.032432066772189926 0.04335902073518518
3296 0.9734304544732042 0.4172863108379185 0.05313909105359151 0.04283134043361105
3295 0.9156707449189281 0.4329106023082888 0.050954746239076344 0.03718693317629622
4367 0.8349880124033984 0.7556146619219459 0.043096782132453625 0.034940927992499836
3210 0.83240491851332 0.6399213114035665 0.03840928213245363 0.034530824882222075
4179 0.7522687891255757 0.6853110153150477 0.04006271034569906 0.03779252591898139
3340 0.779691443981856 0.5779578450982422 0.05725021034569906 0.039296237323333115
4341 0.8472677373970807 0.5046871489624553 0.03523881802583091 0.03269492280870363
2867 0.7164426008832004 0.7730351907156494 0.03587531551854859 0.054569922808703805
3258 0.6352751689090314 0.8098994951455104 0.073147994985435 0.05003824769092589
3866 0.5532977432030683 0.7920079490569918 0.057295674452321775 0.0408587373233333
4371 0.553223535364652 0.7356212480202325 0.03238660266556703 0.04179652073518518
3800 0.6598623287798766 0.6589330259654641 0.03435827962517113 0.05599572177194432
4363 0.6515808158477528 0.6165794306308807 0.03243206677218975 0.04335902073518518
3232 0.7142422887298642 0.5359063376053717 0.03243206677218957 0.04335902073518518
4210 0.7005147578510519 0.49481244589944573 0.050954746239076344 0.03718693317629622
3767 0.6507504385715797 0.48036852855736234 0.03592077962517113 0.05613242280870363
3811 0.5828822916328581 0.6781997272850473 0.032613923198680436 0.04960902073518518
3789 0.552839438967291 0.6416661964650936 0.03435827962517113 0.05599572177194432
2741 0.2017927306666561 0.9324140844013428 0.04475021034569906 0.038202629029259326
4331 0.4599198162434643 0.7860791607441675 0.03367631802583091 0.03255822177194432
4312 0.41485736882988905 0.7986372408101859 0.0572956744523216 0.040858737323333116
2900 0.4203140954729241 0.69007288510801 0.03435827962517131 0.05599572177194432
4342 0.3352487736861694 0.7006480916113895 0.03440374373179385 0.05755822177194432
4212 0.2590392778428045 0.8271510944861117 0.05720474623907634 0.037733737323333114
4213 0.2077268304292293 0.840255978699167 0.05564224623907634 0.03759703628657398
3251 0.12139452533552206 0.8611241362393057 0.058812710345698974 0.03943293836009261
4018 0.216626805818623 0.7423557209234726 0.057295674452321685 0.040858737323333116
4010 0.21121188011266012 0.7177658240337503 0.05725021034569897 0.039296237323333115
4006 0.2066236685133199 0.6946700766256486 0.05725021034569897 0.039296237323333115
4001 0.20031383254080032 0.6662422802543059 0.05725021034569897 0.039296237323333295
4343 0.2861005683550354 0.6266241227141671 0.04778428213245363 0.0353510311027776
3986 0.1867454260351673 0.63061713854838 0.06046613855894432 0.04269463939685174
4372 0.16518266310304358 0.5894255020262502 0.032477530878812375 0.04492152073518518
4372 0.1088871989964209 0.5927842393495835 0.04335284639736088 0.0973042269557407
4214 0.12051736929210746 0.5079601800187502 0.058812710345698974 0.03943293836009261
4303 0.875761147267926 0.3533789271905109 0.03422188730530316 0.051308221771944405
2509 0.8294939010288497 0.32453075725652936 0.04106292069139812 0.07216752591898139
2955 0.8584396034569899 0.26952133703972386 0.03836381802583091 0.032968324882222164
4369 0.8687345942857899 0.1926464787456498 0.032432066772189926 0.04335902073518509
3561 0.7811867816702351 0.27941303835930703 0.027608174452321776 0.03826141762490742
3563 0.7603430842566599 0.289852252355557 0.030778638558944492 0.04009731969842587
2350 0.7347353304957362 0.3249886699804644 0.050057487463587694 0.11347603110277768
4266 0.7108120971887837 0.3372637860502328 0.03118781551854859 0.05415981969842587
3188 0.7312633380175837 0.25950037101722356 0.03840928213245363 0.034530824882222075
2856 0.5907519982841404 0.27570971432555663 0.032613923198680436 0.04960902073518518
2844 0.8181770016493527 0.07018500984842749 0.03519335391920819 0.03113242280870363
3339 0.725668904394062 0.14798667257236248 0.03431281551854859 0.05443322177194436
3221 0.7048706710871093 0.15998838656861245 0.029216138558944317 0.0399606186616666
4211 0.5514250738318187 0.24312138972615846 0.058903638558944316 0.04255793836009243
3430 0.516510516230829 0.28142176357162135 0.07292067445232178 0.0422257476909258
4208 0.5044758659934022 0.1908357197921769 0.03435827962517113 0.05599572177194441
2911 0.3820218559642723 0.2892718027329174 0.03435827962517113 0.05599572177194432
3564 0.31886497492717536 0.19140979264814875 0.033949102665567034 0.041933221771944404
3565 0.2924388672470434 0.1984212102730561 0.03243206677218975 0.04335902073518514
3976 0.1643379139609734 0.4258024994343522 0.058812710345698974 0.03943293836009261
3965 0.1589229882550105 0.40121260254463 0.058812710345698974 0.03943293836009261
3954 0.1535080625490476 0.37662270565490774 0.058812710345698974 0.03943293836009243
2933 0.2187322457768579 0.33018791159263927 0.05725021034569897 0.039296237323333205
4325 0.1132096714828208 0.3644835820922687 0.06975021034569898 0.04038984561740726
4331 0.0838153396669363 0.4579109533458334 0.030596782132453627 0.03384731969842587
3250 0.07564748700136927 0.41946360801125016 0.03422188730530311 0.051308221771944315
2376 0.1016978584715548 0.2918662883128243 0.09185253087881237 0.05011616013203692
3153 0.785222097651002 0.015795346512361846 0.03840928213245363 0.03159069302472369
4352 0.6452623388755134 0.10332757492870492 0.03234113855894431 0.04023402073518514
4368 0.6055777132486929 0.11228220136606597 0.030778638558944492 0.04009731969842587
4157 0.6391199874635877 0.0537376780389827 0.03988085391920819 0.03154252591898139
3257 0.5478501297834557 0.0664221886893992 0.06993206677218958 0.04663984561740726
4270 0.42214308762187225 0.13381332318527858 0.05720474623907634 0.037733737323333204
2384 0.246611890208297 0.15778593982069494 0.22000627461060623 0.11587644410953661
2689 0.10623694279472173 0.17868278312902797 0.07613660266556703 0.04562414976444429
2746 0.04155231716790112 0.1898246261545371 0.044659282132453626 0.03507762902925915
312 0.823604231524586 0.7143157186608812 0.02117631802583091 0.03146461347787035
159 0.8871402311288744 0.5560254735618535 0.07387542069139812 0.07503824769092589
351 0.6182371184341776 0.6281122529212049 0.020721676959604095 0.01583961347787035
156 0.6063258033113406 0.7301921627704179 0.036710389812585655 0.029706623845462944
318 0.2755866171805364 0.6690556304898616 0.017960389812585565 0.028066211404351903
318 0.2847857724325282 0.7160283753060653 0.01474446159934022 0.02466780933083328
177 0.4523667628656168 0.4726612097074082 0.22890521615168674 0.3145873461830552
46 0.21568511678482497 0.5215647672948152 0.08913670783841657 0.0639052580585183
14 0.676883378067596 0.3825270593773161 0.04273306927947225 0.02244092799249984
4 0.6468261535361322 0.3185814280389827 0.026971676959604098 0.016386417624907335
51 0.6771357791629528 0.3104470078221772 0.023892141066226814 0.0176755155513888
61 0.7661026539318435 0.4608776518371774 0.06647209765100222 0.0884172425071295
344 0.9819095103583344 0.4482629087644 0.014380748746359018 0.012167809330833279
82 0.8267744148189031 0.20414990673814973 0.038727530878812644 0.04546832488222217
313 0.7045691427155795 0.0957891855318532 0.021449102665567033 0.04083961347787033
325 0.5492056927947218 0.1399280392077788 0.02622753087881229 0.04437471658814811