951 0.7444032372000736 0.05916438039870546 0.0819089389258032 0.11305701089576328
500 0.6865733459302319 0.19698109067405012 0.06676599784053164 0.04666718639013112
1163 0.7575285911498699 0.27912731913462513 0.08269138648947952 0.05244729282674854
796 0.6776549167220363 0.49392714649024877 0.07868380937615385 0.11127598960843983
740 0.19706835980989254 0.1409917147148201 0.08034643892580315 0.11294775025210155
752 0.28339018430232465 0.3231707941641308 0.08180880937615384 0.11149451089576327
1096 0.21804578655407808 0.3355176108760928 0.08034643892580311 0.11294775025210155
1085 0.7400580937707636 0.15124261975504374 0.025940738741233104 0.04070140965492604
818 0.7696154719361369 0.6609346940085743 0.11105621838316751 0.08242972376899793
830 0.2153902444536709 0.7774648102556743 0.11105621838316741 0.08242972376899793
1446 0.7885759369232184 0.15873840947969908 0.06916910703211539 0.08416718639013113
1419 0.6419197848560352 0.09277419191488737 0.11858691856773759 0.15139824505632146
1448 0.28029186998892536 0.15306038995708643 0.07794332973421944 0.07544775025210156
1430 0.14906405151347288 0.27112161112819433 0.06926923658176469 0.08572968639013112
1447 0.1590632078995928 0.4306387227605918 0.06614423658176469 0.08551116510280768
852 0.33760372224067875 0.15683024614160224 0.029065738741233017 0.04091993094224948
1063 0.31638076187707587 0.2088679935437122 0.028965609191583752 0.039357430942249486
499 0.26424776295680996 0.23351271446271857 0.07165375693983034 0.050119968321116384
543 0.22380682834994348 0.4276669060486298 0.04861677513842757 0.054731058666190255
538 0.20377612816537333 0.4975095124852471 0.056389702344038464 0.0303866225281606
728 0.2204839643779978 0.5523391241176446 0.1667450138796606 0.10187884629715871
1417 0.43390582819305995 0.049766509131052454 0.09154475478036198 0.09350933540139542
2024 0.683884844232189 0.002208266129980668 0.025940738741233104 0.004416532259961336
1921 0.6478774930601696 0.006444974980329527 0.040564443244739935 0.012889949960659054
2211 0.7415612345791798 0.18846946814588939 0.027503238741233105 0.04081067029858776
1840 0.7001981500645984 0.3484671810191241 0.040564443244739935 0.026169016091543363
1851 0.7008897624953846 0.37408454005363145 0.040564443244739935 0.026169016091543363
1829 0.6587628192506448 0.4003628167888366 0.040564443244739935 0.026169016091543363
1807 0.47143160240863685 0.33802062595923 0.03743944324473993 0.025950494804219914
542 0.5049042388981165 0.28901504340782613 0.04871690468807692 0.056293558666190256
489 0.5213791425064593 0.21397683858036318 0.18493380937615383 0.11870571337743777
713 0.5530656408084162 0.008523604129266144 0.03657785009228505 0.017047208258532287
712 0.5558111065706901 0.05290829860360626 0.033052331893687815 0.0303102128732347
1172 0.758201614747138 0.37785439623814726 0.07375647748246603 0.0829324683211163
1441 0.6601844193429299 0.36604244711066747 0.0431282387412331 0.04190327673520518
1545 0.40006414944628954 0.1773505597514711 0.05815246144333699 0.033620883171822456
1546 0.4013868175526018 0.2052570384641476 0.05981509099298652 0.03529264381548423
2240 0.3938968877260973 0.3099991687859785 0.14124436613141408 0.09231817599857095
1036 0.08919769818198532 0.2465311565528329 0.025940738741233038 0.04070140965492604
2189 0.09239374691768101 0.29375036397818594 0.026040868290882348 0.04226390965492603
1329 0.7451242165374661 0.557651156881809 0.0658834207272058 0.10571440445914604
1384 0.4741096121262444 0.5268263998444436 0.37937992596899317 0.38584892675487553
1547 0.21442612662421387 0.6468703741176446 0.05825259099298643 0.035183383171822416
1548 0.21701090608157808 0.6793550921866593 0.05825259099298643 0.035183383171822416
1331 0.259963462375413 0.8707888393366678 0.05490634793281668 0.08005884059717552
1208 0.33703829966777155 0.9423964055444266 0.14911742288667415 0.06953623986054111
1209 0.6093033258859334 0.8930255641909465 0.34174501387966066 0.11411603838727302
546 0.4815578601236596 0.8475159582585323 0.054466256939830336 0.04891810124083733
1451 0.4704584762550736 0.7658506950169806 0.17439682757475108 0.12419088887180578
2025 0.5714097069767421 0.7440142638226295 0.02604086829088246 0.04226390965492612
544 0.7466099660760408 0.7286520717325151 0.04861677513842757 0.054731058666190435
545 0.7491551727390159 0.7860275291578682 0.05037953423772627 0.05796531930985207
1420 0.6745440013935011 0.7002482023064476 0.06458173658176455 0.08540190445914604
1421 0.6289311127445533 0.7081042609726379 0.06145673658176456 0.08518338317182242
2052 0.6975530999446267 0.8145238697550437 0.02604086829088246 0.04226390965492612
2045 0.6691777760705035 0.8203968113409548 0.02604086829088246 0.04226390965492612
2041 0.6408525169712048 0.8254885029268662 0.025940738741233104 0.04070140965492612
2036 0.6133085078719062 0.8305255641909465 0.02427810919158375 0.03902964901126431
1680 0.8023323465485408 0.3809904678937878 0.03259125693983016 0.04738845222957293
2016 0.35997155922849555 0.7665769507169637 0.025940738741233017 0.04070140965492612
2005 0.33716511490402157 0.770504980050059 0.025940738741233017 0.04070140965492612
1994 0.3149897262550736 0.7767221290613231 0.025940738741233017 0.04070140965492595
1216 0.8898929033038009 0.43316351717682416 0.22021419339239828 0.8663270343536483
807 0.28504950725359735 0.6613756345092048 0.08699695712440043 0.11963479282674853
1215 0.0814409646825396 0.5277483055640972 0.1628819293650792 0.9445033888718056
3057 0.7953148951273529 0.0657150291578682 0.03395349784053163 0.0443727128732347
3877 0.6092958544112218 0.011716983026101213 0.04252746144333699 0.023433966052202427
3296 0.5233781408084163 0.015811580244052624 0.038179922886674336 0.03162316048810525
3295 0.5264042088224434 0.06274212051134835 0.03445414558877822 0.0521852128732347
4367 0.829701584671465 0.14808513274449395 0.03239099784053181 0.04426345222957293
3210 0.7137459176448869 0.1491938006972932 0.032090609191583755 0.03957595222957293
4179 0.7428140515134729 0.22960256653673508 0.03521560919158375 0.03979447351689647
3340 0.6419920311554073 0.20087626901840955 0.03485466378737563 0.05843521287323465
4341 0.5833668052141008 0.1326450750867098 0.030327850092285048 0.036341691585911204
2867 0.8220917388981166 0.26683513274449394 0.05366522054263569 0.03641810124083724
3258 0.8417348079918778 0.3486807124459062 0.045130829734219446 0.07315327673520508
3866 0.8085032009597624 0.43033490403181746 0.036417163787375625 0.05854447351689647
4371 0.7517723396087105 0.42963541752547074 0.04096496144333717 0.032419016091543365
3800 0.6979941024086369 0.3221778326282784 0.05512759099298634 0.03496486188449897
4363 0.654724963759689 0.3298700003289762 0.04252746144333699 0.032528276735205176
3232 0.5873057287190837 0.26536473993741594 0.04252746144333699 0.032528276735205086
4210 0.5436360718715385 0.27930690763811367 0.03445414558877822 0.05218521287323474
3767 0.5194383058324096 0.3292194263275471 0.055227720542635694 0.03652736188449897
3811 0.7008001249261708 0.39975652940996975 0.048677331893687815 0.03140281930985207
3789 0.6592541725821324 0.429105175823344 0.05512759099298634 0.03496486188449897
2741 0.8753171545404186 0.7834274170212676 0.03551599784053181 0.04448197351689629
4331 0.7830643075304525 0.5238881620775891 0.03012759099298634 0.03321669158591121
4312 0.7864105505906223 0.5687636195029422 0.036417163787375625 0.05854447351689629
2900 0.6802804665374661 0.562185473593771 0.05512759099298634 0.03496486188449914
4342 0.6732609060815781 0.6474509842374327 0.054927331893687814 0.031839861884499145
4212 0.7825975308508655 0.7253578269282952 0.03329216378737563 0.05832595222957302
4213 0.786324505712438 0.7764286540318175 0.03475453423772627 0.05687271287323483
3251 0.7885297509320759 0.8633823508135088 0.0349547933370248 0.05999771287323483
4018 0.6905008659837557 0.766796563938845 0.03485466378737563 0.05843521287323483
4010 0.665300606884457 0.7716697342374327 0.03485466378737563 0.05843521287323465
4006 0.6416628477851585 0.7764336438923587 0.03485466378737563 0.05843521287323483
4001 0.6117750886858598 0.7816345961219318 0.03485466378737563 0.05843521287323483
4343 0.5900385934662218 0.696046657386012 0.03112888648947969 0.04884169158591121
3986 0.5735741818383145 0.7951943515698134 0.03807979333702498 0.0602162341605581
4372 0.5294539420173473 0.8161677692705112 0.04252746144333699 0.032528276735204996
4372 0.5203805282299718 0.8728001815233272 0.0960529796419344 0.04249313861970414
4214 0.4395508328257637 0.8597863653155683 0.03485466378737563 0.05843521287323483
4303 0.439095173504983 0.10229057559091292 0.05033996144333699 0.033074579953513795
2509 0.4019666108896267 0.1476630597514711 0.0710529796419344 0.040744968321116334
2955 0.3532880814322625 0.11840153067047747 0.028965609191583752 0.039357430942249486
4369 0.2793394417035803 0.10723979156624078 0.04252746144333708 0.032528276735205086
3561 0.34676916872462105 0.1958545413141392 0.03753957279438911 0.027512994804219915
3563 0.35317985502953053 0.21718323809583057 0.039302331893687814 0.03074725544788164
2350 0.3826275231358428 0.24312302522259585 0.11197836829088237 0.04827324505632138
4266 0.3896692651162783 0.26674084168245626 0.05180233189368781 0.031621340597175515
3188 0.3171026526854921 0.2461494722563887 0.032090609191583755 0.03957595222957302
2856 0.3041847432170532 0.38704762386554303 0.048677331893687815 0.03140281930985207
2844 0.14787988818752265 0.1560975446683339 0.02720285009228505 0.03612317029858776
3339 0.20563422655961539 0.25005535827820274 0.05356509099298643 0.03485560124083724
3221 0.21282616286452488 0.2713294247380632 0.03920220234403846 0.029184755447881638
4211 0.2651630135751188 0.4255527489915938 0.03797966378737563 0.0586537341605581
3430 0.29557240438353516 0.4607582754746974 0.0374184592838688 0.07416947351689647
4208 0.20386576573458712 0.4718375231289089 0.05512759099298643 0.03496486188449914
2911 0.2760237631136935 0.5958980999803295 0.05512759099298643 0.03496486188449914
3564 0.16626922887596723 0.6580153237493276 0.03950259099298643 0.03387225544788173
3565 0.16769202653192877 0.684359302462004 0.04252746144333708 0.032528276735205176
3976 0.3669236636397173 0.8158667565331623 0.0349547933370248 0.05999771287323483
3965 0.34094215454041865 0.820794557153581 0.03495479333702489 0.05999771287323483
3954 0.31652314544112 0.8256130971303378 0.0349547933370248 0.05999771287323483
2933 0.2833787808508655 0.7602666025782195 0.03485466378737563 0.05843521287323483
4325 0.29526990669988695 0.8659867248542789 0.03555557063492083 0.06937271287323483
4331 0.3819793622831279 0.8964776181655598 0.031489831893687814 0.030200952229572663
3250 0.34261647363417996 0.9038966342571033 0.05033996144333708 0.033074579953513705
2376 0.2214819532761143 0.8765907251063803 0.04487001387966068 0.09335651609154354
2700 0.01231023288113688 0.06307915420704438 0.02462046576227376 0.020716691585911228
3153 0.0858712415190102 0.18921032944931068 0.032090609191583706 0.03957595222957302
4352 0.14530919340162335 0.32971536112819433 0.039402461443337075 0.03230975544788164
4368 0.14588088988556563 0.3693405898408709 0.03930233189368777 0.03074725544788164
4157 0.09515899907714935 0.3355554517253699 0.028965609191583707 0.039357430942249486
3257 0.08852017042266407 0.42701633204720074 0.04170544108527148 0.06824725544788172
4270 0.13015935302694576 0.5539887414500252 0.03329216378737554 0.05832595222957302
2384 0.11889477869139713 0.7297699914500253 0.0997553778516063 0.22163433540139543
2689 0.10983305444813356 0.8711762414500253 0.03761871838316742 0.07729447351689629
2746 0.10880267813768674 0.9358014701627017 0.032491127390180986 0.04582595222957266
312 0.7854509369232183 0.15895693076702253 0.030889054595791877 0.020825952229572932
159 0.6419197848560352 0.09277419191488737 0.07159320018457009 0.07344820767745461
351 0.6588221784422286 0.3630267077543292 0.013801684145441228 0.02118658514929388
156 0.7575204942967874 0.37634652655997813 0.0273029796419344 0.037685670298587756
318 0.6297624275193778 0.7072683806508071 0.02756379549649317 0.017482430942249393
318 0.6785503809431506 0.6984125506972931 0.024338665946843818 0.015701409654926123
177 0.47176586212624444 0.5269902908099361 0.30081723010335965 0.22791645843375932
46 0.4720710410298983 0.7649601843733187 0.057069625230712615 0.08954310124083734
14 0.4278911559246946 0.30140006494725113 0.01989099784053181 0.04338936708027905
4 0.35910158313030544 0.33109827262470576 0.014202202344038461 0.02743658514929388
51 0.3571979241232919 0.3001214242338601 0.017126943244739845 0.02453010643661733
61 0.5237729572812839 0.21303169761487056 0.08515505243632351 0.06661905347041017
344 0.5547282703580656 0.0021998713937037674 0.011838665946843819 0.004399742787407535
82 0.28132344386304864 0.14909950963525556 0.0429279796419344 0.038778276735205085
313 0.14984530151347286 0.2710669808063635 0.040264054595791875 0.021481516091543362
325 0.16243853177371612 0.42651395147326826 0.042126943244739846 0.026278276735204997