1216 0.475 0.07704115584090335 0.95 0.1540823116818067
1782 0.028748084327923924 0.4209397913958578 0.05749616865584785 0.34812958279171563
1329 0.3185701765483556 0.2503405137964224 0.09684417889684287 0.05476141233702041
4490 0.48799501073510515 0.22827241923358396 0.04364358418674961 0.025736385551659156
1675 0.4017011949642071 0.2463172613607904 0.040518584186749605 0.02568183847375849
1677 0.4012538739316371 0.2674246481302656 0.04346157366340577 0.022611385551659157
1673 0.40232355026823124 0.2893405584386911 0.04033657366340595 0.02255683847375849
4490 0.3735160108056924 0.30056838473758496 0.02405912628012441 0.037881829545304765
4490 0.19113615031058356 0.33023079098882074 0.040518584186749605 0.02568183847375849
4490 0.5302742450206768 0.3079968754020942 0.025712631541796326 0.039471603084255055
4490 0.6949128686699653 0.27411457345292956 0.025803636803468068 0.04103410308425506
1074 0.7880104212866839 0.26009871225099956 0.04364358418674961 0.025736385551659156
741 0.6666975924321932 0.35573672036867443 0.11190773677523325 0.07219437418757346
4490 0.5263001055863729 0.34937585186314385 0.040336573663405775 0.02255683847375849
4490 0.44060552929213104 0.3705593307598255 0.030400131541796327 0.03955342370110611
774 0.5563824477362174 0.39682359618110097 0.04655575256024882 0.07573638555165925
4490 0.35557110565696004 0.4206899699649326 0.04033657366340595 0.02255683847375849
4490 0.468708142488663 0.41171616476935713 0.040518584186749605 0.02568183847375849
4490 0.4713858214560929 0.43287809861673293 0.040336573663405775 0.02255683847375849
1983 0.4042515293627182 0.44421897321134346 0.024150131541796148 0.03944432954530477
4490 0.29011343465262496 0.470380278406919 0.02562162628012441 0.037909103084255234
4490 0.22366938729757826 0.4832972897710047 0.02396812101845249 0.03631932954530477
1457 0.34614362677423455 0.4885632625786064 0.0313101841585147 0.05517842370110611
4490 0.3002395925733675 0.4979285799490466 0.04033657366340586 0.02255683847375849
1954 0.4052834083442657 0.4802110202892441 0.025530621018452493 0.03634660308425523
1458 0.49778942676011717 0.47635140908731427 0.031492194681858446 0.058303423701106104
4490 0.4772949162367734 0.4791218530809598 0.025712631541796326 0.039471603084255236
4440 0.7045854583301482 0.47057651622875907 0.05254814732681172 0.04462275324641087
4490 0.37524729784915684 0.512532596588138 0.0401545631400622 0.01943183847375849
841 0.41288380574166456 0.5108434115229462 0.03739358418674961 0.02562729139585791
1944 0.4513470662650082 0.5083866132272296 0.040336573663405775 0.02255683847375849
4490 0.4790247452324383 0.5299849236978108 0.027275131541796328 0.03949887662320535
4490 0.5208860215407976 0.5228951724799948 0.043825594710093264 0.028861385551659246
1962 0.4798746136906421 0.5691019707757115 0.028928636803468067 0.041088650162155814
1972 0.4041234557698995 0.5404081805976697 0.02718412628012441 0.03793637662320535
4490 0.405109832120611 0.5771814776755704 0.027093121018452494 0.03637387662320535
2200 0.7013470662650082 0.5127503794592839 0.04346157366340577 0.022611385551659247
2156 0.7434134689240791 0.5424202885498934 0.021116136803468067 0.04095228246740419
2080 0.770021471554915 0.5421026887120493 0.02562162628012423 0.037909103084255234
4490 0.31929342946154027 0.5467479094943514 0.04364358418674961 0.02573638555165907
4490 0.2553982584572051 0.596465491475288 0.02883763154179624 0.03952615016215581
2222 0.324004045288908 0.5867143904196278 0.04033657366340595 0.02255683847375849
4490 0.3850934637329944 0.6120240819776415 0.02571263154179624 0.039471603084255055
4490 0.4238983584995575 0.6439831939903502 0.02562162628012423 0.037909103084255234
4490 0.5604196874246352 0.6229048551095546 0.028837631541796326 0.03952615016215581
1208 0.027429966081481662 0.6892358238632619 0.054859932162963324 0.14969208279171564
785 0.5001353638318164 0.7180440312462928 0.07484735253201383 0.10588753571381489
1933 0.3058246507341066 0.7779979094943513 0.025803636803468068 0.04103410308425506
1922 0.33868265336494247 0.7777894038123085 0.02920165258848364 0.04577615016215582
1865 0.4837676402107629 0.7842320929346901 0.040518584186749605 0.02568183847375849
4490 0.44087521394475593 0.8358803676914563 0.028837631541796326 0.03952615016215581
1449 0.49008625866896666 0.823444597398917 0.06090667889684287 0.054134120941162676
4490 0.5412770323464899 0.8172997374148029 0.025530621018452493 0.03634660308425523
853 0.7650253454865521 0.8024362167152264 0.10878273677523324 0.07213982710967279
1215 0.474700537255226 0.9347841030842551 0.949401074510452 0.1304317938314899
3844 0.4474764265483556 0.2525905807598255 0.05007559471009326 0.028970479707460584
3855 0.448364092361606 0.27763149106825097 0.051638094710093264 0.028997753246410872
3833 0.44847050817485645 0.3026587646072013 0.053200594710093266 0.029025026785361164
2845 0.637214489759005 0.31142761282019243 0.053200594710093266 0.02902502678536125
3199 0.7936310897307701 0.2844401931762761 0.040518584186749605 0.02568183847375849
4018 0.40307543721287364 0.3972757893639677 0.032690673635170954 0.052080697240056394
2878 0.5899839030120066 0.4107048640380084 0.029747684158514788 0.05515115016215581
3753 0.6941330767177648 0.4352020779171564 0.03748458944842135 0.02718979139585791
4168 0.6621025557416645 0.5151935409855254 0.037575594710093266 0.028752291395857908
4122 0.7434365847514469 0.582304948858319 0.028655621018452492 0.03640115016215582
4046 0.7710078479056266 0.5788759857899499 0.026911110495108838 0.033248876623205345
3911 0.42848568991429675 0.47123148660402414 0.031128173635170953 0.052053423701106286
3360 0.5021275872411085 0.4287224326262645 0.027093121018452494 0.03637387662320535
3359 0.31911068991429675 0.4693223388775003 0.02838260523343692 0.03171365016215581
3932 0.3759606584148528 0.5539933936660388 0.03305469468185844 0.05833069724005639
3921 0.48187745847132246 0.6152775413925625 0.034435184158514785 0.055232970779006865
4190 0.2839782847655644 0.5891439151763942 0.037575594710093266 0.028752291395857908
2944 0.3525092059110738 0.6880956582765354 0.05329159997176518 0.030587526785361162
3900 0.4113304690652534 0.685212165987173 0.05954159997176518 0.030696620941162676
3889 0.2790801402107629 0.7806592593321955 0.031128173635171043 0.052053423701106286
3878 0.3626661849349736 0.7688235068965635 0.0313101841585147 0.05517842370110611
3822 0.4335401270565832 0.7872655896882792 0.05494510523343692 0.03217730032431163
4370 0.47531883240295975 0.8755837958567895 0.04079159997176518 0.03036933847375849
2956 0.7905482612292154 0.7536129330300063 0.05632559471009344 0.02907957386326192
200 0.48673374551478704 0.8272963003210162 0.0275635578783902 0.01765115016215546