1216 0.09921101757052128 0.5316679579772124 0.19500348157007022 0.9366640840455751
1782 0.32556435087368063 0.051100497439751244 0.35091049620027787 0.10220099487950249
1329 0.22468053020395864 0.3765037738892848 0.061629790653194585 0.10033319994353027
4490 0.23880084764263937 0.5462247396884179 0.027580792553055566 0.04529708944842135
1675 0.23832676253652818 0.45863373442674593 0.027508057370694505 0.042172089448421345
1677 0.2585665273541671 0.4543256660250119 0.02598192496187508 0.04364358418674961
1673 0.2803869759673962 0.45070784236160605 0.02434668977951393 0.04042757892507769
4490 0.28592780793937533 0.41987507131491864 0.03804551386770836 0.02562162628012441
4490 0.2761858659756599 0.23659983973077012 0.027508057370694505 0.042172089448421435
4490 0.3261923980794797 0.5700801976656302 0.041206881458888844 0.027366136803468066
4490 0.3285212303357993 0.737358702927302 0.042769381458888936 0.027457142065139807
1074 0.33459135201104234 0.8300999397731225 0.027580792553055566 0.0452970894484217
741 0.40257567296510477 0.6923654503670533 0.0791445989738195 0.11539675782192056
4490 0.36658100873680605 0.5575578108621622 0.02434668977951393 0.04042757892507769
4490 0.36923192363069485 0.46978479507714654 0.04131598423243057 0.032053636803468066
774 0.4194520888089241 0.5771653845961552 0.07765352773541671 0.05133425782192056
4490 0.40071635334222255 0.37720318195120184 0.02434668977951393 0.04042757892507769
4490 0.41583481990722265 0.4889751398578269 0.027508057370694415 0.042172089448421345
4490 0.4369103861116324 0.48696531882525707 0.02434668977951393 0.04042757892507769
1983 0.43378407969086846 0.41986882408692894 0.03960801386770818 0.025712631541796326
4490 0.43578037794350716 0.30397080830191336 0.03964438145888884 0.027275131541796237
4490 0.43421657152274323 0.23678330830191338 0.03648301386770836 0.025530621018452493
1457 0.4651055084524655 0.35389521359182 0.05701371941479181 0.036088689420186525
4490 0.46481391451263915 0.3077559609609842 0.02434668977951393 0.04042757892507769
1954 0.469630660712917 0.4138694530684764 0.03808188145888884 0.02718412628012441
1458 0.4850212310013893 0.5037209083442656 0.060138719414791805 0.03627069994353036
4490 0.48454845231604204 0.4834084083442656 0.041206881458888844 0.027366136803468066
4440 0.524142201650452 0.705625042587485 0.048075130508958355 0.05429265785015538
4490 0.4945936399113545 0.37721161625089084 0.02122168977951393 0.04024556840173403
841 0.5017164620996878 0.4143475952042035 0.027435322188333444 0.03904708944842135
1944 0.5072949680836115 0.45235582941918795 0.02434668977951393 0.04042757892507769
4490 0.5344029819513199 0.4742462399707665 0.04124324905006951 0.028928636803468067
4490 0.5369474069131949 0.5163427347090946 0.030705792553055743 0.04547909997176518
1962 0.5733563791777783 0.46728360842897027 0.04284211664125 0.030582142065139983
1972 0.5287510875746532 0.3994737531249461 0.039680749050069505 0.02883763154179615
4490 0.5645794848011114 0.3926931321064936 0.03815461664125017 0.030309126280124322
2200 0.5653120623077784 0.693057153153181 0.02598192496187508 0.04364358418674961
2156 0.6029036344961117 0.7284185295038925 0.04109777868534721 0.022678636803468065
2080 0.6089906335461812 0.7546625110880412 0.03964438145888884 0.027275131541796328
4490 0.517412237650903 0.3156447846949772 0.027580792553055566 0.04529708944842144
4490 0.551713196047778 0.24323916367652468 0.041279616641249996 0.030491136803468065
2222 0.5572196200597225 0.31176165052234506 0.02434668977951393 0.04042757892507769
4490 0.5952476033422226 0.3658730268730566 0.041206881458888844 0.027366136803468066
4490 0.6350920065526046 0.3971916453312604 0.03964438145888884 0.027275131541796328
4490 0.6429798545764935 0.5344186295462448 0.041279616641249996 0.030491136803468065
1208 0.5921699694147916 0.017796631824144905 0.15308993882958327 0.03559326364828981
785 0.7240648939954172 0.45537660067763686 0.1095945119678472 0.08284186305535765
1933 0.742084276119896 0.254838274383395 0.042769381458888846 0.027457142065139894
1922 0.7490798117390975 0.2865055033367076 0.04756598423243066 0.03241765785015547
1865 0.7859648287409379 0.4259551402107629 0.027508057370694415 0.042172089448421345
4490 0.8277698158231601 0.373452495514787 0.041279616641249815 0.030491136803468065
1449 0.8258267625365281 0.4244157560381307 0.059230836056041625 0.06430469468185844
4490 0.8309149592498961 0.47496949288395107 0.0380818814588892 0.02718412628012441
853 0.8641859734019451 0.6944251481738578 0.08063436379145869 0.11236276308359247
1215 0.915625 0.4336051003952882 0.16875 0.8672102007905764
3844 0.2541888050895838 0.5015191844408633 0.032413762917777866 0.05182010523343692
3855 0.2791342537028129 0.49771935025411373 0.032450130508958355 0.05338260523343692
3833 0.30402515092927124 0.4915757660673642 0.03248649810013893 0.05494510523343692
2845 0.35206652668857696 0.6734026187405524 0.03248649810013893 0.05494510523343692
3199 0.3588646533978132 0.8310331082172088 0.027508057370694505 0.042172089448421345
4018 0.3878176162600004 0.42802222930624845 0.053888719414791716 0.03590667889684287
2878 0.4404919406325353 0.6072323161944212 0.05697735182361115 0.03452618942018652
3753 0.48729616508132007 0.7022949162367734 0.030560322188333443 0.03922909997176518
4168 0.5589523063238546 0.6550944215690324 0.03212282218833344 0.03932010523343692
4122 0.6418206641313896 0.7198933979620963 0.03819098423243048 0.03187162628012441
4046 0.6448008469770492 0.7471006400695884 0.03502961664125 0.030127115756780752
3911 0.4654886745806254 0.43757996885349193 0.053852351823611144 0.03434417889684287
3360 0.43998148793524355 0.5180788109327492 0.03815461664125017 0.03030912628012441
3359 0.44034124458475726 0.33186829514773375 0.033467116641249996 0.030036110495108837
3932 0.5366538533422226 0.3692857241857509 0.060175087005972294 0.03783319994353018
3921 0.6185415926086463 0.4591757058404866 0.05708645459715278 0.03921368942018653
4190 0.5508416802802086 0.2730176689381965 0.03212282218833344 0.03932010523343692
2944 0.6629974945847572 0.31890004535949523 0.03404899810013902 0.055036110495108835
3900 0.6729368454584378 0.37621201642030005 0.035756968464861136 0.06137711575678066
3889 0.7383410270698266 0.2284577849067387 0.053852351823611144 0.03434417889684287
3878 0.7449741931979863 0.31177851912172316 0.05701371941479181 0.036088689420186525
3822 0.7777698158231601 0.37636466388828616 0.03564786569131932 0.056689615756780755
4370 0.8737369324644101 0.3989383429263034 0.03219555737069442 0.04244510523343692
2956 0.8211996928167368 0.7297857955006696 0.03412173328249999 0.05816111049510884
200 0.8288608435585768 0.42032749551478704 0.019368249050069508 0.027654563140062295