951 0.1453125 0.203125 0.1015625 0.06171875
500 0.27265625 0.26796875 0.03515625 0.0609375
1163 0.36875 0.203125 0.03828125 0.07578125
796 0.56953125 0.29453125 0.10078125 0.06015625
740 0.12265625 0.74921875 0.1015625 0.0609375
752 0.321875 0.67421875 0.1 0.06328125
1096 0.321875 0.73984375 0.1015625 0.0609375
1085 0.23671875 0.2125 0.0375 0.01953125
818 0.7546875 0.21328125 0.06171875 0.1
830 0.765625 0.76796875 0.0625 0.1
1446 0.25390625 0.16484375 0.0734375 0.05546875
1419 0.159375 0.30625 0.1328125 0.09296875
1448 0.15078125 0.6671875 0.06171875 0.06484375
1430 0.24375 0.80390625 0.075 0.0546875
1447 0.40625 0.803125 0.075 0.0515625
852 0.165625 0.6109375 0.0359375 0.02109375
1063 0.21328125 0.63515625 0.03359375 0.02109375
499 0.228125 0.6875 0.03828125 0.0640625
543 0.415625 0.7390625 0.04765625 0.03984375
538 0.48203125 0.76328125 0.0203125 0.053125
728 0.53984375 0.75 0.07265625 0.153125
1417 0.07578125 0.509375 0.07734375 0.0765625
2024 0.0578125 0.25859375 0.03828125 0.01796875
1921 0.0671875 0.2953125 0.01796875 0.03671875
1806 0.03828125 0.29453125 0.01953125 0.03671875
2211 0.275 0.21328125 0.03828125 0.0203125
1840 0.42734375 0.26328125 0.01875 0.0375
1851 0.453125 0.2640625 0.01796875 0.03828125
1829 0.471875 0.3078125 0.01953125 0.03828125
1807 0.37265625 0.4890625 0.01796875 0.03515625
542 0.33046875 0.453125 0.0484375 0.0390625
489 0.2578125 0.4328125 0.0859375 0.16875
713 0.04765625 0.38828125 0.03125 0.03046875
712 0.103125 0.3890625 0.02578125 0.02734375
1172 0.46796875 0.2078125 0.071875 0.0609375
1441 0.4375 0.30390625 0.03359375 0.0359375
1545 0.19765625 0.55 0.0234375 0.05390625
1546 0.22578125 0.55078125 0.02421875 0.0546875
2240 0.3296875 0.5640625 0.0671875 0.12890625
1036 0.2078125 0.86171875 0.03671875 0.01875
2189 0.25546875 0.8609375 0.0390625 0.01953125
1329 0.64609375 0.23125 0.09609375 0.0484375
1384 0.56328125 0.49765625 0.32421875 0.31875
1547 0.634375 0.7609375 0.025 0.053125
1548 0.6671875 0.7609375 0.02421875 0.05390625
1331 0.86796875 0.7296875 0.07265625 0.0421875
1208 0.9578125 0.6578125 0.0484375 0.14140625
1209 0.95703125 0.38515625 0.05 0.3328125
546 0.88671875 0.50859375 0.03984375 0.04765625
1451 0.803125 0.51484375 0.09296875 0.15703125
2025 0.8 0.4140625 0.0390625 0.01875
544 0.81875 0.23984375 0.04765625 0.04140625
545 0.8765625 0.240625 0.04921875 0.03984375
1420 0.77578125 0.309375 0.075 0.04921875
1421 0.775 0.35546875 0.0765625 0.046875
2052 0.8953125 0.29375 0.0390625 0.01875
2045 0.89609375 0.321875 0.03828125 0.01953125
2041 0.8953125 0.35 0.0375 0.01796875
2036 0.8953125 0.37734375 0.0359375 0.0171875
1680 0.4796875 0.16484375 0.0421875 0.02421875
2016 0.78203125 0.62421875 0.03671875 0.01875
2005 0.78203125 0.646875 0.0375 0.01796875
1994 0.78359375 0.66953125 0.0375 0.01796875
1216 0.49921875 0.05234375 0.9578125 0.09375
807 0.6625 0.6921875 0.10703125 0.0671875
1215 0.49921875 0.94375 0.9671875 0.09921875
2700 0.01015625 0.03671875 0.01796875 0.02890625
2644 0.01015625 0.07734375 0.01484375 0.02890625
3057 0.16171875 0.153125 0.0390625 0.0265625
3985 0.04765625 0.228125 0.04453125 0.02421875
3766 0.0375 0.33515625 0.02578125 0.0328125
3877 0.0671875 0.33359375 0.02578125 0.03671875
3296 0.04375 0.41796875 0.05546875 0.02734375
3295 0.10703125 0.41875 0.04765625 0.02578125
4367 0.25078125 0.12421875 0.0390625 0.02421875
3210 0.2296875 0.23828125 0.03515625 0.025
4179 0.31640625 0.21484375 0.03515625 0.02734375
3340 0.26796875 0.3125 0.053125 0.025
4341 0.18828125 0.36640625 0.03046875 0.02421875
2867 0.36875 0.13828125 0.0265625 0.0484375
3258 0.4546875 0.1234375 0.0671875 0.0328125
3866 0.53046875 0.16171875 0.05234375 0.0265625
4371 0.51875 0.2171875 0.025 0.0359375
3800 0.40078125 0.2640625 0.02421875 0.05
4363 0.4 0.3078125 0.025 0.03671875
3232 0.32265625 0.3703125 0.02421875 0.0375
4210 0.328125 0.4140625 0.04765625 0.025
3767 0.3734375 0.44140625 0.0265625 0.05
3811 0.47890625 0.265625 0.0234375 0.04453125
3789 0.50078125 0.30859375 0.02421875 0.04921875
2741 0.8984375 0.115625 0.0390625 0.02734375
4331 0.61953125 0.1921875 0.02890625 0.02421875
4312 0.665625 0.19140625 0.05234375 0.0265625
2900 0.63828125 0.29609375 0.025 0.05
4342 0.72265625 0.3078125 0.02265625 0.0515625
4212 0.821875 0.20390625 0.05390625 0.0234375
4213 0.87421875 0.20390625 0.0515625 0.02578125
3251 0.96171875 0.20625 0.0546875 0.025
4018 0.84609375 0.29765625 0.053125 0.02578125
4010 0.84609375 0.32265625 0.053125 0.02421875
4006 0.84609375 0.346875 0.05234375 0.02421875
4001 0.84609375 0.3765625 0.053125 0.02421875
4343 0.75546875 0.39296875 0.04453125 0.0234375
3986 0.85234375 0.41484375 0.0546875 0.02734375
4372 0.86484375 0.46015625 0.02578125 0.03828125
4372 0.91953125 0.471875 0.02421875 0.08984375
4214 0.89140625 0.5515625 0.05390625 0.02578125
4303 0.1296875 0.50703125 0.02421875 0.0453125
2509 0.16875 0.546875 0.028125 0.06640625
2955 0.1296875 0.59296875 0.034375 0.02265625
4369 0.10390625 0.665625 0.025 0.03671875
3561 0.20625 0.60390625 0.02265625 0.0328125
3563 0.22890625 0.59921875 0.0234375 0.03515625
2350 0.2609375 0.57109375 0.02734375 0.10625
4266 0.2859375 0.565625 0.02265625 0.0484375
3188 0.25078125 0.6359375 0.034375 0.025
2856 0.38984375 0.65703125 0.0234375 0.04453125
2844 0.128125 0.7984375 0.03203125 0.02265625
3339 0.23359375 0.746875 0.02421875 0.0484375
3221 0.25625 0.740625 0.021875 0.03515625
4211 0.42109375 0.6984375 0.053125 0.028125
3430 0.4625 0.6703125 0.06953125 0.02421875
4208 0.45625 0.76171875 0.02421875 0.05
2911 0.59453125 0.69765625 0.02421875 0.05
3564 0.6359375 0.809375 0.0265625 0.034375
3565 0.6625 0.809375 0.02578125 0.03671875
3976 0.8328125 0.6203125 0.0546875 0.02421875
3965 0.8328125 0.64609375 0.0546875 0.02421875
3954 0.8328125 0.67109375 0.0546875 0.02421875
2933 0.7609375 0.7 0.053125 0.025
4325 0.86953125 0.69375 0.06484375 0.0234375
4331 0.9171875 0.61015625 0.025 0.0265625
3250 0.9171875 0.65 0.02421875 0.0453125
2376 0.86640625 0.76796875 0.08671875 0.028125
2700 0.00859375 0.92890625 0.01640625 0.02890625
2644 0.00859375 0.971875 0.0125 0.02578125
3153 0.14921875 0.86171875 0.034375 0.025
4352 0.30234375 0.8109375 0.025 0.03515625
4368 0.3421875 0.8125 0.0234375 0.03515625
4157 0.2984375 0.8609375 0.03515625 0.02265625
3257 0.3890625 0.87265625 0.06328125 0.0296875
4270 0.52421875 0.8390625 0.05234375 0.0234375
2384 0.69921875 0.8609375 0.20859375 0.0609375
2689 0.8390625 0.87734375 0.07109375 0.02578125
2746 0.90390625 0.8828125 0.03984375 0.02578125
312 0.253125 0.16796875 0.01640625 0.02734375
159 0.159375 0.30625 0.06328125 0.05859375
351 0.434375 0.30546875 0.01796875 0.0109375
156 0.46640625 0.20859375 0.0328125 0.02265625
318 0.77421875 0.35390625 0.01171875 0.02421875
318 0.775 0.30546875 0.0109375 0.021875
177 0.56328125 0.5 0.1765625 0.26796875
46 0.80234375 0.51328125 0.08046875 0.0421875
14 0.328125 0.5296875 0.040625 0.01328125
4 0.34453125 0.6 0.025 0.009375
51 0.31328125 0.6 0.02265625 0.0125
61 0.2578125 0.43046875 0.0515625 0.075
344 0.04609375 0.38671875 0.01328125 0.009375
82 0.146875 0.665625 0.03203125 0.03671875
313 0.24375 0.803125 0.0140625 0.03828125
325 0.40234375 0.8 0.01796875 0.0390625