1216 0.496875 0.05546875 0.96640625 0.0953125
1782 0.0375 0.3875 0.05859375 0.34296875
1329 0.35078125 0.23359375 0.09140625 0.04765625
4490 0.5203125 0.2203125 0.03984375 0.02109375
1675 0.434375 0.23359375 0.03828125 0.02109375
1677 0.43359375 0.2546875 0.03984375 0.01796875
1673 0.434375 0.2765625 0.03828125 0.01796875
4490 0.40546875 0.28671875 0.01796875 0.0359375
4490 0.22265625 0.30703125 0.03828125 0.02109375
4490 0.56171875 0.30234375 0.0203125 0.0375
4490 0.7265625 0.27734375 0.0203125 0.0390625
1074 0.81953125 0.26796875 0.04140625 0.02109375
741 0.696875 0.35703125 0.103125 0.0625
4490 0.55703125 0.34375 0.03671875 0.01796875
4490 0.47109375 0.36015625 0.025 0.0375
774 0.58671875 0.3921875 0.03671875 0.071875
4490 0.3859375 0.40625 0.03828125 0.01953125
4490 0.49921875 0.403125 0.03828125 0.02265625
4490 0.5015625 0.42421875 0.03671875 0.01953125
1983 0.434375 0.43203125 0.01796875 0.0375
4490 0.3203125 0.45234375 0.0203125 0.0359375
4490 0.25390625 0.46171875 0.01796875 0.034375
1457 0.37578125 0.4734375 0.025 0.05234375
4490 0.3296875 0.48046875 0.03671875 0.01953125
1954 0.43515625 0.46796875 0.0203125 0.034375
1458 0.52734375 0.46875 0.025 0.05546875
4490 0.50703125 0.47109375 0.0203125 0.0375
4440 0.73359375 0.47421875 0.046875 0.040625
4490 0.4046875 0.4984375 0.03671875 0.01640625
841 0.4421875 0.49921875 0.03515625 0.02109375
1944 0.48046875 0.4984375 0.03828125 0.01953125
4490 0.5078125 0.521875 0.021875 0.0375
4490 0.55 0.5171875 0.03984375 0.02421875
1962 0.50859375 0.5609375 0.0234375 0.0390625
1972 0.4328125 0.528125 0.021875 0.0359375
4490 0.43359375 0.56484375 0.0234375 0.034375
2200 0.7296875 0.51640625 0.03984375 0.01953125
2156 0.771875 0.54765625 0.01640625 0.0390625
2080 0.7984375 0.54921875 0.0203125 0.0359375
4490 0.3484375 0.53046875 0.03984375 0.02109375
4490 0.28359375 0.5765625 0.0234375 0.0375
2222 0.35234375 0.5703125 0.03828125 0.01953125
4490 0.41328125 0.59921875 0.0203125 0.0375
4490 0.4515625 0.6328125 0.0203125 0.0359375
4490 0.58828125 0.61875 0.0234375 0.0375
1208 0.04296875 0.65703125 0.06328125 0.14453125
785 0.5265625 0.7109375 0.06328125 0.1
1933 0.33203125 0.7609375 0.0203125 0.0390625
1922 0.36484375 0.7625 0.0234375 0.04296875
1865 0.509375 0.7765625 0.03828125 0.02109375
4490 0.46640625 0.82578125 0.0234375 0.0375
1449 0.515625 0.815625 0.0546875 0.05078125
4490 0.56640625 0.8125 0.0203125 0.034375
853 0.78984375 0.809375 0.1 0.0640625
1215 0.49765625 0.946875 0.95859375 0.08671875
3844 0.4796875 0.2421875 0.046875 0.02421875
3855 0.48046875 0.26796875 0.0484375 0.02421875
3833 0.4796875 0.29296875 0.05 0.02421875
2845 0.66796875 0.3109375 0.05 0.02421875
3199 0.825 0.2921875 0.03671875 0.02265625
4018 0.43359375 0.38515625 0.0265625 0.04921875
2878 0.6203125 0.4078125 0.0234375 0.05234375
3753 0.7234375 0.43828125 0.03359375 0.02421875
4168 0.690625 0.51640625 0.03515625 0.0265625
4122 0.77109375 0.5875 0.025 0.034375
4046 0.7984375 0.5859375 0.0234375 0.03125
3911 0.4578125 0.46015625 0.025 0.05078125
3360 0.53203125 0.421875 0.0234375 0.034375
3359 0.34921875 0.45234375 0.025 0.0296875
3932 0.4046875 0.540625 0.0265625 0.05546875
3921 0.509375 0.60703125 0.028125 0.05390625
4190 0.3125 0.5703125 0.03515625 0.0265625
2944 0.3796875 0.6734375 0.05 0.0265625
3900 0.43828125 0.6734375 0.05703125 0.0265625
3889 0.30546875 0.76171875 0.025 0.05078125
3878 0.3890625 0.7546875 0.025 0.05390625
3822 0.459375 0.7765625 0.0515625 0.028125
4370 0.5 0.8671875 0.03671875 0.0265625
2956 0.81640625 0.76171875 0.053125 0.02421875
200 0.5125 0.81953125 0.025 0.01640625