1345 0.9514456045588802 0.7888468905381641 0.03371127081949084 0.13768567029858758
1793 0.9538313224806221 0.6913709569980245 0.04046431369509022 0.02460651609154354
1345 0.9552843985142138 0.6528165553888702 0.030889054595791877 0.02082595222957302
1793 0.9576701164359559 0.5553406218487307 0.04066457279438893 0.02773151609154354
1793 0.9057316748892589 0.32040824697478143 0.03439358883351815 0.07551345222957302
1793 0.9356194339885576 0.32145729474520846 0.04813471622369932 0.12002827673520508
1793 0.9491534029900339 0.20201352605577508 0.03046755243632333 0.06279493094224949
1793 0.8995458243355486 0.11366657407830365 0.05694851172019213 0.13619957995351378
1793 0.9516194640642308 0.09354546219380465 0.03203005243632333 0.06290419158591123
1793 0.9712980575258399 0.14853896479169468 0.05740388494832018 0.22671531930985206
3243 0.8666583968161706 0.8740356275487139 0.00901405459579152 0.01929630321830871
1118 0.8564520820413459 0.8739645717325152 0.01959060919158375 0.03870186708027923
1793 0.7894741355574038 0.9186704203754623 0.04166586829088246 0.04335651609154354
1793 0.7122107287098585 0.9130866919148873 0.0882404796419344 0.04194683540139543
1793 0.7131328786175735 0.8784931706275639 0.0587532387412331 0.042995883171822416
1793 0.6362292196105599 0.9152608331324814 0.04146560919158375 0.04023151609154354
1164 0.8131610479605034 0.4555805584909634 0.011638406847545468 0.011702324505632156
1793 0.11703610811184954 0.05526130036831708 0.04344721622369909 0.11052260073663416
1793 0.15524511181247735 0.15708089046128954 0.018829145588778306 0.051092606436617324
1345 0.12623753469915155 0.21875036397818595 0.08297079117755653 0.105353771539425
2234 0.1781504881229242 0.2206135127373487 0.014863536397194555 0.013483345792955603
2234 0.1652196915466968 0.22701097820847344 0.011938795496493172 0.016389824505632155
2234 0.15378154379845022 0.2199633027141056 0.014963665946843906 0.015045845792955603
1780 0.1416319972222228 0.22630613786339948 0.012139054595791876 0.019514824505632154
245 0.1773692381229242 0.22066814305917956 0.006650518198597322 0.006687042574646895
288 0.16516962677187214 0.22622972820847345 0.005288277297895938 0.00970278193098526
198 0.15295022902362554 0.2192366830359364 0.006650518198597277 0.006687042574646895
1793 0.1523680405592477 0.2836269649669217 0.020291516039128953 0.04963936708027905
1793 0.1813312546234785 0.4416908372429808 0.03675712523071271 0.08812271287323466
1793 0.1836063510151357 0.366980414346503 0.04060401603912896 0.05105975544788164
1793 0.17758329580103502 0.5424010314267822 0.048595791177556566 0.10295003737886681
1793 0.17544790175341624 0.6437832149669216 0.03998225478036197 0.08990373416055811
1793 0.17307267581210967 0.7169311378633995 0.04226664558877831 0.05273151609154336
1793 0.2288685001476583 0.8895984595190398 0.07345608883351806 0.0782449683211162
1793 0.16895327960502254 0.8608286033345243 0.0546059592838688 0.07537134059717551
1793 0.15154693167220581 0.7851401884838181 0.058331736581764694 0.08496486188449914
1345 0.11547212445552031 0.6385601194260676 0.062115675507567844 0.1925588405971755
1345 0.11916192165005653 0.4389753826676194 0.062315934606866505 0.19568384059717553
1793 0.4364609546511651 0.8593871635901984 0.09252506631598419 0.15735331411407216
739 0.3520289905869343 0.7052020441641307 0.017727720542635696 0.03390510643661741
2763 0.342553861037285 0.7042951080261013 0.00881379549649317 0.01617130321830871
1162 0.31796487121631783 0.6879652676810272 0.017727720542635696 0.03390510643661741
4401 0.3084396768918438 0.6862770815429977 0.01137759099298643 0.03190556386197052
1793 0.33469129626246036 0.7040601612444098 0.020491775138427572 0.052764367080279054
1793 0.25372189851421373 0.7018745843929892 0.07557979333702489 0.06283848960843982
1793 0.28007484499815605 0.6600095124852471 0.040464313695090494 0.02460651609154354
1793 0.33721671652824087 0.6332559883479321 0.020291516039128953 0.04963936708027905
1793 0.3378291833702488 0.5570923260951159 0.020291516039128953 0.04963936708027905
1793 0.3403045388612047 0.4855069031986382 0.020391645588778307 0.05120186708027905
738 0.35594812769472284 0.558179578693006 0.01762759099298643 0.03234260643661742
2743 0.3464229333702488 0.5564913925549765 0.009014054595791876 0.01929630321830871
737 0.5727686944721323 0.8679048679134583 0.017727720542635696 0.03390510643661741
2697 0.5624622501476584 0.8662713120972596 0.008913925046142523 0.017733803218308707