1345 0.9512461686558478 0.23563893586891513 0.03907645250377882 0.13473862667090888
1793 0.9323680950630291 0.3318872272040514 0.04042757892507751 0.023892033338636143
1345 0.9254509661520689 0.3702230212046877 0.030779563140062294 0.019095445337363515
1793 0.9057916425592503 0.4664804032065968 0.0421720894484217 0.027035214672181597
1793 0.8044966401401756 0.6909451485519144 0.03718075256024882 0.07538180800445424
1793 0.833220879616832 0.6937337938813236 0.05379139988706072 0.11929544000636341
1793 0.8207447244680995 0.8141099285487327 0.03332771046687384 0.06284544533736351
1793 0.7528677087536713 0.8937525225573232 0.062513952503779 0.13501134667409076
1793 0.7996671140435779 0.9213139012174144 0.034890210466873836 0.06286362667090906
1793 0.832312285047913 0.8701872058800509 0.07238875241907436 0.22412839067472703
3243 0.8874027475103384 0.1387917552116874 0.010467063140062294 0.018859088001272672
1118 0.8781187527720103 0.13733834321296007 0.020934126280124588 0.037718176002545345
1793 0.8211021842996891 0.08413207455445972 0.04308214206513981 0.042660214672181576
1793 0.7449492079772124 0.0779917098981865 0.08977513154179632 0.040080654678544915
1793 0.7390408422204316 0.11241216323205012 0.06026964206513981 0.04286020934118144
1793 0.6707227527014231 0.06558316390836785 0.04290013154179615 0.03953521467218155
1164 0.7435653873681655 0.5440979678946867 0.011574536831702887 0.011064769334818082
1793 0.03554224281336392 0.743613092655955 0.02009966837349917 0.050199994668999895
1345 0.032121318719376304 0.6782062686585004 0.06424263743875261 0.1040704293443632
2234 0.07181294275689418 0.6838562846515007 0.014790542093374803 0.012663632001908986
2234 0.05976796906525343 0.6761892353198642 0.011938557878390332 0.01731476933481808
2234 0.047776203280237885 0.681013095321455 0.014881547355046631 0.014226132001908986
1780 0.03729372958859713 0.6733278646562733 0.013683068401734033 0.020457950668363624
245 0.07103169275689418 0.6838653753182735 0.008267526308359252 0.007903406667727353
288 0.0597224664344175 0.6769704853198644 0.005233531570031103 0.00942954400063627
198 0.04694945064940196 0.6818034359882278 0.008267526308359252 0.007903406667727353
1793 0.06079141374711185 0.6184040073201824 0.02157116311182732 0.04865567600254543
1793 0.12274392412928119 0.46622334197963733 0.039471294653623534 0.08789998933799978
1793 0.10904617419986837 0.54055117998091 0.04353716837349917 0.0504727146721816
1793 0.14184951087627956 0.36606880064450104 0.05269933674699834 0.10054544000636341
1793 0.16169084499244196 0.266686418642592 0.042687299915295365 0.0894988520050907
1793 0.17534309229101885 0.19313983064131934 0.04362817363517104 0.05203521467218155
1793 0.26665687898154744 0.03458299065086436 0.07606124203690508 0.06916598130172873
1793 0.20311031847232122 0.05150631397200128 0.0574022472985769 0.07405566534054511
1793 0.17001782643541613 0.12371766864259201 0.06272678413027988 0.08504770934118144
1345 0.10180761077745752 0.2626988999840917 0.07047764192396562 0.19131589067472685
1345 0.06221594780680453 0.45990116398790964 0.07065965244730928 0.19444089067472686
1793 0.4638889237763454 0.09141150926959384 0.09954351564384112 0.15417951734563579
739 0.3472412081183867 0.23095636195100228 0.019098610495108838 0.033012494668999894
2763 0.33791171074922266 0.2302841999522749 0.008722552616718459 0.015715906667727174
1162 0.3105756660250119 0.2438745326225475 0.019098610495108838 0.033012494668999894
4401 0.3012006660250119 0.24398362062382012 0.012757605233436919 0.03137726933481808
1793 0.3309259633800586 0.22958476595322944 0.02175317363517104 0.051780676002545344
1793 0.2510487475809256 0.2203648546308198 0.0769867052052021 0.06179202267663584
1793 0.267940844992442 0.26545008796150177 0.04042757892507769 0.023892033338636143
1793 0.31745572660482535 0.3000063539545021 0.021571163111827295 0.04865567600254535
1793 0.3013687240445766 0.3751427139560929 0.021571163111827295 0.04865567600254535
1793 0.28863423463850746 0.4463364612905929 0.021662168373499213 0.05021817600254543
738 0.31924646878290475 0.3764961286203203 0.01900760523343692 0.03144999466899989
2743 0.30982596615206887 0.37738646662159303 0.010467063140062117 0.018859088001272718
737 0.5990528790521347 0.10311098325114014 0.019098610495108838 0.033012494668999894
2697 0.5889421316829706 0.10244791191918554 0.008813557878390199 0.01727840666772722