1345 0.1421875 0.08046875 0.053125 0.10078125
2728 0.140625 0.1328125 0.0078125 0.00703125
2240 0.0984375 0.16953125 0.04765625 0.0890625
4266 0.09375 0.12265625 0.0125 0.00859375
3434 0.13046875 0.13359375 0.00625 0.0109375
1232 0.196875 0.06796875 0.0546875 0.07734375
234 0.10234375 0.14296875 0.0125 0.0109375
202 0.103125 0.19375 0.0125 0.01015625
131 0.17109375 0.17421875 0.0265625 0.02890625
1377 0.12734375 0.17109375 0.0234375 0.08125
1804 0.14453125 0.175 0.009375 0.01796875
951 0.14453125 0.14609375 0.00859375 0.01796875
1036 0.14375 0.20625 0.00859375 0.0171875
3561 0.15390625 0.14765625 0.00625 0.01015625
3486 0.14375 0.1875 0.0078125 0.0078125
3153 0.15234375 0.2015625 0.0046875 0.01015625
1063 0.2 0.1140625 0.01328125 0.0109375
846 0.2 0.14765625 0.0125 0.0109375
1843 0.20390625 0.13125 0.00703125 0.01796875
1164 0.215625 0.1140625 0.0125 0.0109375
2949 0.19140625 0.14140625 0.0046875 0.0171875
3188 0.19140625 0.11953125 0.00703125 0.01015625
3803 0.1984375 0.12890625 0.00546875 0.01796875
3562 0.2203125 0.15234375 0.01015625 0.00859375
2702 0.23359375 0.1515625 0.009375 0.00703125
3269 0.2125 0.16875 0.00625 0.00703125
2947 0.2296875 0.17890625 0.0046875 0.0171875
3501 0.22578125 0.040625 0.00625 0.0078125
2945 0.2359375 0.04296875 0.0125 0.00703125
2943 0.25078125 0.04375 0.0125 0.00703125
2939 0.26484375 0.04375 0.0125 0.00625
2938 0.2796875 0.04296875 0.0125 0.00703125
2934 0.29375 0.04296875 0.0125 0.00703125
2932 0.30625 0.04375 0.01171875 0.00703125
2928 0.31796875 0.04375 0.01171875 0.00703125
2927 0.3296875 0.04375 0.01171875 0.00625
2300 0.3484375 0.04296875 0.02421875 0.00859375
2249 0.3546875 0.05234375 0.00625 0.00859375
3497 0.3515625 0.10859375 0.00546875 0.01484375
2839 0.3578125 0.10390625 0.00546875 0.02109375
2646 0.2890625 0.1515625 0.009375 0.00625
2694 0.23359375 0.06328125 0.00859375 0.00703125
2644 0.33671875 0.0640625 0.003125 0.0078125
2785 0.28984375 0.06328125 0.00625 0.0078125
2645 0.3390625 0.15234375 0.00625 0.0078125
2840 0.40234375 0.1046875 0.00546875 0.021875
3449 0.465625 0.11640625 0.00546875 0.028125
3217 0.53359375 0.05 0.0046875 0.0140625
3218 0.53359375 0.07109375 0.0046875 0.01328125
3466 0.578125 0.1109375 0.0078125 0.00703125
3182 0.584375 0.1046875 0.00546875 0.0140625
3694 0.5953125 0.08203125 0.01484375 0.00859375
3289 0.6265625 0.10859375 0.00859375 0.0125
3186 0.6046875 0.1359375 0.0046875 0.01328125
3510 0.63046875 0.07890625 0.00546875 0.009375
2265 0.61640625 0.04375 0.01328125 0.0078125
3079 0.6234375 0.16015625 0.00703125 0.009375
3921 0.64140625 0.128125 0.009375 0.0109375
3932 0.6421875 0.1390625 0.009375 0.01171875
3943 0.64140625 0.15078125 0.009375 0.0109375
3844 0.7 0.121875 0.00546875 0.01328125
3878 0.7 0.1359375 0.0046875 0.0125
3189 0.7359375 0.1359375 0.0046875 0.01328125
2275 0.765625 0.0453125 0.0140625 0.0078125
3693 0.74453125 0.08359375 0.0140625 0.00703125
3190 0.75625 0.10546875 0.00546875 0.0125
3202 0.784375 0.06015625 0.009375 0.00625
2607 0.91015625 0.1390625 0.0171875 0.00859375
4304 0.896875 0.14609375 0.01171875 0.0078125
2265 0.909375 0.1609375 0.01484375 0.0078125
2275 0.909375 0.18359375 0.015625 0.0078125
2284 0.909375 0.20625 0.015625 0.0078125
2293 0.909375 0.22890625 0.015625 0.00859375
4322 0.896875 0.16953125 0.009375 0.00703125
4321 0.896875 0.1921875 0.00859375 0.00703125
4320 0.896875 0.2140625 0.009375 0.00703125
4316 0.896875 0.2375 0.009375 0.00703125
4303 0.896875 0.26015625 0.00859375 0.00703125
4401 0.9109375 0.25234375 0.0203125 0.00859375
3451 0.875 0.22578125 0.00625 0.028125
2644 0.87734375 0.2890625 0.003125 0.00859375
3516 0.896875 0.2765625 0.0078125 0.00859375
2728 0.9171875 0.28984375 0.0046875 0.00859375
3985 0.90234375 0.30703125 0.0046875 0.00859375
3558 0.896875 0.34140625 0.0140625 0.0078125
2367 0.89140625 0.378125 0.00703125 0.0640625
3515 0.15703125 0.240625 0.00625 0.01015625
2249 0.20234375 0.2234375 0.00546875 0.00703125
4116 0.21875 0.27890625 0.00859375 0.00703125
4111 0.20859375 0.28828125 0.009375 0.00625
4089 0.21796875 0.28828125 0.009375 0.00625
2946 0.2546875 0.18125 0.0046875 0.0171875
2941 0.259375 0.18125 0.00390625 0.01640625
2942 0.2546875 0.2109375 0.00390625 0.01640625
2249 0.25546875 0.2234375 0.00625 0.00859375
2955 0.26328125 0.23125 0.00859375 0.01328125
2940 0.284375 0.18125 0.0046875 0.0171875
2935 0.28828125 0.18046875 0.00390625 0.01640625
2937 0.284375 0.2109375 0.0046875 0.01640625
2931 0.31328125 0.2109375 0.0046875 0.015625
2936 0.31328125 0.18125 0.00390625 0.01640625
2929 0.3171875 0.18125 0.0046875 0.015625
2930 0.34609375 0.16484375 0.00390625 0.01640625
3185 0.584375 0.16796875 0.0046875 0.01328125
3193 0.584375 0.1953125 0.0046875 0.01328125
3475 0.578125 0.203125 0.0078125 0.00703125
3194 0.62578125 0.2140625 0.0046875 0.01171875
3195 0.62578125 0.22734375 0.0046875 0.0125
2956 0.65 0.16953125 0.009375 0.00703125
3157 0.66328125 0.16953125 0.009375 0.00703125
3204 0.6765625 0.16953125 0.00859375 0.00625
3222 0.6890625 0.1703125 0.009375 0.00703125
3889 0.7078125 0.159375 0.009375 0.00703125
3154 0.71484375 0.16328125 0.0078125 0.0109375
3198 0.71484375 0.24140625 0.00546875 0.01171875
3200 0.71484375 0.228125 0.0046875 0.0125
3225 0.715625 0.2140625 0.00390625 0.01015625
3472 0.7625 0.16171875 0.00859375 0.00625
3186 0.75625 0.16953125 0.00546875 0.01328125
3201 0.75625 0.196875 0.00546875 0.01171875
3197 0.75625 0.26015625 0.00546875 0.01328125
3474 0.7625 0.25234375 0.00859375 0.00703125
4427 0.67265625 0.2484375 0.04765625 0.0296875
2533 0.67265625 0.26875 0.05546875 0.0109375
1246 0.1046875 0.3125 0.096875 0.18984375
2117 0.1859375 0.30078125 0.0078125 0.01953125
2156 0.18515625 0.32734375 0.00859375 0.01796875
3416 0.175 0.2921875 0.0046875 0.01796875
3415 0.175 0.3125 0.00546875 0.01796875
3414 0.175 0.33203125 0.00546875 0.01875
3429 0.17421875 0.34765625 0.00546875 0.01328125
4083 0.18046875 0.30078125 0.00546875 0.01328125
4122 0.18046875 0.32734375 0.0046875 0.009375
2967 0.18046875 0.3484375 0.0046875 0.01328125
4179 0.1796875 0.359375 0.00625 0.00703125
2867 0.228125 0.309375 0.009375 0.00703125
2878 0.23671875 0.328125 0.00859375 0.00625
2922 0.23984375 0.3375 0.0046875 0.01328125
3437 0.26484375 0.2890625 0.0171875 0.01484375
2948 0.2640625 0.309375 0.0046875 0.01640625
2249 0.284375 0.2953125 0.00625 0.00703125
2249 0.30625 0.29453125 0.00625 0.00859375
3210 0.31484375 0.23125 0.009375 0.01171875
3196 0.584375 0.25859375 0.0046875 0.01484375
3473 0.578125 0.2953125 0.00859375 0.00625
3207 0.58359375 0.2875 0.0046875 0.01328125
3205 0.621875 0.240625 0.00390625 0.01015625
2730 0.6484375 0.31875 0.0046875 0.01328125
3512 0.68046875 0.3015625 0.01015625 0.0078125
2725 0.71328125 0.31953125 0.00546875 0.01171875
2977 0.728125 0.31484375 0.0046875 0.015625
3458 0.73671875 0.32109375 0.01015625 0.00625
2884 0.75859375 0.3125 0.01171875 0.00546875
4056 0.78671875 0.3125 0.009375 0.00625
4220 0.771875 0.3625 0.01796875 0.00625
4153 0.79453125 0.35703125 0.00546875 0.0125
4137 0.8078125 0.3125 0.009375 0.00703125
2885 0.75859375 0.4109375 0.0125 0.00703125
2883 0.75859375 0.428125 0.0125 0.00703125
3225 0.80390625 0.29140625 0.00546875 0.01328125
4318 0.1953125 0.39140625 0.00859375 0.00703125
3455 0.2203125 0.4046875 0.009375 0.0078125
3778 0.17890625 0.40546875 0.00859375 0.00625
3824 0.17265625 0.4125 0.0109375 0.00703125
3823 0.17109375 0.41953125 0.01171875 0.00625
3789 0.1796875 0.42109375 0.0046875 0.01328125
3413 0.16953125 0.43125 0.009375 0.00703125
4027 0.1796875 0.43203125 0.009375 0.00703125
3811 0.1953125 0.43203125 0.009375 0.00546875
3822 0.2046875 0.43125 0.00859375 0.00703125
3800 0.21484375 0.43203125 0.009375 0.00625
3127 0.23984375 0.40390625 0.0046875 0.01328125
3168 0.23984375 0.4171875 0.0046875 0.01328125
3456 0.23359375 0.428125 0.01171875 0.01640625
3047 0.27578125 0.428125 0.01171875 0.01640625
3036 0.26796875 0.42265625 0.0046875 0.01328125
2955 0.26796875 0.3828125 0.00625 0.00625
2249 0.284375 0.43984375 0.00546875 0.0078125
2249 0.30703125 0.36796875 0.00546875 0.0078125
2249 0.30625 0.43984375 0.00625 0.0078125
3450 0.490625 0.4609375 0.02109375 0.00859375
3219 0.5328125 0.4734375 0.0046875 0.01328125
3220 0.53203125 0.49375 0.0046875 0.0125
3211 0.58359375 0.35078125 0.0046875 0.0125
3213 0.58359375 0.37890625 0.0046875 0.01328125
3476 0.578125 0.38671875 0.0078125 0.00625
2976 0.6328125 0.37421875 0.00546875 0.01640625
2702 0.6484375 0.39375 0.0046875 0.01328125
3214 0.62578125 0.39765625 0.00546875 0.0125
3215 0.625 0.4109375 0.00546875 0.01328125
2906 0.63359375 0.43046875 0.0125 0.00625
3216 0.58359375 0.4421875 0.0046875 0.01328125
2648 0.71328125 0.39453125 0.0046875 0.0109375
4224 0.77890625 0.45078125 0.01796875 0.00703125
4223 0.79375 0.43125 0.0171875 0.00625
3514 0.9171875 0.4203125 0.00546875 0.01015625
3765 0.88671875 0.4359375 0.00390625 0.00625
3993 0.88671875 0.44453125 0.009375 0.00625
4018 0.9015625 0.44453125 0.009375 0.00625
4280 0.8890625 0.484375 0.0078125 0.028125
3579 0.88828125 0.5015625 0.01171875 0.00625
3578 0.9 0.50234375 0.01171875 0.00625
3577 0.91171875 0.50234375 0.0109375 0.00625
3585 0.90078125 0.4765625 0.00859375 0.04296875
2539 0.9109375 0.478125 0.00703125 0.0390625
4418 0.85625 0.48984375 0.0109375 0.00625
4163 0.91015625 0.55546875 0.009375 0.00703125
4162 0.89921875 0.55546875 0.009375 0.00703125
4161 0.88828125 0.55546875 0.009375 0.00703125
3565 0.86640625 0.56328125 0.00703125 0.00703125
2873 0.9015625 0.565625 0.0125 0.00703125
3976 0.85390625 0.5234375 0.009375 0.00546875
4006 0.8359375 0.52421875 0.0046875 0.01328125
2858 0.828125 0.5296875 0.01171875 0.00546875
2859 0.834375 0.55546875 0.00390625 0.0125
3198 0.85234375 0.5625 0.00859375 0.00703125
2862 0.825 0.48515625 0.01171875 0.00703125
2861 0.8125 0.4828125 0.01171875 0.00625
2755 0.8109375 0.51328125 0.0046875 0.00859375
2754 0.8171875 0.52109375 0.0046875 0.00859375
2734 0.8171875 0.5765625 0.0046875 0.0078125
2733 0.81171875 0.584375 0.0046875 0.0078125
2864 0.7921875 0.5984375 0.00859375 0.015625
3789 0.81328125 0.603125 0.00625 0.009375
3460 0.734375 0.46796875 0.0109375 0.00546875
4066 0.75625 0.47578125 0.0046875 0.0125
4077 0.75625 0.48984375 0.0046875 0.0125
2644 0.76484375 0.52265625 0.00546875 0.00390625
2857 0.7390625 0.54140625 0.00390625 0.01328125
2785 0.71328125 0.47109375 0.00546875 0.009375
3461 0.7578125 0.5734375 0.009375 0.01796875
2690 0.77109375 0.584375 0.0046875 0.00859375
2685 0.76484375 0.57734375 0.0046875 0.00859375
2646 0.64765625 0.4703125 0.00546875 0.0125
2904 0.640625 0.48515625 0.01015625 0.00546875
2905 0.640625 0.52734375 0.009375 0.00546875
3469 0.6125 0.53828125 0.0109375 0.00625
3470 0.64609375 0.56015625 0.0046875 0.0140625
3465 0.65234375 0.578125 0.0046875 0.01484375
2908 0.6484375 0.60234375 0.01171875 0.00625
2902 0.584375 0.48515625 0.009375 0.00625
3058 0.27578125 0.5 0.01171875 0.01640625
3240 0.2421875 0.48671875 0.009375 0.00546875
3239 0.25 0.4734375 0.00390625 0.0125
3227 0.2296875 0.48671875 0.009375 0.00625
3225 0.24921875 0.5125 0.009375 0.00625
3226 0.23515625 0.51796875 0.009375 0.00703125
3235 0.1890625 0.48984375 0.00546875 0.01328125
3422 0.16953125 0.45078125 0.009375 0.00703125
3423 0.16875 0.4703125 0.009375 0.00703125
3424 0.16875 0.48984375 0.009375 0.00703125
3425 0.16953125 0.51015625 0.009375 0.00703125
3426 0.16875 0.5296875 0.009375 0.00703125
3427 0.16875 0.55 0.009375 0.00703125
3428 0.16875 0.56953125 0.009375 0.00703125
4001 0.1796875 0.4515625 0.009375 0.00703125
3997 0.1796875 0.47109375 0.009375 0.00703125
3986 0.17890625 0.49140625 0.009375 0.00703125
3954 0.17890625 0.5109375 0.00859375 0.00625
3965 0.17890625 0.55078125 0.009375 0.00703125
4032 0.17890625 0.5703125 0.009375 0.00625
3477 0.2328125 0.5640625 0.00546875 0.01328125
2881 0.29609375 0.51640625 0.01015625 0.00625
2645 0.3171875 0.6140625 0.0046875 0.0078125
3353 0.35625 0.59453125 0.0140625 0.06015625
3632 0.3421875 0.59375 0.0140625 0.05625
4175 0.77109375 0.61640625 0.0046875 0.0125
4167 0.77109375 0.596875 0.0046875 0.01328125
2863 0.77734375 0.60078125 0.0046875 0.0140625
2875 0.8 0.62890625 0.00390625 0.01328125
2870 0.78984375 0.634375 0.00390625 0.01328125
2872 0.796875 0.64765625 0.0125 0.00703125
2874 0.8140625 0.6203125 0.00390625 0.0140625
2849 0.7765625 0.63984375 0.0046875 0.01640625
4103 0.7765625 0.6546875 0.0046875 0.0125
3420 0.784375 0.6609375 0.0046875 0.01796875
3568 0.75625 0.6578125 0.00546875 0.00859375
4172 0.81171875 0.6734375 0.0046875 0.01171875
3357 0.9140625 0.71015625 0.0125 0.0234375
4330 0.8734375 0.69921875 0.01328125 0.00703125
3418 0.8578125 0.72109375 0.01171875 0.0109375
4152 0.83671875 0.725 0.009375 0.00625
2874 0.8140625 0.7015625 0.0109375 0.0140625
2879 0.78125 0.6890625 0.0046875 0.01640625
2850 0.7765625 0.68515625 0.0046875 0.0171875
2877 0.79609375 0.7234375 0.0125 0.00703125
2851 0.77109375 0.72265625 0.01171875 0.00625
3567 0.753125 0.6828125 0.0046875 0.00859375
2846 0.73515625 0.73046875 0.01171875 0.00703125
4094 0.71640625 0.68359375 0.0046875 0.01328125
2847 0.7140625 0.69765625 0.00546875 0.01640625
2947 0.72578125 0.659375 0.0125 0.00546875
3468 0.35234375 0.7109375 0.01015625 0.00703125
2896 0.32109375 0.721875 0.00390625 0.01328125
2646 0.3171875 0.6828125 0.0046875 0.0125
2785 0.25234375 0.68203125 0.00390625 0.00859375
3496 0.24609375 0.7296875 0.00546875 0.015625
4173 0.2078125 0.71484375 0.00859375 0.0109375
4177 0.23828125 0.715625 0.00859375 0.0125
4193 0.2171875 0.7171875 0.00859375 0.0125
4188 0.228125 0.71796875 0.0078125 0.01171875
3832 0.24140625 0.7453125 0.0125 0.00703125
2694 0.2515625 0.75859375 0.00546875 0.01171875
3004 0.23125 0.76796875 0.0046875 0.01640625
3464 0.2296875 0.6015625 0.00546875 0.01796875
2644 0.25234375 0.6171875 0.0046875 0.00390625
3271 0.20625 0.63671875 0.009375 0.00625
4176 0.1828125 0.6109375 0.009375 0.009375
4219 0.1765625 0.59765625 0.00546875 0.02421875
2895 0.15078125 0.61171875 0.0078125 0.0109375
4183 0.159375 0.61015625 0.009375 0.00703125
2915 0.1203125 0.60703125 0.0125 0.00625
2916 0.0953125 0.6125 0.0125 0.00703125
3781 0.1265625 0.6359375 0.0046875 0.015625
3788 0.18046875 0.6453125 0.0046875 0.01640625
3005 0.16875 0.63984375 0.009375 0.00546875
3787 0.1609375 0.640625 0.0078125 0.0171875
2264 0.090625 0.6578125 0.00625 0.04140625
3784 0.11328125 0.67421875 0.0046875 0.0171875
3782 0.11328125 0.65390625 0.0046875 0.01640625
3569 0.11328125 0.6390625 0.00625 0.00625
3495 0.09140625 0.715625 0.00625 0.0140625
2918 0.1171875 0.7140625 0.01015625 0.0140625
3791 0.14375 0.6875 0.01171875 0.00546875
3786 0.18359375 0.69296875 0.0046875 0.015625
2924 0.196875 0.7328125 0.009375 0.0140625
3421 0.19921875 0.75 0.0109375 0.015625
3795 0.1625 0.76640625 0.0125 0.00703125
2923 0.1875 0.77734375 0.0125 0.00625
3793 0.14609375 0.78125 0.0125 0.00703125
2262 0.090625 0.79375 0.00625 0.0421875
3794 0.1265625 0.80234375 0.00546875 0.0171875
3792 0.1265625 0.78515625 0.0046875 0.01640625
2576 0.13359375 0.80078125 0.0046875 0.03359375
2249 0.14375 0.80078125 0.01484375 0.00859375
3471 0.23125 0.83359375 0.01015625 0.00625
2725 0.2515625 0.834375 0.0046875 0.01171875
2730 0.31640625 0.83515625 0.0046875 0.01328125
2702 0.31640625 0.75859375 0.0046875 0.01328125
3467 0.3453125 0.81328125 0.00546875 0.01484375
4292 0.42265625 0.86640625 0.00859375 0.0109375
4289 0.42265625 0.78828125 0.00859375 0.0109375
4290 0.42265625 0.8140625 0.00859375 0.01015625
4291 0.42265625 0.840625 0.00859375 0.0109375
4128 0.821875 0.725 0.009375 0.00625
4123 0.821875 0.74296875 0.009375 0.00703125
4151 0.8359375 0.74296875 0.009375 0.00703125
2865 0.8125 0.76640625 0.0046875 0.01640625
3417 0.86328125 0.75859375 0.00546875 0.01640625
3435 0.85078125 0.81328125 0.01796875 0.0078125
2866 0.83828125 0.81953125 0.00703125 0.015625
3419 0.85859375 0.828125 0.01171875 0.0109375
4155 0.82265625 0.83125 0.009375 0.00625
4154 0.821875 0.85 0.01015625 0.00625
4160 0.8359375 0.83125 0.009375 0.00625
3459 0.78671875 0.82265625 0.00546875 0.01796875
2886 0.80234375 0.859375 0.009375 0.00546875
4286 0.83203125 0.86953125 0.0078125 0.01015625
4287 0.84765625 0.8734375 0.0078125 0.01015625
4222 0.803125 0.8890625 0.0171875 0.00625
3413 0.86171875 0.8671875 0.00859375 0.0125
2506 0.9125 0.81640625 0.01328125 0.01640625
2507 0.9125 0.92265625 0.0140625 0.0171875
3436 0.80625 0.909375 0.0109375 0.02421875
4293 0.42265625 0.8921875 0.00859375 0.01015625
4294 0.42265625 0.91796875 0.00859375 0.01015625
4295 0.42265625 0.94375 0.0078125 0.009375
3802 0.76484375 0.94453125 0.0125 0.00703125
3272 0.78125 0.94765625 0.009375 0.00703125
3765 0.76484375 0.95390625 0.00390625 0.00546875
3765 0.76484375 0.96796875 0.00390625 0.00546875
3801 0.76484375 0.9765625 0.0125 0.00625
2998 0.715625 0.98046875 0.0125 0.00546875
2994 0.7015625 0.98046875 0.01171875 0.00703125
2993 0.68671875 0.98046875 0.0125 0.00625
2988 0.67265625 0.98125 0.0125 0.00703125
2987 0.6578125 0.98046875 0.0125 0.00703125
2983 0.64375 0.98046875 0.0125 0.00703125
2982 0.62890625 0.98046875 0.0125 0.00625
2901 0.321875 0.875 0.0125 0.00546875
3457 0.31171875 0.8875 0.0046875 0.01484375
2972 0.2515625 0.85625 0.0046875 0.0171875
2964 0.22890625 0.92890625 0.0125 0.00625
2734 0.25078125 0.96015625 0.0078125 0.00703125
2728 0.24375 0.95234375 0.003125 0.0078125
2750 0.19921875 0.95234375 0.0078125 0.00703125
2644 0.19453125 0.959375 0.00390625 0.00703125
2957 0.17578125 0.97734375 0.01171875 0.0109375
2736 0.15859375 0.9515625 0.0078125 0.0078125
2734 0.16328125 0.959375 0.00703125 0.00703125
2750 0.1125 0.9515625 0.0078125 0.0078125
2644 0.10703125 0.959375 0.003125 0.0078125
2432 0.046875 0.9046875 0.00625 0.0671875
3499 0.04765625 0.96640625 0.00546875 0.01484375
2690 0.05703125 0.9796875 0.00625 0.0109375
2692 0.06796875 0.9796875 0.00625 0.0109375
2952 0.08203125 0.96640625 0.0125 0.00703125
4288 0.0984375 0.82109375 0.009375 0.00703125
3819 0.0828125 0.8375 0.0125 0.00625
2644 0.05703125 0.83125 0.00703125 0.0046875
2700 0.06796875 0.83125 0.0078125 0.00546875
3809 0.0828125 0.8984375 0.01328125 0.00625
4225 0.103125 0.87109375 0.02109375 0.00625
3816 0.109375 0.85703125 0.00546875 0.0171875
3801 0.09453125 0.8796875 0.01171875 0.0109375
2399 0.18203125 0.9109375 0.103125 0.0203125
4415 0.4640625 0.896875 0.0671875 0.02890625
2613 0.55859375 0.93359375 0.25859375 0.0359375
2532 0.521875 0.965625 0.1859375 0.02734375
1461 0.215625 0.1359375 0.0140625 0.02734375
281 0.2140625 0.13359375 0.00546875 0.01484375
842 0.23515625 0.053125 0.01328125 0.01171875
840 0.25 0.053125 0.01328125 0.01171875
836 0.2640625 0.053125 0.0125 0.01171875
835 0.278125 0.053125 0.0125 0.0109375
831 0.29296875 0.053125 0.01328125 0.0109375
829 0.3078125 0.053125 0.01328125 0.01171875
824 0.321875 0.05390625 0.01328125 0.0109375
823 0.33671875 0.053125 0.01328125 0.01171875
844 0.23515625 0.16328125 0.0125 0.0109375
843 0.24921875 0.16328125 0.0125 0.0109375
838 0.2640625 0.1640625 0.0125 0.01171875
837 0.278125 0.1640625 0.0125 0.01171875
832 0.29296875 0.1640625 0.01328125 0.0125
833 0.30703125 0.1640625 0.01328125 0.01171875
825 0.321875 0.16328125 0.0125 0.0109375
826 0.3359375 0.1640625 0.01328125 0.0125
479 0.55390625 0.05078125 0.0359375 0.02109375
480 0.55390625 0.07265625 0.03671875 0.0203125
457 0.60546875 0.10390625 0.0359375 0.02109375
64 0.5515625 0.04921875 0.01640625 0.015625
64 0.55234375 0.07109375 0.01640625 0.015625
64 0.603125 0.10234375 0.01640625 0.015625
1058 0.61328125 0.1234375 0.0125 0.01171875
1061 0.61328125 0.13671875 0.01328125 0.01171875
972 0.6140625 0.15 0.009375 0.00703125
459 0.6046875 0.1671875 0.0359375 0.02109375
464 0.6046875 0.1953125 0.03515625 0.0203125
1069 0.61328125 0.2140625 0.0125 0.0109375
1070 0.61328125 0.22734375 0.0125 0.0109375
1080 0.6140625 0.24140625 0.009375 0.00703125
64 0.60390625 0.1671875 0.01640625 0.015625
64 0.60390625 0.19453125 0.01640625 0.015625
64 0.60390625 0.25859375 0.01640625 0.015625
466 0.6046875 0.25859375 0.03515625 0.0203125
473 0.6046875 0.28828125 0.0359375 0.0203125
64 0.60390625 0.28828125 0.01640625 0.015625
1399 0.5828125 0.13515625 0.04453125 0.03828125
1962 0.63046875 0.1234375 0.01328125 0.01171875
1972 0.63046875 0.13671875 0.01328125 0.0109375
1983 0.63046875 0.15 0.0125 0.0109375
853 0.65 0.153125 0.0078125 0.0171875
1040 0.66328125 0.15390625 0.0078125 0.01796875
1079 0.67578125 0.15390625 0.0078125 0.0171875
1097 0.6890625 0.15390625 0.0078125 0.0171875
471 0.7828125 0.0734375 0.03671875 0.021875
64 0.78515625 0.07265625 0.01640625 0.01640625
462 0.73515625 0.10546875 0.03515625 0.021875
64 0.73671875 0.10390625 0.01640625 0.01640625
1888 0.709375 0.12421875 0.0125 0.0109375
1922 0.709375 0.1375 0.01328125 0.0109375
1933 0.709375 0.15078125 0.0125 0.0109375
218 0.709375 0.13671875 0.00546875 0.00546875
1406 0.7578125 0.13828125 0.046875 0.03828125
460 0.7359375 0.16875 0.03359375 0.01875
64 0.73671875 0.16875 0.01640625 0.01640625
1064 0.72578125 0.1375 0.0125 0.0109375
1037 0.7265625 0.15078125 0.0125 0.01015625
1164 0.725 0.1234375 0.009375 0.00859375
683 0.89609375 0.13828125 0.00703125 0.009375
701 0.896875 0.1609375 0.00703125 0.009375
700 0.896875 0.184375 0.00703125 0.009375
699 0.89609375 0.20625 0.00703125 0.009375
695 0.89609375 0.22890625 0.00703125 0.00859375
682 0.896875 0.25234375 0.00625 0.00859375
2024 0.8921875 0.30546875 0.01328125 0.009375
241 0.8921875 0.3046875 0.00390625 0.0046875
1716 0.88671875 0.43671875 0.01328125 0.01171875
2052 0.9015625 0.43671875 0.0140625 0.0125
241 0.9015625 0.4359375 0.0046875 0.0046875
1245 0.89609375 0.4203125 0.03515625 0.0171875
1560 0.91015625 0.51875 0.009375 0.025
1561 0.89921875 0.51875 0.01015625 0.02578125
1562 0.88828125 0.51875 0.01015625 0.025
2791 0.91640625 0.51484375 0.00234375 0.0046875
2791 0.90546875 0.51484375 0.003125 0.0046875
2791 0.89375 0.51484375 0.003125 0.0046875
31 0.2109375 0.1953125 0.02421875 0.0265625
54 0.240625 0.2 0.015625 0.01640625
353 0.3765625 0.09375 0.01484375 0.01484375
353 0.421875 0.09453125 0.01484375 0.01484375
174 0.59609375 0.05 0.01796875 0.00703125
250 0.59921875 0.05703125 0.01328125 0.0078125
174 0.7453125 0.05234375 0.01875 0.00859375
238 0.7484375 0.0609375 0.0140625 0.00859375
498 0.18828125 0.25390625 0.0546875 0.0734375
391 0.2421875 0.25546875 0.053125 0.0703125
475 0.2953125 0.25546875 0.05 0.0703125
483 0.29453125 0.328125 0.05 0.0671875
414 0.29375 0.39921875 0.05 0.0703125
417 0.29296875 0.4734375 0.0515625 0.06484375
4440 0.21171875 0.1890625 0.02890625 0.06328125
1460 0.1734375 0.175 0.04765625 0.0921875
388 0.24140625 0.19765625 0.01953125 0.05234375
387 0.27109375 0.196875 0.01875 0.05546875
386 0.3 0.1984375 0.01875 0.05390625
498 0.3296875 0.19765625 0.01875 0.05390625
1228 0.28828125 0.10859375 0.11953125 0.08125
1205 0.378125 0.1046875 0.03515625 0.1453125
1206 0.4234375 0.1046875 0.0375 0.14609375
1241 0.66953125 0.08828125 0.1125 0.109375
1795 0.74453125 0.06171875 0.0328125 0.040625
470 0.73515625 0.196875 0.03515625 0.01953125
64 0.73671875 0.196875 0.01640625 0.01640625
485 0.784375 0.2921875 0.0328125 0.02109375
467 0.734375 0.26015625 0.0359375 0.02265625
64 0.73671875 0.259375 0.01640625 0.01640625
64 0.784375 0.2921875 0.01640625 0.01640625
1409 0.75703125 0.228125 0.046875 0.0390625
1073 0.72578125 0.2421875 0.01328125 0.0109375
1075 0.7265625 0.228125 0.0125 0.0109375
1100 0.725 0.2140625 0.01015625 0.00859375
1247 0.89765625 0.2921875 0.034375 0.02265625
1272 0.896875 0.32734375 0.02421875 0.0125
1380 0.8265625 0.1828125 0.09375 0.1859375
1378 0.51328125 0.1796875 0.08984375 0.184375
1379 0.51328125 0.365625 0.09375 0.18359375
1410 0.5828125 0.2265625 0.0453125 0.03984375
1408 0.5828125 0.31953125 0.04453125 0.03828125
3208 0.62578125 0.30625 0.0046875 0.0125
3209 0.62578125 0.3203125 0.0046875 0.01328125
3212 0.62109375 0.33359375 0.0046875 0.009375
1083 0.61328125 0.30625 0.01328125 0.0109375
1084 0.6125 0.3203125 0.01328125 0.0125
1087 0.6140625 0.33359375 0.01015625 0.009375
873 0.6390625 0.375 0.00859375 0.01953125
476 0.6046875 0.3515625 0.0359375 0.0203125
477 0.6046875 0.3796875 0.0359375 0.01953125
64 0.6046875 0.35078125 0.01640625 0.01640625
64 0.60390625 0.37890625 0.01640625 0.01640625
1089 0.61328125 0.3984375 0.01328125 0.01171875
1090 0.61328125 0.41171875 0.0140625 0.01171875
3223 0.62421875 0.425 0.00390625 0.01015625
1098 0.6140625 0.425 0.01015625 0.00703125
1412 0.5828125 0.4109375 0.0453125 0.03828125
478 0.6046875 0.44296875 0.03515625 0.02265625
64 0.60390625 0.4421875 0.01640625 0.01640625
377 0.63359375 0.44453125 0.0203125 0.0203125
798 0.584375 0.47578125 0.0046875 0.01171875
800 0.63984375 0.47578125 0.00625 0.01171875
801 0.63984375 0.51796875 0.00546875 0.0125
2903 0.584375 0.4984375 0.0109375 0.00625
799 0.584375 0.509375 0.00625 0.0140625
1403 0.6125 0.496875 0.04453125 0.0765625
145 0.61796875 0.5015625 0.0125 0.0484375
1243 0.68125 0.4296875 0.05859375 0.2484375
481 0.55390625 0.47421875 0.0359375 0.021875
482 0.553125 0.4953125 0.03671875 0.02109375
64 0.553125 0.4734375 0.01640625 0.01640625
64 0.553125 0.49609375 0.01640625 0.01640625
1389 0.734375 0.359375 0.0328125 0.06796875
1392 0.734375 0.43046875 0.0328125 0.06796875
874 0.72109375 0.315625 0.00859375 0.01875
4465 0.77265625 0.325 0.01484375 0.0203125
4297 0.771875 0.3125 0.00546875 0.00703125
553 0.771875 0.34921875 0.01328125 0.02109375
555 0.771875 0.378125 0.01328125 0.02109375
557 0.771875 0.4078125 0.01328125 0.01953125
558 0.771875 0.43046875 0.0125 0.0203125
211 0.77265625 0.34921875 0.00390625 0.01015625
211 0.77265625 0.37890625 0.00390625 0.01015625
245 0.771875 0.40859375 0.00390625 0.01015625
245 0.77265625 0.43046875 0.003125 0.009375
2090 0.78671875 0.325 0.00859375 0.01796875
4145 0.79765625 0.3125 0.009375 0.00703125
2177 0.7984375 0.32578125 0.00859375 0.01796875
2170 0.8078125 0.32578125 0.009375 0.01875
241 0.78671875 0.32578125 0.00390625 0.00625
245 0.7984375 0.32578125 0.0046875 0.00703125
263 0.8078125 0.32578125 0.00390625 0.00703125
2185 0.7875 0.3578125 0.0078125 0.01796875
206 0.7875 0.35859375 0.003125 0.00859375
206 0.7875 0.38671875 0.00390625 0.00859375
1933 0.7875 0.38828125 0.00703125 0.015625
2190 0.7875 0.4125 0.0078125 0.01640625
3889 0.79453125 0.3875 0.00546875 0.01328125
245 0.7875 0.4125 0.0046875 0.0078125
4166 0.80390625 0.4125 0.00546875 0.01328125
2198 0.79765625 0.4125 0.0078125 0.0171875
245 0.79765625 0.41328125 0.0046875 0.0078125
780 0.7578125 0.32578125 0.009375 0.01875
778 0.75859375 0.3640625 0.0078125 0.0171875
781 0.7578125 0.39921875 0.00859375 0.01796875
779 0.7578125 0.44140625 0.00859375 0.01796875
2100 0.765625 0.4765625 0.0125 0.0109375
2111 0.765625 0.48984375 0.0125 0.0109375
206 0.765625 0.475 0.00625 0.00546875
206 0.76484375 0.48984375 0.00625 0.00625
2364 0.82890625 0.39921875 0.015625 0.16484375
2195 0.9109375 0.54375 0.009375 0.01796875
2194 0.9 0.54296875 0.00859375 0.01796875
2193 0.8890625 0.54296875 0.00859375 0.01796875
221 0.88828125 0.54296875 0.00390625 0.00859375
221 0.9 0.54375 0.00390625 0.00859375
221 0.91015625 0.54296875 0.00390625 0.00859375
201 0.85625 0.49921875 0.0109375 0.00625
1780 0.85625 0.50625 0.03046875 0.03984375
1164 0.878125 0.54296875 0.00859375 0.01796875
1164 0.87578125 0.5203125 0.01015625 0.0078125
1465 0.86640625 0.54609375 0.01328125 0.028125
281 0.8671875 0.54609375 0.00546875 0.01484375
2016 0.8546875 0.53671875 0.0078125 0.0171875
1073 0.85234375 0.55390625 0.0125 0.0109375
2041 0.84453125 0.53671875 0.00859375 0.01796875
245 0.8453125 0.53671875 0.0046875 0.0078125
263 0.85390625 0.5375 0.00390625 0.00703125
755 0.82734375 0.55078125 0.009375 0.009375
754 0.83125 0.53984375 0.0140625 0.01171875
757 0.8125 0.49921875 0.00859375 0.01796875
2862 0.79921875 0.5 0.0046875 0.01328125
758 0.8046875 0.5 0.00625 0.01328125
363 0.828125 0.5 0.0203125 0.0203125
769 0.90078125 0.58203125 0.03125 0.028125
1393 0.79140625 0.54921875 0.05859375 0.0828125
196 0.790625 0.54921875 0.034375 0.04921875
4047 0.74453125 0.53203125 0.00546875 0.01328125
2081 0.75390625 0.5328125 0.01328125 0.0109375
208 0.75390625 0.5328125 0.00546875 0.00625
753 0.75546875 0.54765625 0.009375 0.00859375
1164 0.75390625 0.559375 0.0125 0.0125
2644 0.7125 0.53515625 0.0046875 0.00390625
2645 0.64765625 0.53828125 0.0046875 0.00859375
1780 0.7296875 0.6515625 0.01015625 0.01015625
1397 0.68046875 0.57890625 0.05 0.04609375
1164 0.67890625 0.61484375 0.0078125 0.01953125
378 0.6484375 0.61640625 0.0203125 0.0203125
26 0.8296875 0.49921875 0.00859375 0.00859375
26 0.64921875 0.61640625 0.00859375 0.00859375
1404 0.63671875 0.5609375 0.01328125 0.01875
301 0.6375 0.5609375 0.00546875 0.01484375
808 0.63671875 0.5734375 0.009375 0.00703125
2912 0.6375 0.58046875 0.01015625 0.00703125
2150 0.1953125 0.3015625 0.00859375 0.01875
2145 0.20546875 0.3015625 0.00859375 0.01875
2123 0.21484375 0.30078125 0.00859375 0.01796875
2080 0.1953125 0.32734375 0.0078125 0.01953125
2234 0.24765625 0.31953125 0.01875 0.0140625
214 0.24765625 0.31875 0.00703125 0.00625
245 0.1859375 0.30078125 0.0046875 0.0078125
208 0.1953125 0.30078125 0.0046875 0.0078125
208 0.2046875 0.30078125 0.00390625 0.00703125
1780 0.2140625 0.3296875 0.00703125 0.0171875
763 0.22734375 0.31953125 0.01875 0.01328125
774 0.225 0.33359375 0.01328125 0.01171875
2234 0.2046875 0.32734375 0.00859375 0.0203125
864 0.1859375 0.34765625 0.00859375 0.01796875
807 0.1953125 0.3453125 0.00625 0.01328125
2911 0.19609375 0.3546875 0.00703125 0.00546875
1376 0.2421875 0.3015625 0.04296875 0.025
845 0.26953125 0.30625 0.0078125 0.01875
818 0.24609375 0.340625 0.0078125 0.01875
852 0.2640625 0.3734375 0.01796875 0.0125
3036 0.27109375 0.34921875 0.009375 0.0078125
929 0.2640625 0.359375 0.01796875 0.0125
3756 0.26875 0.3390625 0.00390625 0.01015625
4444 0.25859375 0.340625 0.01484375 0.02265625
2856 0.253125 0.35 0.00546875 0.009375
752 0.246875 0.35703125 0.00859375 0.0078125
1164 0.24609375 0.36953125 0.01015625 0.009375
1164 0.24609375 0.38125 0.009375 0.009375
1014 0.24609375 0.39609375 0.00859375 0.01796875
1043 0.24609375 0.41796875 0.0078125 0.01796875
3757 0.26796875 0.39375 0.00390625 0.00859375
4445 0.25859375 0.39609375 0.0140625 0.02265625
411 0.2578125 0.4234375 0.0140625 0.028125
1385 0.21953125 0.3703125 0.0375 0.0625
125 0.21875 0.36640625 0.01796875 0.0359375
4317 0.196875 0.3640625 0.009375 0.0109375
696 0.19453125 0.37265625 0.00625 0.009375
697 0.19453125 0.384375 0.00703125 0.009375
2989 0.1875 0.38046875 0.00703125 0.0046875
3100 0.1875 0.38515625 0.00703125 0.00546875
886 0.1875 0.371875 0.00546875 0.01171875
992 0.1875 0.3953125 0.00546875 0.0125
2211 0.1796875 0.37265625 0.00703125 0.0171875
1818 0.1796875 0.39296875 0.0078125 0.0171875
278 0.17890625 0.3734375 0.003125 0.0078125
278 0.17890625 0.39296875 0.00390625 0.0078125
1867 0.1703125 0.39375 0.0078125 0.01796875
1866 0.16953125 0.37265625 0.0078125 0.01953125
1164 0.19453125 0.40234375 0.0046875 0.01328125
1386 0.209375 0.45625 0.03515625 0.0421875
166 0.20859375 0.45625 0.01328125 0.02421875
1829 0.18515625 0.41953125 0.0078125 0.0203125
1851 0.19453125 0.41953125 0.00859375 0.01875
1865 0.2046875 0.41953125 0.0078125 0.01875
1840 0.2140625 0.41875 0.00859375 0.01796875
1582 0.221875 0.41796875 0.00703125 0.015625
2878 0.22421875 0.42734375 0.00703125 0.00546875
2061 0.17890625 0.44140625 0.01328125 0.0109375
208 0.17890625 0.44140625 0.00546875 0.00625
2036 0.17890625 0.4609375 0.0125 0.01015625
2033 0.17890625 0.48046875 0.01328125 0.009375
2025 0.178125 0.50078125 0.0125 0.0109375
1994 0.17890625 0.52109375 0.0125 0.0109375
208 0.178125 0.4609375 0.00546875 0.00703125
208 0.178125 0.48046875 0.00546875 0.00703125
245 0.178125 0.5 0.00546875 0.00703125
245 0.178125 0.5203125 0.00546875 0.00703125
1345 0.10390625 0.51015625 0.09765625 0.19140625
1110 0.1953125 0.48984375 0.00859375 0.01875
1102 0.23046875 0.49609375 0.0125 0.0125
485 0.24921875 0.5 0.0203125 0.01796875
25 0.2484375 0.50078125 0.00859375 0.00859375
498 0.21171875 0.490625 0.0203125 0.01953125
25 0.21015625 0.48984375 0.00859375 0.00859375
1114 0.24296875 0.47421875 0.0078125 0.01796875
3242 0.25 0.44921875 0.0046875 0.0125
1117 0.24296875 0.453125 0.00859375 0.01953125
3241 0.234375 0.43984375 0.009375 0.00625
1116 0.23359375 0.453125 0.0078125 0.01796875
1115 0.23359375 0.47421875 0.0078125 0.01796875
3240 0.2234375 0.47890625 0.00859375 0.01015625
1840 0.2609375 0.47734375 0.01796875 0.01328125
3800 0.2609375 0.465625 0.01015625 0.0078125
266 0.26015625 0.47734375 0.00703125 0.00625
2234 0.2609375 0.4546875 0.01640625 0.01328125
266 0.2609375 0.45390625 0.00703125 0.00625
1164 0.19765625 0.51015625 0.01328125 0.0109375
1104 0.21328125 0.51015625 0.01328125 0.0125
3229 0.221875 0.50859375 0.0046875 0.01328125
1413 0.2109375 0.54765625 0.03828125 0.0625
167 0.209375 0.54921875 0.01796875 0.0421875
1164 0.259375 0.54765625 0.00546875 0.015625
1164 0.2375 0.53671875 0.009375 0.01875
777 0.29296875 0.52421875 0.01015625 0.00859375
1415 0.28828125 0.5515625 0.05 0.04609375
3478 0.31640625 0.5515625 0.0046875 0.0109375
1332 0.87109375 0.6453125 0.11015625 0.11328125
116 0.86484375 0.6453125 0.0421875 0.065625
1181 0.7203125 0.61640625 0.075 0.08125
744 0.725 0.66875 0.0140625 0.01171875
2199 0.76484375 0.59765625 0.00859375 0.01796875
2207 0.76484375 0.6171875 0.0078125 0.01796875
242 0.76484375 0.61640625 0.00390625 0.0078125
1829 0.8109375 0.6109375 0.00390625 0.009375
759 0.78359375 0.6015625 0.00546875 0.0140625
760 0.803125 0.596875 0.01328125 0.0109375
2234 0.8046875 0.6109375 0.003125 0.00859375
2869 0.78984375 0.61484375 0.00390625 0.01328125
765 0.7953125 0.615625 0.0046875 0.01328125
766 0.7953125 0.63515625 0.00546875 0.01328125
770 0.80703125 0.62109375 0.00859375 0.00703125
771 0.8078125 0.63046875 0.00625 0.0046875
2871 0.81015625 0.66484375 0.009375 0.00625
767 0.8109375 0.65546875 0.00625 0.0125
2234 0.8046875 0.640625 0.00390625 0.01015625
2234 0.8109375 0.640625 0.00390625 0.01015625
768 0.8015625 0.665625 0.009375 0.02421875
745 0.76640625 0.640625 0.0125 0.01171875
2137 0.76640625 0.65390625 0.0125 0.01171875
263 0.7671875 0.6546875 0.0046875 0.00546875
1470 0.7640625 0.67109375 0.01953125 0.0171875
281 0.76484375 0.67265625 0.0109375 0.00703125
746 0.7671875 0.68828125 0.01328125 0.0125
775 0.790625 0.68984375 0.0078125 0.01796875
2204 0.8 0.68984375 0.00859375 0.01875
255 0.80078125 0.690625 0.00390625 0.00859375
770 0.809375 0.68984375 0.00859375 0.01796875
2128 0.72578125 0.68359375 0.0140625 0.0125
743 0.725 0.6984375 0.01328125 0.0125
263 0.72578125 0.684375 0.0046875 0.00546875
1469 0.74296875 0.6828125 0.01953125 0.04296875
343 0.74453125 0.684375 0.00703125 0.01953125
360 0.73515625 0.71796875 0.03359375 0.0203125
64 0.7375 0.71796875 0.015625 0.01640625
361 0.77109375 0.7109375 0.0203125 0.01953125
367 0.79609375 0.7109375 0.0203125 0.01875
26 0.771875 0.7109375 0.00859375 0.009375
26 0.796875 0.71171875 0.00859375 0.009375
2161 0.821875 0.734375 0.0125 0.0109375
2183 0.83671875 0.734375 0.0125 0.0109375
2182 0.8359375 0.753125 0.0125 0.0109375
2157 0.821875 0.75234375 0.0125 0.0109375
205 0.82265625 0.734375 0.0046875 0.00625
205 0.821875 0.753125 0.0046875 0.00546875
245 0.83671875 0.753125 0.0046875 0.00625
245 0.83671875 0.73515625 0.0046875 0.00625
4221 0.803125 0.7796875 0.01796875 0.00703125
554 0.803125 0.76640625 0.0125 0.02109375
245 0.803125 0.765625 0.003125 0.00859375
761 0.821875 0.76640625 0.0125 0.0109375
4467 0.85625 0.77421875 0.0125 0.02265625
4467 0.8375 0.77265625 0.01328125 0.0203125
1374 0.828125 0.7921875 0.0421875 0.0234375
1164 0.85625 0.79453125 0.01328125 0.0109375
364 0.8234375 0.81484375 0.02109375 0.0203125
1390 0.80078125 0.8234375 0.021875 0.046875
782 0.80625 0.85390625 0.009375 0.0078125
2192 0.83671875 0.84140625 0.0125 0.01171875
2187 0.821875 0.84140625 0.0125 0.0109375
2186 0.821875 0.859375 0.0125 0.01171875
2188 0.83671875 0.859375 0.0125 0.0109375
4156 0.83671875 0.85 0.009375 0.00625
245 0.8359375 0.84140625 0.0046875 0.00625
245 0.83671875 0.859375 0.00546875 0.00625
205 0.82265625 0.84140625 0.00390625 0.00625
205 0.821875 0.859375 0.0046875 0.00546875
4454 0.8375 0.88046875 0.0140625 0.02109375
4455 0.85625 0.88046875 0.0140625 0.02265625
2846 0.821875 0.88125 0.0125 0.00625
742 0.821875 0.87265625 0.01328125 0.0109375
556 0.803125 0.875 0.0125 0.0203125
211 0.803125 0.87578125 0.00390625 0.009375
1375 0.828125 0.90078125 0.04140625 0.0203125
1164 0.85546875 0.9015625 0.01328125 0.0109375
498 0.82421875 0.92109375 0.0203125 0.01875
1199 0.89765625 0.8703125 0.0640625 0.10546875
1198 0.896875 0.76328125 0.0640625 0.1078125
1669 0.76484375 0.9546875 0.01328125 0.0125
1668 0.7640625 0.96796875 0.01328125 0.01171875
1351 0.78125 0.96171875 0.01640625 0.0203125
2992 0.7390625 0.9890625 0.00546875 0.015625
889 0.7296875 0.990625 0.01328125 0.01171875
895 0.715625 0.990625 0.0125 0.0109375
891 0.7015625 0.990625 0.01328125 0.0109375
890 0.68671875 0.990625 0.01328125 0.0109375
885 0.67265625 0.990625 0.01328125 0.01171875
884 0.6578125 0.990625 0.01328125 0.0109375
880 0.64375 0.990625 0.0125 0.0109375
879 0.62890625 0.990625 0.01328125 0.01171875
861 0.228125 0.93828125 0.01328125 0.0109375
856 0.14140625 0.9375 0.01328125 0.01171875
2959 0.14140625 0.928125 0.0125 0.00703125
849 0.08203125 0.9765625 0.01328125 0.01171875
1230 0.06171875 0.903125 0.02578125 0.1421875
1849 0.0828125 0.88984375 0.01328125 0.0109375
1841 0.08203125 0.875 0.0125 0.0109375
276 0.08203125 0.890625 0.0046875 0.00625
276 0.08203125 0.87578125 0.0046875 0.00625
1856 0.09921875 0.85703125 0.0125 0.01171875
205 0.1 0.8578125 0.0046875 0.00546875
552 0.08203125 0.85234375 0.0140625 0.0203125
277 0.08203125 0.85234375 0.00390625 0.01015625
4456 0.09921875 0.834375 0.015625 0.01953125
1861 0.08203125 0.82890625 0.01328125 0.0109375
3494 0.09609375 0.8 0.00546875 0.01484375
1477 0.103125 0.78046875 0.01640625 0.03359375
1225 0.1046875 0.80390625 0.01328125 0.015625
1834 0.11875 0.80234375 0.009375 0.0203125
241 0.11875 0.80234375 0.00390625 0.00703125
3765 0.11953125 0.78125 0.0046875 0.0046875
1664 0.11953125 0.78203125 0.00859375 0.01796875
2919 0.1265625 0.76796875 0.0046875 0.01640625
815 0.11953125 0.76328125 0.00859375 0.01875
1226 0.0765625 0.7265625 0.06875 0.09375
1833 0.1453125 0.771875 0.01484375 0.01171875
1835 0.1625 0.75390625 0.00859375 0.01796875
206 0.1625 0.7546875 0.00390625 0.00859375
3815 0.15625 0.7328125 0.00546875 0.01796875
1855 0.1625 0.734375 0.0078125 0.01796875
210 0.16171875 0.734375 0.00390625 0.00703125
1181 0.140625 0.74375 0.028125 0.04453125
2851 0.1546875 0.71640625 0.0046875 0.0140625
747 0.146875 0.7171875 0.009375 0.00859375
1831 0.1421875 0.7 0.009375 0.01796875
814 0.11953125 0.7 0.00859375 0.01796875
1473 0.13125 0.703125 0.01328125 0.02734375
281 0.1296875 0.70390625 0.00546875 0.015625
819 0.1875 0.76875 0.01328125 0.01171875
820 0.18515625 0.73984375 0.01875 0.0140625
2925 0.1828125 0.728125 0.00390625 0.01328125
821 0.17421875 0.728125 0.009375 0.0078125
1345 0.28359375 0.72578125 0.0578125 0.25078125
1402 0.353125 0.75234375 0.04453125 0.078125
113 0.34921875 0.753125 0.01328125 0.05390625
792 0.32421875 0.73984375 0.00546875 0.01484375
1164 0.32421875 0.77421875 0.00625 0.015625
2920 0.31953125 0.81015625 0.0078125 0.01640625
816 0.325 0.80078125 0.00703125 0.01875
1164 0.38125 0.74140625 0.00625 0.0125
1164 0.38046875 0.77421875 0.00625 0.0140625
2910 0.34453125 0.7984375 0.0046875 0.0125
806 0.33671875 0.79921875 0.009375 0.00859375
1401 0.33671875 0.81328125 0.0125 0.01796875
296 0.33671875 0.8140625 0.0046875 0.015625
376 0.321875 0.8625 0.0203125 0.01875
26 0.32109375 0.8640625 0.009375 0.009375
869 0.2609375 0.85625 0.01328125 0.0109375
2708 0.28046875 0.85703125 0.0046875 0.01171875
870 0.28984375 0.85625 0.0125 0.0109375
1387 0.28359375 0.8875 0.05 0.046875
4457 0.41796875 0.7765625 0.015625 0.0203125
4458 0.41796875 0.80234375 0.015625 0.0203125
4459 0.41796875 0.82890625 0.015625 0.0203125
4460 0.41796875 0.8546875 0.015625 0.0203125
4461 0.41796875 0.88046875 0.015625 0.0203125
4462 0.4171875 0.90625 0.015625 0.0203125
4463 0.41796875 0.9328125 0.015625 0.0203125
4001 0.17890625 0.53046875 0.009375 0.00625
2036 0.17890625 0.540625 0.01328125 0.0109375
2005 0.17890625 0.56015625 0.0125 0.0109375
2066 0.17890625 0.58046875 0.01328125 0.0109375
208 0.178125 0.53984375 0.0046875 0.00625
208 0.178125 0.58046875 0.0046875 0.00625
245 0.178125 0.56015625 0.0046875 0.00625
2850 0.23359375 0.58125 0.009375 0.00546875
746 0.2328125 0.5890625 0.01015625 0.00859375
1396 0.20859375 0.59765625 0.034375 0.0296875
1350 0.21171875 0.62421875 0.015625 0.01953125
3293 0.19375 0.63671875 0.00703125 0.00703125
1363 0.19375 0.6234375 0.01484375 0.0203125
541 0.1671875 0.5984375 0.0140625 0.0203125
211 0.1671875 0.59921875 0.00390625 0.01015625
330 0.21015625 0.621875 0.0046875 0.009375
248 0.21015625 0.6296875 0.0046875 0.0046875
248 0.1921875 0.6296875 0.0046875 0.0046875
2208 0.178125 0.6234375 0.00859375 0.01875
2215 0.1609375 0.62265625 0.00703125 0.01796875
2879 0.1703125 0.61171875 0.009375 0.00625
775 0.16953125 0.621875 0.00546875 0.01328125
213 0.17734375 0.6234375 0.00390625 0.00703125
213 0.1609375 0.62265625 0.00390625 0.00703125
791 0.15234375 0.621875 0.00546875 0.0140625
811 0.1359375 0.6125 0.01328125 0.0109375
902 0.16875 0.64765625 0.009375 0.00703125
2205 0.2109375 0.7015625 0.00859375 0.01953125
2225 0.22109375 0.7015625 0.00859375 0.0203125
2220 0.23125 0.70078125 0.0078125 0.01875
2209 0.240625 0.7015625 0.00859375 0.01796875
221 0.2109375 0.7015625 0.003125 0.00859375
221 0.2203125 0.7015625 0.003125 0.00859375
221 0.23046875 0.7015625 0.003125 0.00859375
221 0.240625 0.7015625 0.003125 0.00859375
817 0.240625 0.75625 0.01328125 0.0109375
901 0.240625 0.76953125 0.0125 0.0109375
1405 0.23046875 0.803125 0.0328125 0.0546875
812 0.09609375 0.6265625 0.00859375 0.01875
1471 0.1078125 0.62265625 0.01328125 0.028125
281 0.10625 0.6234375 0.0046875 0.015625
3006 0.134375 0.634375 0.01171875 0.00625
903 0.13828125 0.6265625 0.01875 0.01328125
1821 0.11953125 0.62578125 0.00859375 0.01953125
2848 0.1546875 0.6375 0.0046875 0.0140625
744 0.146875 0.6390625 0.01015625 0.00859375
3765 0.11953125 0.65390625 0.00390625 0.0046875
1659 0.11953125 0.6546875 0.009375 0.0203125
1476 0.103125 0.65625 0.01484375 0.03515625
3492 0.09609375 0.67265625 0.00546875 0.0140625
1223 0.1046875 0.68125 0.0125 0.01484375
1824 0.11953125 0.67578125 0.0078125 0.01953125
241 0.11875 0.67578125 0.003125 0.00703125
1181 0.140625 0.6640625 0.028125 0.04140625
98 0.140625 0.66484375 0.01328125 0.03125
1827 0.16015625 0.6625 0.00859375 0.01796875
1828 0.1703125 0.6625 0.0078125 0.01796875
1830 0.16015625 0.68203125 0.0078125 0.015625
1826 0.16953125 0.68203125 0.0078125 0.0171875
1825 0.18203125 0.665625 0.0125 0.0109375
1823 0.18203125 0.67890625 0.0125 0.0109375
3790 0.1546875 0.68984375 0.01015625 0.0125
3785 0.19140625 0.66328125 0.0046875 0.01640625
3783 0.19140625 0.68046875 0.0046875 0.0171875
260 0.1703125 0.66171875 0.00390625 0.00703125
260 0.16875 0.68203125 0.003125 0.0078125
251 0.18203125 0.6671875 0.00625 0.0046875
251 0.18046875 0.67890625 0.00625 0.0046875
2978 0.1609375 0.7015625 0.00390625 0.01015625
875 0.1546875 0.70234375 0.00546875 0.0140625
3089 0.1796875 0.69765625 0.00390625 0.01015625
981 0.16875 0.696875 0.009375 0.0078125
1455 0.1703125 0.71171875 0.015625 0.021875
245 0.1453125 0.77265625 0.0046875 0.00703125
205 0.18515625 0.41953125 0.00390625 0.00703125
222 0.1953125 0.41953125 0.00390625 0.009375
207 0.2140625 0.4203125 0.00390625 0.00625
26 0.634375 0.44375 0.009375 0.00859375
1164 0.32109375 0.38125 0.003125 0.0125
3221 0.31484375 0.35546875 0.009375 0.0125
1164 0.3140625 0.43359375 0.00703125 0.00546875
1164 0.3140625 0.44453125 0.00859375 0.00625
1164 0.3140625 0.2890625 0.00859375 0.00703125
1164 0.3140625 0.29921875 0.009375 0.00703125
1164 0.321875 0.23671875 0.00390625 0.0125
2234 0.32109375 0.27734375 0.00390625 0.0125
512 0.85390625 0.734375 0.01875 0.01328125
511 0.853125 0.753125 0.01796875 0.0140625
507 0.16171875 0.440625 0.01796875 0.01171875
516 0.16171875 0.4609375 0.0171875 0.01171875
517 0.16171875 0.48046875 0.0171875 0.01328125
518 0.16171875 0.5 0.0171875 0.01328125
519 0.16171875 0.52109375 0.0171875 0.0125
520 0.16171875 0.53984375 0.01796875 0.01171875
521 0.16171875 0.56015625 0.01796875 0.01328125
522 0.16171875 0.5796875 0.01875 0.0140625
513 0.85234375 0.84140625 0.0203125 0.015625
524 0.853125 0.85859375 0.01875 0.01328125
2508 0.76640625 0.81875 0.015625 0.125
123 0.8 0.82578125 0.0140625 0.01796875
2644 0.05703125 0.98984375 0.00703125 0.0046875
2700 0.06796875 0.98984375 0.0078125 0.00703125
514 0.79140625 0.66640625 0.009375 0.02421875
510 0.1625 0.29296875 0.01796875 0.0140625
509 0.1625 0.3125 0.01875 0.0140625
508 0.1625 0.3328125 0.01875 0.0140625
523 0.16171875 0.35234375 0.01875 0.0140625
515 0.184375 0.7546875 0.01953125 0.0140625
1796 0.5953125 0.06015625 0.03125 0.040625