1345 0.7698852386616821 0.01533251350711547 0.07272952267663584 0.03066502701423094
2728 0.7819852493236823 0.025500113902403622 0.00948408800127254 0.009921031570031102
2240 0.8300954853198643 0.05080395079057629 0.06362724267981754 0.10051521046687398
4266 0.8259534253262275 0.005040120126557582 0.014189769334818081 0.010080240253115163
3434 0.7921596806572276 0.0233460797015366 0.007957950668363623 0.01295502630835924
1232 0.7137079639958639 0.010675105586372826 0.06945907200827221 0.021350211172745652
234 0.8210204773233641 0.025568732360607388 0.014207950668363622 0.013319047355046642
202 0.8298136746499098 0.0750227007905763 0.014189769334818081 0.011756547355046632
131 0.7595738999840916 0.0728679375658095 0.03163180800445424 0.03463260523343699
1377 0.8018886693189098 0.05947329550066958 0.040044292011453916 0.08665013154179624
1804 0.7854006033179552 0.06746010074822399 0.012736357336090798 0.021040542093374803
951 0.7802591173217733 0.03965361916407546 0.01273635733609062 0.021040542093374793
1036 0.792077317313819 0.09751932707070067 0.012718176002545434 0.01947804209337478
3561 0.7716290046546824 0.04327914810327064 0.00793976933481808 0.011392526308359251
3486 0.7883892433163645 0.0789968402248803 0.00948408800127254 0.009921031570031102
3153 0.78273867998091 0.09494035864073176 0.006359088001272717 0.009739021046687401
1063 0.7203483153246368 0.022063571738441656 0.015788632001908987 0.014972552616718492
846 0.7262165073201825 0.054512050691754264 0.014207950668363622 0.013319047355046632
1843 0.7193670706556369 0.03929657436927758 0.011173857336090798 0.020949536831702954
1164 0.7046869526575459 0.026098624355160145 0.014207950668363622 0.013319047355046642
2949 0.7333386639879096 0.04629002701423094 0.008012494668999892 0.017642526308359253
3188 0.7296778619907732 0.025423790168410565 0.00793976933481808 0.011392526308359251
3803 0.7240909333227277 0.03589855858426203 0.00961135733609062 0.020858531570031102
3562 0.7073665099856825 0.06419786383181644 0.011064769334818082 0.01157453683170293
2702 0.694067078652137 0.06653390855602717 0.011028406667727354 0.008449536831702931
3269 0.7173500373170008 0.07845007963094944 0.007903406667727176 0.00826752630835923
2947 0.7023517459818645 0.092595879616832 0.008012494668999892 0.01764252630835923
2249 0.5566494419955457 0.0030326936840827158 0.00793976933481808 0.0060653873681654315
3497 0.5700755953214551 0.054237576858939165 0.009574994668999892 0.017733531570031102
2839 0.563080707988546 0.05152210053646249 0.011210220003181703 0.02407453683170293
2646 0.6392523093173189 0.08065659271454188 0.011028406667727354 0.008449536831702931
2644 0.5768710353278184 0.006998555812251769 0.004778406667727353 0.008085515785015545
2645 0.5899153806492736 0.09367950845720513 0.00792158800127254 0.009830026308359252
2840 0.519230710654046 0.06266399786327426 0.011210220003181703 0.02407453683170293
3449 0.45957389998409165 0.09034094780680453 0.011264764003817974 0.02876203683170293
3217 0.38049547465786404 0.04263846615206883 0.007976132001908987 0.01451752630835924
3218 0.38416536732177325 0.0627234529978892 0.006395450668363533 0.012864021046687402
3466 0.3476733366486372 0.11247282401634173 0.009465906667727175 0.008358531570031103
3182 0.3399153806492735 0.10824035032470099 0.00955681333545444 0.0161710315700311
3694 0.3253079879853643 0.08879240031058355 0.015770450668363623 0.013410052616718505
3289 0.2991540206476827 0.12232523712816905 0.011101132001908987 0.014699536831702931
3186 0.32623414131127376 0.1433888950489117 0.006395450668363533 0.012864021046687402
3510 0.2901062846515007 0.09474626869820016 0.00793976933481808 0.01139252630835923
2265 0.2975738866565914 0.056836745020676836 0.014171588001272717 0.010194047355046632
3079 0.31185346797422847 0.17155169240395834 0.00793976933481808 0.01139252630835923
3921 0.28874323197804647 0.14479177132903606 0.011082950668363623 0.01313703683170293
3932 0.2893972126432284 0.15568376869820016 0.011101132001908987 0.014699536831702931
3943 0.2923858526416375 0.16722050817485645 0.011082950668363623 0.01313703683170293
3844 0.22930459731063743 0.15371872127256633 0.007976132001908987 0.01451752630835923
3878 0.23227505597550113 0.16681796074922264 0.006395450668363533 0.012864021046687402
3189 0.19703698997454663 0.17589682913683924 0.006395450668363533 0.012864021046687402
2275 0.1511256006524552 0.09581448698699471 0.015752269334818124 0.011847552616718503
3693 0.17885970198122814 0.12777014227690145 0.015734088001272673 0.01028505261671846
3190 0.17155573197804647 0.15161716595442476 0.007976132001908987 0.01451752630835923
3202 0.13529151531668257 0.11469328960371321 0.01102840666772722 0.008449536831702974
2607 0.025515978636228676 0.22258065528990673 0.018895450668363557 0.013592063140062116
4304 0.04031427530236506 0.22562235530402414 0.014171588001272672 0.010194047355046632
2265 0.030739280633365167 0.2433558868740552 0.017314769334818115 0.011938557878390377
2275 0.03439099196372894 0.2650033737198756 0.017314769334818115 0.011938557878390377
2284 0.03881486262731999 0.2873866079348601 0.017314769334818115 0.011938557878390377
2293 0.04246657395768376 0.3090340947806805 0.017332950668363555 0.013501057878390376
4322 0.04472905529918339 0.24878683951900857 0.01102840666772723 0.008449536831702886
4321 0.04838076662954717 0.27043432636482895 0.00946590666772722 0.008358531570031146
4320 0.052032477959910936 0.29208181321064935 0.01102840666772722 0.008449536831702886
4316 0.05645634862350198 0.3144650474256338 0.01102840666772722 0.008449536831702974
4303 0.06088021928709304 0.3368482816406183 0.01102840666772722 0.008449536831702886
4401 0.045318853954502095 0.33228958425733673 0.022020450668363556 0.013774073663405861
3451 0.07616941195895643 0.2977024816547357 0.011264764003818017 0.028762036831702975
2644 0.08481715861713865 0.35965645008470465 0.004796588001272672 0.009648015785015573
3516 0.06382340595163857 0.35229127111727454 0.009502269334818125 0.011483531570031147
2728 0.045654661282638696 0.3705253316265008 0.006359088001272673 0.009739021046687401
3985 0.0634597792807297 0.3835412711172746 0.006359088001272673 0.009739021046687401
3558 0.07557797127627534 0.4156257290238997 0.015752269334818124 0.01184755261671846
2367 0.08689673193827556 0.4493181895613609 0.021057934675363255 0.06524556840173404
3515 0.7854091466422739 0.13382084811738806 0.00793976933481808 0.01139252630835923
2249 0.737062553310001 0.1288295112292154 0.007903406667727176 0.00826752630835923
4116 0.7309210939688195 0.18696052964506688 0.011028406667727354 0.008449536831702931
4111 0.7425580279678651 0.19330924018252799 0.011028406667727175 0.008449536831702974
4089 0.7339460966343196 0.19537226912172317 0.011028406667727354 0.008449536831702931
2946 0.6780511799809099 0.10103771117274567 0.008012494668999892 0.01764252630835923
2941 0.6733545893141372 0.1020919769577612 0.006431813335454351 0.015989021046687403
2942 0.6839648253103192 0.12957994012605828 0.006431813335454351 0.015989021046687403
2249 0.6853818746419557 0.1419889348643864 0.00793976933481808 0.01139252630835923
2955 0.679022786640683 0.1517279559110738 0.011101132001909163 0.014699536831702975
2940 0.6490812953135009 0.10819005851367484 0.008012494668999892 0.01764252630835923
2935 0.6451750453135009 0.10841757166785448 0.006431813335454351 0.015989021046687403
2937 0.6542136906429101 0.1367777900978234 0.007994313335454351 0.01608002630835923
2931 0.6260250559755012 0.14388463480791666 0.007994313335454351 0.01608002630835923
2936 0.6208926606460918 0.11529690322376815 0.006431813335454351 0.015989021046687403
2929 0.6169773199793191 0.11630566637794777 0.007994313335454351 0.01608002630835923
2930 0.5858545893141371 0.10718827161138475 0.006431813335454351 0.015989021046687403
3185 0.3516972179742285 0.16923105823132617 0.006395450668363533 0.012864021046687402
3193 0.3568477946371832 0.19625628981547472 0.006395450668363533 0.012864021046687402
3475 0.3638063193030014 0.2020967661379514 0.009465906667727175 0.008358531570031058
3194 0.3190478026336833 0.22422166609559907 0.006395450668363533 0.012864021046687402
3195 0.3212370112985471 0.23736640820309135 0.006395450668363623 0.012864021046687314
2956 0.2874710859723194 0.187024773959872 0.011028406667727175 0.008449536831702974
3157 0.27415347330522855 0.19092331868408272 0.011028406667727263 0.008449536831702974
3204 0.26084495130491037 0.19404061340829343 0.011028406667727175 0.008449536831702974
3222 0.24908983863781947 0.1978481528708323 0.011028406667727175 0.008449536831702931
3889 0.228859154638774 0.19199997127256635 0.011028406667727175 0.008449536831702931
3154 0.2225546106381377 0.19705149231925373 0.009520450668363623 0.013046031570031102
3198 0.23649838462763814 0.2735306923333712 0.007976132001908987 0.01451752630835923
3200 0.2343091759627744 0.26038595022587896 0.006395450668363623 0.012864021046687402
3225 0.23056655796468348 0.24655096338005852 0.004796588001272717 0.009648015785015573
3472 0.17558870397041043 0.2075941501694092 0.011028406667727263 0.008449536831702886
3186 0.1825472286362287 0.2134346264918859 0.007976132001908987 0.01451752630835923
3201 0.1876978052991834 0.24045985807603443 0.007976132001908987 0.01451752630835923
3197 0.1986983926241383 0.30149606861349554 0.007976132001908987 0.01451752630835923
3474 0.1917398679583201 0.2956555922910189 0.01102840666772722 0.008449536831702886
4427 0.2794853159611836 0.26946554763739533 0.05199885200509069 0.040503173635171044
2533 0.28315520862509286 0.28955053448321566 0.05806703866963616 0.025242194681858444
1246 0.8495438246340015 0.1909816297580063 0.1336499360279987 0.2138944419804353
2117 0.7674671213001379 0.1996656559957784 0.011173857336090798 0.02094953683170293
2156 0.7726358792966381 0.22512838757992695 0.012736357336090798 0.021040542093374803
3416 0.7769602999681833 0.18896337442574734 0.008030676002545433 0.01920502630835923
3415 0.7806392832988652 0.20826711127156772 0.009611357336090798 0.020858531570031147
3414 0.7835370166295472 0.22761635074822398 0.009611357336090798 0.020858531570031147
3429 0.7872705439608654 0.24223258759404437 0.007976132001908987 0.01451752630835923
4083 0.7729449619669106 0.19856588757992694 0.007976132001908987 0.01451752630835923
4122 0.7773324699634108 0.22407412179491137 0.006359088001272717 0.009739021046687401
2967 0.7809932719605472 0.24494035864073177 0.006395450668363623 0.012864021046687402
4179 0.7840000932925019 0.25491459811738804 0.007903406667727176 0.00826752630835923
2867 0.7274324672979107 0.2183925401684106 0.011028406667727175 0.008449536831702886
2878 0.7225086099618199 0.2389780559534261 0.011028406667727354 0.008449536831702974
2922 0.7208370219605472 0.24844406121509793 0.006395450668363623 0.012864021046687402
3437 0.6877341679662743 0.2082131743410427 0.020530676002545434 0.019933068401734033
2948 0.6921944012969562 0.22747140855602715 0.007994313335454528 0.01608002630835923
2249 0.6696563299650016 0.218634734850269 0.007903406667727176 0.00826752630835923
2249 0.647735876631138 0.2238150585136749 0.00793976933481808 0.01139252630835923
3210 0.6281324486394103 0.1640606269154089 0.011101132001908987 0.014699536831702931
3196 0.3678483819621381 0.2572925003529359 0.00799431333545444 0.01608002630835923
3473 0.3807205519573656 0.2916752056287251 0.011028406667727175 0.008449536831702886
3207 0.3737711179583201 0.28505347930624847 0.006395450668363623 0.012864021046687314
3205 0.32812281063018356 0.24945688452556797 0.004796588001272717 0.009648015785015573
2730 0.3154495406190477 0.33217067398810685 0.006395450668363623 0.012864021046687402
3512 0.28120180995386573 0.3232352897448876 0.011046588001272718 0.010012036831702886
2725 0.2520228399506841 0.34835638708581673 0.007976132001908987 0.01451752630835923
2977 0.23641602128422953 0.34770393970253527 0.00799431333545444 0.01608002630835923
3458 0.2292938646165023 0.35592596338005855 0.012590906667727175 0.008540542093374803
2884 0.2059018179503659 0.3533847923051363 0.014153406667727176 0.00863154735504663
4056 0.1785035239497296 0.35966488438439365 0.01102840666772722 0.008449536831702974
4220 0.20217683394336622 0.40512930282848 0.020421588001272716 0.010558068401734034
4153 0.1787575152769117 0.40493188175355777 0.007976132001908987 0.01451752630835923
4137 0.15735522994909326 0.3655809554169636 0.01102840666772722 0.008449536831702886
2885 0.22353366593732105 0.4483864791650742 0.014153406667727176 0.008631547355046721
2883 0.22723992126832115 0.46534646601089447 0.014153406667727176 0.008631547355046721
3225 0.1576097686187295 0.3437059554169636 0.007976132001908987 0.01451752630835923
4318 0.7742251039545021 0.28983562968741916 0.011028406667727175 0.008449536831702974
3455 0.7521410186187294 0.309078453350825 0.011046588001272539 0.010012036831702886
3778 0.792847834619684 0.29968106654735693 0.011028406667727354 0.008449536831702886
3824 0.8005966999522748 0.3046947902389977 0.012590906667727353 0.008540542093374803
3823 0.8036398839513204 0.31154402971565404 0.014153406667727353 0.00863154735504663
3789 0.7950097712842294 0.3151695586548492 0.006395450668363623 0.012864021046687402
3413 0.8066376146165023 0.3222995191923103 0.011028406667727354 0.008449536831702886
4027 0.7972353426161841 0.3251893007623414 0.011028406667727175 0.008449536831702974
3811 0.7815739799490933 0.3292243533790599 0.011028406667727354 0.008449536831702886
3822 0.7721898892823205 0.330551634949091 0.011028406667727354 0.008449536831702886
3800 0.7627785266152296 0.33422266651912214 0.011028406667727354 0.008449536831702886
3127 0.7325734059516386 0.3133410191217232 0.006395450668363623 0.012864021046687314
3168 0.7355529552832751 0.3256590085983795 0.006395450668363623 0.012864021046687402
3456 0.7432472766152296 0.3353602322900202 0.015824994668999892 0.01809755261671846
3047 0.7017501199475025 0.3455843717243242 0.015824994668999892 0.01809755261671846
3036 0.7088631859484569 0.33814359804680094 0.006395450668363623 0.012864021046687402
2955 0.7015052192870931 0.29953612435516014 0.007903406667727353 0.00826752630835923
2249 0.6953455786123661 0.35922964277101166 0.007921588001272717 0.00983002630835923
2249 0.6601807852880476 0.29491651378946415 0.007921588001272717 0.00983002630835923
2249 0.6742063752785026 0.36436446380358156 0.007921588001272717 0.00983002630835923
3450 0.4962080972708665 0.4309435610033365 0.023601132001908987 0.015427578925077868
3219 0.4569092399347758 0.45353119254513263 0.006395450668363623 0.012864021046687314
3220 0.4613694732654577 0.47278942676011704 0.006395450668363623 0.012864021046687314
3211 0.3855438646165023 0.3468254372128737 0.006395450668363623 0.012864021046687402
3213 0.389913191279457 0.3738961714278581 0.006395450668363533 0.012864021046687402
3476 0.3968626252785025 0.38051789775033484 0.009465906667727175 0.008358531570031146
2976 0.34063989727882066 0.38145033717052135 0.009574994668999892 0.017733531570031148
2702 0.3294387679424117 0.4047436240022243 0.006395450668363533 0.012864021046687314
3214 0.35210410860918445 0.4026427977079825 0.007976132001908987 0.01451752630835923
3215 0.3550745672740482 0.41574203718463876 0.007976132001908987 0.01451752630835923
2906 0.3501507099379574 0.4363275529696544 0.014153406667727176 0.008631547355046721
3216 0.4016859379376392 0.4356681293344833 0.006395450668363623 0.012864021046687314
2648 0.26522172660727544 0.42175608973077006 0.006377269334818081 0.011301521046687312
4224 0.21131492926482132 0.49203776862761295 0.020421588001272716 0.010558068401734034
4223 0.1927558332670485 0.47672358176767526 0.018859088001272672 0.010467063140062294
3514 0.06916379193191222 0.49719424743975127 0.007939769334818126 0.01139252630835923
3765 0.10186720393063955 0.5046581369446425 0.0047602253341818114 0.0065230157850155734
3993 0.1041109565961396 0.5131153790521347 0.01102840666772722 0.008449536831702886
4018 0.08923993459582144 0.5163236790380171 0.01102840666772722 0.008449536831702886
4280 0.1083439232575035 0.5519048632671191 0.012845445337363426 0.030415542093374805
3579 0.11283142858850359 0.5688193474821036 0.01415340666772722 0.008631547355046721
3578 0.10107631592141271 0.5726268869446424 0.01415340666772722 0.008631547355046721
3577 0.08933029392109454 0.5756531764071813 0.01259090666772722 0.008540542093374803
3585 0.09590755792491254 0.5471641553604939 0.01771475867281791 0.04631355787839038
2539 0.08570585459104893 0.551661939561361 0.014517033338636121 0.03988154735504672
4418 0.14194676392427621 0.5491670001411744 0.01259090666772722 0.008540542093374803
4163 0.10044905991409488 0.6265331369446423 0.01102840666772722 0.008449536831702886
4162 0.11141383191441304 0.6235523501129394 0.01102840666772722 0.008449536831702886
4161 0.12236951324795849 0.6213528132812366 0.011028406667727263 0.008449536831702886
3565 0.14498940058086757 0.6231582369869948 0.007903406667727219 0.00826752630835923
2873 0.11050531257959491 0.6345353527437754 0.014153406667727264 0.008631547355046721
3976 0.1501587059198219 0.5814789712019792 0.01102840666772722 0.008449536831702886
4006 0.16816381858691276 0.5773074106927529 0.0063954506683635785 0.012864021046687314
2858 0.17671211525304914 0.5807131317535577 0.01415340666772722 0.008631547355046721
2859 0.1748405325827766 0.6073666370152295 0.004832950668363578 0.012773015785015574
3198 0.1590882632479585 0.6192141896319481 0.011028406667727263 0.008449536831702886
2862 0.1717524425923216 0.5372816501694093 0.01415340666772722 0.008631547355046721
2861 0.18352573659295796 0.5319116107068703 0.01415340666772722 0.008631547355046721
2755 0.19099279125559449 0.5611440843985112 0.006359088001272628 0.009739021046687312
2754 0.18620529392109453 0.5700108501835267 0.006359088001272628 0.009739021046687312
2734 0.19572519724700396 0.6241068159826597 0.006340906667727219 0.008176521046687313
2733 0.2026837219128222 0.6299472923051364 0.006340906667727175 0.008176521046687313
2864 0.22444054324477677 0.6388294686417304 0.012699994668999893 0.017915542093374804
3789 0.20480929591027683 0.6485607844126285 0.00793976933481808 0.01139252630835923
3460 0.25808993193032137 0.4979013607774575 0.012590906667727175 0.008540542093374803
4066 0.23764107192873052 0.5108031791791916 0.006395450668363623 0.012864021046687314
4077 0.24060243992682154 0.5246836686558478 0.006395450668363623 0.012864021046687314
2644 0.2378677912555945 0.5584139265483555 0.006304544000636269 0.005051521046687313
2857 0.2666194999204582 0.5700115792074264 0.004832950668363534 0.012773015785015574
2785 0.27919277259709413 0.4958915397448876 0.00793976933481808 0.01139252630835923
3461 0.2537104199156857 0.6058958713008012 0.012736357336090798 0.021040542093374803
2690 0.24261837858054944 0.6198141581325041 0.006359088001272717 0.009739021046687312
2685 0.24739678524827663 0.6117286423474886 0.006359088001272717 0.009739021046687312
2646 0.3434098139322304 0.4788790740163417 0.007976132001908987 0.01451752630835923
2904 0.35341152259709413 0.4915687898154747 0.011028406667727175 0.008449536831702886
2905 0.3607422172581399 0.5325200135071155 0.011028406667727175 0.008449536831702886
3469 0.39036608259073075 0.5362596635353503 0.012590906667727175 0.008540542093374803
3470 0.36114165925368547 0.5652870108762795 0.007976132001908987 0.01451752630835923
3465 0.3585797332511401 0.5841735187687873 0.00799431333545444 0.01608002630835923
2908 0.3661195132479585 0.607155992460428 0.014153406667727176 0.008631547355046721
2902 0.40822629193191223 0.47744610565695994 0.011028406667727175 0.008449536831702886
3058 0.7149944599379574 0.4150778243692776 0.015824994668999892 0.01809755261671846
3240 0.7456904766072755 0.39377197176667655 0.011028406667727354 0.008449536831702886
3239 0.7356614959420936 0.38342600596754356 0.004832950668363622 0.012773015785015574
3227 0.7574364986075937 0.39074568230413764 0.011028406667727354 0.008449536831702886
3225 0.7430376439370029 0.42047097965918423 0.011028406667727175 0.008449536831702886
3226 0.757845031269912 0.4227314296733017 0.011028406667727175 0.008449536831702886
3235 0.7981160426082299 0.38369204550066954 0.007976132001909164 0.01451752630835923
3422 0.8103256886139569 0.34082200603813073 0.011028406667727354 0.008449536831702974
3423 0.8147859219446388 0.36008024025311514 0.011028406667727354 0.008449536831702886
3424 0.8184739959420935 0.3786027270989355 0.011028406667727354 0.008449536831702886
3425 0.8213626386060028 0.39873321657559185 0.011028406667727354 0.008449536831702886
3426 0.8250507126034574 0.41725570342141227 0.011028406667727354 0.008449536831702886
3427 0.8287206052673668 0.43734069026723255 0.011028406667727354 0.008449536831702886
3428 0.8324086792648213 0.455863177113053 0.011028406667727354 0.008449536831702886
4001 0.8009143259468662 0.3444930376081618 0.011028406667727354 0.008449536831702974
3997 0.8038211499443207 0.36306102708481813 0.011028406667727354 0.008449536831702886
3986 0.8082722926082301 0.38310051129980255 0.011028406667727354 0.008449536831702886
3954 0.8119603666056847 0.4016229981456229 0.011028406667727354 0.008449536831702886
3965 0.8193183332670486 0.4402304718372637 0.011028406667727354 0.008449536831702886
4032 0.8229973165977306 0.4595342086830841 0.011028406667727354 0.008449536831702886
3477 0.7682643632638668 0.4666256428415988 0.007976132001908987 0.01451752630835923
2881 0.6975706026018667 0.4363913822476679 0.011028406667727175 0.008449536831702886
2645 0.6948444972549581 0.5364823875093399 0.006340906667727175 0.008176521046687313
3353 0.652793357256549 0.5272207795744797 0.025709072008272216 0.062393584186749604
3632 0.6661200605904126 0.5225409848502689 0.025672709341181488 0.05926858418674961
4175 0.24850475190964053 0.6507001370858168 0.006395450668363533 0.012864021046687314
4167 0.24481667791218586 0.6321776502399963 0.006395450668363533 0.012864021046687314
2863 0.23929338391154956 0.6371836686558479 0.007976132001908987 0.01451752630835923
2875 0.2225144165738679 0.6701704739034022 0.004832950668363534 0.012773015785015574
2870 0.2334064632400043 0.6734396870716993 0.004832950668363622 0.012773015785015574
2872 0.22855533123809532 0.6877752028567148 0.014153406667727176 0.008631547355046721
2874 0.20695305124127694 0.6656117765201207 0.006413632001908987 0.014426521046687313
2849 0.24744169123968612 0.6749643897166526 0.00799431333545444 0.01608002630835923
4103 0.24961271857100442 0.6896716318241449 0.006395450668363623 0.012864021046687314
3420 0.24327181190327715 0.6978481528708322 0.008030676002545256 0.01920502630835923
3568 0.2707155592377771 0.687661810791575 0.00793976933481808 0.011392526308359407
4172 0.21885306723427728 0.7164462344267459 0.006395450668363623 0.012864021046687314
3357 0.124457629893414 0.7773753001270569 0.017478401336727113 0.0260010578783902
4330 0.16216671522918663 0.7572224238469325 0.014153406667727264 0.008631547355046721
3418 0.181488879893414 0.7740536080760345 0.014207950668363533 0.01331904735504672
4152 0.203363879893414 0.7727795344126285 0.011028406667727175 0.008449536831702886
2874 0.2216508032304593 0.7443892239034022 0.01424431333545444 0.01644404735504672
2879 0.2515564792330046 0.7239101239316371 0.007994313335454528 0.01608002630835923
2850 0.25551727323364093 0.7189951107774575 0.008012494668999892 0.01764252630835923
2877 0.24331671789468662 0.7610839002399963 0.014153406667727176 0.008631547355046721
2851 0.26759910256209574 0.7542045686840828 0.014153406667727176 0.008631547355046721
3567 0.2782462485678227 0.7114255344832158 0.006359088001272717 0.009739021046687312
2846 0.30430876189532297 0.7528471950347942 0.014153406667727176 0.008631547355046721
4094 0.3142564739020045 0.7030824134647632 0.006395450668363623 0.012864021046687314
2847 0.3187894325668682 0.7160906476797477 0.009574994668999892 0.017733531570031148
2947 0.3004576032384135 0.6812452108198098 0.014153406667727176 0.008631547355046721
3468 0.6772564605745043 0.6390004427568942 0.011028406667727175 0.008449536831702886
2896 0.7100144165738679 0.6417768322617853 0.004832950668363622 0.012773015785015574
2646 0.7065626999125041 0.602941845415965 0.006395450668363623 0.012864021046687314
2785 0.7707797412476403 0.5859293796874192 0.004796588001272539 0.009648015785015573
3496 0.7850871419080497 0.6311585797015367 0.009574994668999892 0.017733531570031148
4173 0.8204979305776859 0.60723596131392 0.011082950668363623 0.013137036831702887
4177 0.7907377052435042 0.6152150612856851 0.011101132001908987 0.014699536831702886
4193 0.8110774772438223 0.6116882428839511 0.01110113200190881 0.014699536831702886
4188 0.8008939552435042 0.6146235270848182 0.009538632001908808 0.014608531570031147
3832 0.7927360099061407 0.6447660533931774 0.014153406667727353 0.008631547355046721
2694 0.784750787237459 0.6600648297015366 0.007976132001908987 0.01451752630835923
3004 0.80656215257005 0.6642595060381307 0.007994313335454705 0.01608002630835923
3464 0.7779933519255489 0.5027528586407317 0.009611357336090798 0.020858531570031147
2644 0.7590160852562308 0.523376171780794 0.00474204400063627 0.004960515785015574
3271 0.8073354065881855 0.5307112586689666 0.011028406667727354 0.008449536831702886
4176 0.8264308519255488 0.4999316955289045 0.011064769334818082 0.011574536831702887
4219 0.8297194839274578 0.4856871850055608 0.011228401336727246 0.025637036831702886
2895 0.8577444865929579 0.49264284029546745 0.009520450668363623 0.013046031570031147
4183 0.8491507365929578 0.4931433692346626 0.011028406667727354 0.008449536831702886
2915 0.8867689152610033 0.4808029929545382 0.014153406667727353 0.008631547355046721
2916 0.9125410745942307 0.4800826561369528 0.014153406667727353 0.008631547355046721
3781 0.8856422199236398 0.5105359955853742 0.007994313335454705 0.01608002630835923
3788 0.8346337032543218 0.5330249165897093 0.007994313335454351 0.01608002630835923
3005 0.8448808599220492 0.5246208823888423 0.011028406667727354 0.008449536831702886
3787 0.8527024505888218 0.523384606080483 0.011155676002545434 0.019387036831702887
2264 0.9253223379217308 0.5222778614127421 0.014535214672181596 0.04144404735504672
3784 0.9055547305856401 0.5437279271836402 0.008012494668999892 0.01764252630835923
3782 0.9018757472549581 0.5244241903378197 0.007994313335454705 0.01608002630835923
3569 0.8997047199236399 0.5097169482303275 0.007903406667727353 0.00826752630835923
3495 0.9348149692473221 0.5787175772118751 0.009556813335454351 0.016171031570031146
2918 0.9089973565802312 0.5833441640294605 0.01268181333545435 0.016353042093374803
3791 0.877983713916322 0.5648517692628975 0.014153406667727353 0.008631547355046721
3786 0.8403382632479584 0.5795358955430219 0.007994313335454705 0.01608002630835923
2924 0.8343877079090042 0.6212606639588734 0.01268181333545435 0.016353042093374626
3421 0.8349598725732316 0.6391839113280374 0.014262494668999893 0.01800654735504672
3795 0.8739223752387317 0.6455025297862411 0.014153406667727353 0.008631547355046721
2923 0.851084311903277 0.662447106080483 0.014153406667727353 0.008631547355046721
3793 0.8925360152371408 0.656129216646179 0.014153406667727353 0.008631547355046721
2262 0.9495490839035952 0.6543700245951566 0.014553396005727137 0.04300654735504672
3794 0.9157735205681409 0.6719516377211013 0.009593176002545079 0.019296031570031145
3792 0.9128485152371407 0.654946148244445 0.007994313335454705 0.01608002630835923
2576 0.9087513612349136 0.6715799113986247 0.011337489337999784 0.035012036831702883
2249 0.8985678392345955 0.6745151955994916 0.01733295066836362 0.013501057878390376
3471 0.818307627227914 0.7283752139447559 0.011028406667727354 0.008449536831702886
2725 0.7987309238940503 0.7334190297156541 0.006395450668363623 0.012864021046687314
2730 0.7352951325589141 0.7503859928133639 0.006395450668363623 0.012864021046687314
2702 0.7213240865690954 0.6762505427992466 0.006395450668363623 0.012864021046687314
3467 0.7026644458943685 0.7366721033084728 0.009574994668999892 0.017733531570031148
4292 0.6362667392186871 0.8069005742986904 0.011082950668363623 0.013137036831702887
4289 0.6223138745624139 0.7312026242845729 0.011082950668363623 0.013137036831702887
4290 0.626701382558914 0.7567108584995574 0.011064769334818082 0.011574536831702887
4291 0.6310888905554142 0.7822190927145419 0.011082950668363623 0.013137036831702887
4128 0.21824399256050492 0.768789984426746 0.011028406667727175 0.008449536831702886
4123 0.22115990722473225 0.7865767239034023 0.011028406667727175 0.008449536831702886
4151 0.20707013522441411 0.7897395212584489 0.011028406667727175 0.008449536831702886
2865 0.23419570922186878 0.8068969291791916 0.00799431333545444 0.016080026308359408
3417 0.1833871872215506 0.8121983501835267 0.009593176002545344 0.019296031570031145
3435 0.20545254388132364 0.8616600238892849 0.02043976933481808 0.012120568401734033
2866 0.21868834054746006 0.8647927291650742 0.009574994668999892 0.017733531570031148
3419 0.20057413987909647 0.8783392896743003 0.014207950668363533 0.013319047355046364
4155 0.2357758432129601 0.8723854212866838 0.011028406667727175 0.008449536831702886
4154 0.24025425787718743 0.8900811555016682 0.011028406667727175 0.008449536831702886
4160 0.22324857121264188 0.8754572133800587 0.011028406667727175 0.008449536831702886
3459 0.27033265654841454 0.8547583055299031 0.009611357336090798 0.020858531570031147
2886 0.2612843732097784 0.8943213344690981 0.011028406667727175 0.008449536831702886
4286 0.23375880987432396 0.9115389265483558 0.00950226933481808 0.011483531570031147
4287 0.21883324387336947 0.9194347265342382 0.00950226933481808 0.011483531570031147
4222 0.26562642787241497 0.9237358186840826 0.018859088001272718 0.010467063140062294
3413 0.20402585654046038 0.9171742765201207 0.011101132001908987 0.014699536831702886
2506 0.1451235712126419 0.880007476463651 0.017405676002545344 0.019751057878390554
2507 0.16424519386541528 0.9811681580619169 0.017387494668999894 0.018188557878390556
3436 0.2661713205363242 0.9440028160532468 0.01593408267027261 0.027472552616718816
4293 0.6406542472151873 0.8324088085136749 0.011064769334818082 0.011574536831702887
4294 0.6450508458784602 0.8571357927286594 0.011064769334818082 0.011574536831702887
4295 0.6502196038749604 0.8825985243128078 0.00950226933481808 0.011483531570031147
3802 0.31351848786605163 0.9677896555722555 0.014153406667727176 0.008631547355046365
3272 0.29782076253186984 0.974949708188974 0.011028406667727175 0.008449536831702886
3765 0.3149718998647789 0.9770736503105836 0.0047602253341818114 0.0065230157850155734
2987 0.4251008778644608 0.9730015293627183 0.014098862667090905 0.003944047355046365
2983 0.4391724685312335 0.9714012320076716 0.01411704400063627 0.00550654735504672
2982 0.45325314986477894 0.9690196846526249 0.014153406667727176 0.008631547355046365
2901 0.7363849178867324 0.790919987551692 0.014153406667727353 0.008631547355046721
3457 0.7487667392186872 0.8003481954583173 0.007994313335454351 0.016080026308359408
2972 0.8023826352244141 0.7550665165614744 0.008012494668999892 0.017642526308359406
2964 0.8375383378819599 0.8201608955430219 0.014153406667727353 0.008631547355046721
2734 0.8222945985439601 0.8554004455289045 0.009465906667727352 0.008358531570031146
2728 0.82708209587846 0.8465336797438889 0.004778406667727353 0.008085515785015573
2750 0.8709320932129601 0.8353917824170771 0.009465906667727352 0.008358531570031146
2644 0.8771093678787782 0.8412777613703897 0.004760225334181456 0.0065230157850155734
2957 0.8988207358768694 0.8540661877069837 0.014207950668363622 0.013319047355046364
2736 0.91087584054746 0.824477398244445 0.00948408800127254 0.009921031570031148
2734 0.90765084321296 0.8332531587677888 0.007903406667727353 0.008267526308359408
2750 0.9562883378819599 0.8132444956559614 0.00948408800127254 0.009921031570031148
2644 0.9632468625477781 0.819084971978438 0.004778406667727353 0.008085515785015573
2952 0.9858849312142327 0.8193278956841962 0.007903406667727353 0.008267526308359408
4288 0.9468780698997772 0.6826315324876642 0.011028406667727354 0.008449536831702886
3819 0.965473528564641 0.6948207193476021 0.014153406667727353 0.008631547355046721
2644 0.9882570478994591 0.6825636430533603 0.006322725334181456 0.006614021046687313
2700 0.9788547758991409 0.6854534246233914 0.009465906667727352 0.008358531570031146
3809 0.9764922972231413 0.7542944298850631 0.014153406667727353 0.008631547355046721
4225 0.950983767226323 0.7323585167026487 0.023564769334818082 0.01230257892507769
3816 0.9425354678946867 0.7203590456418439 0.009593176002545079 0.019296031570031145
3801 0.9610582012253687 0.7387982325017818 0.014207950668363622 0.01331904735504672
2399 0.8808161705522325 0.791095750847046 0.10514203333863606 0.045159852532014
4415 0.6006650465468237 0.847229442686307 0.0723477146721816 0.04481124203690499
2613 0.5141002905395059 0.9061409820782587 0.2619192920114539 0.09957287869919895
2532 0.5560059798695514 0.9279025900131188 0.18822725334181775 0.07342063140062187
1461 0.7083477546546824 0.04696486120098052 0.019095445337363515 0.030779563140062183
281 0.7099375266550005 0.04453010593930867 0.009574994668999892 0.01773353157003108
824 0.589516485996182 0.00021501869820014785 0.014207950668363622 0.0004300373964002957
823 0.5746454639958638 0.0022097936911414317 0.014226132001908986 0.004419587382282863
844 0.6947119686505462 0.07820715592519124 0.014207950668363622 0.013319047355046654
843 0.6806131059834553 0.08215120328023788 0.014207950668363622 0.013319047355046632
838 0.6657329933163644 0.08614075326612045 0.014226132001908986 0.014881547355046631
837 0.6524153806492736 0.09003929799033117 0.014226132001909165 0.014881547355046631
832 0.6375443586489553 0.09324759797621374 0.014226132001908986 0.014881547355046631
833 0.6234454959818645 0.09719164533126037 0.014226132001908986 0.014881547355046631
825 0.609364814648319 0.09957319268630702 0.014207950668363622 0.013319047355046632
826 0.5952568613144554 0.10429849004135365 0.014226132001908986 0.014881547355046631
479 0.3609096806572277 0.04846353192296694 0.039389764003817974 0.030400131541796216
480 0.3645704826543642 0.06932976876878731 0.04093408267027261 0.028928636803468067
457 0.31956651798218266 0.11254841872643502 0.039389764003817974 0.030400131541796237
64 0.3624994526575459 0.04602877666129509 0.018968176002545346 0.019842063140062184
64 0.36536991398790963 0.0677217661379514 0.018968176002545346 0.019842063140062205
64 0.3211471993157281 0.11089491346476317 0.018968176002545346 0.019842063140062205
1058 0.3154148199793191 0.13386968188061465 0.014226132001908986 0.014881547355046631
1061 0.3176131193109556 0.14623317398810687 0.014226132001908986 0.014881547355046631
972 0.31902107797581924 0.159423418726435 0.011028406667727175 0.008449536831702931
459 0.3313483553071376 0.17353912663306023 0.039389764003817974 0.030400131541796237
464 0.33648984130331955 0.20134560821720876 0.03937158267027261 0.02883763154179624
1069 0.3315750746340015 0.22114987400222433 0.014207950668363533 0.01331904735504672
1070 0.3337642832988652 0.23429461610971652 0.014207950668363622 0.013319047355046632
1080 0.33594440129695624 0.24822060821720876 0.011028406667727263 0.008449536831702974
64 0.33212960530713753 0.1734936240022243 0.020530676002545344 0.019933068401734033
64 0.3372801819700923 0.20051885558637284 0.020530676002545257 0.019933068401734033
64 0.3482716786282745 0.26233631612383396 0.020530676002545344 0.019933068401734033
466 0.34827167862827446 0.26233631612383396 0.03937158267027261 0.02883763154179624
473 0.353394983290911 0.2917052977079825 0.03937158267027261 0.02883763154179624
64 0.35418532395768376 0.29087854507714656 0.020530676002545344 0.019933068401734033
1399 0.34738243531191004 0.13747282401634173 0.052089758672817864 0.048315673635171044
1962 0.2981909573122282 0.13799573975900498 0.014226132001908986 0.014881547355046631
1972 0.3003892566438647 0.1503592318664972 0.014207950668363622 0.013319047355046632
1983 0.3033597153087284 0.1634584713431535 0.014207950668363533 0.013319047355046632
853 0.2845278993077739 0.1715817844832157 0.011155676002545346 0.019387036831702974
1040 0.27121028664068303 0.17548032920742643 0.011173857336090798 0.020949536831702975
1079 0.2594642646403648 0.17850661866996526 0.011155676002545255 0.019387036831702974
1097 0.2461557426400467 0.181623913394176 0.011155676002545346 0.019387036831702974
471 0.13905231464831905 0.1269657764495336 0.040952264003817976 0.030491136803468065
64 0.13670856464831901 0.12710228434204135 0.018968176002545346 0.019842063140062205
462 0.19191368531191008 0.14652784755269072 0.037827264003818015 0.03030912628012441
64 0.1903693666454555 0.14505635281436255 0.018968176002545346 0.019842063140062205
1888 0.22066539397677382 0.1581255002117615 0.014207950668363533 0.013319047355046632
1922 0.22285460264163753 0.17127024231925372 0.014207950668363622 0.013319047355046632
1933 0.22583415197327397 0.18358823179591005 0.014207950668363533 0.013319047355046632
218 0.22286369330841022 0.1704889923192537 0.007903406667727176 0.00826752630835923
1406 0.17587051464036485 0.18337540016940918 0.05365225867281791 0.04840667889684287
460 0.20291427263686498 0.20756405809015183 0.037790901336727065 0.02718412628012441
64 0.20212393197009226 0.20839081072098775 0.018968176002545346 0.019842063140062205
1064 0.20719323997454664 0.17530529493597222 0.014207950668363622 0.013319047355046632
1037 0.20860119863941035 0.18849553967430038 0.014189769334818081 0.011756547355046632
1164 0.20501312197645563 0.16137930282848 0.011064769334818082 0.011574536831702975
683 0.039623931970092285 0.21785535793486005 0.007939769334818114 0.01139252630835923
701 0.043266552633683335 0.24028409478068044 0.007939769334818114 0.01139252630835923
700 0.046909173297274384 0.26271283162650083 0.007939769334818103 0.01139252630835923
699 0.05212338462763816 0.28426931321064935 0.007939769334818126 0.01139252630835923
695 0.05577509595800194 0.3059168000564697 0.009502269334818125 0.011483531570031147
682 0.05940862595482026 0.32912678690229014 0.007939769334818103 0.01139252630835923
2024 0.07366148261459331 0.37904348691640755 0.014189769334818126 0.01175654735504672
241 0.07367057328136603 0.37826223691640753 0.004742044000636336 0.004960515785015574
1716 0.10263936326386683 0.5053938843138065 0.014226132001908986 0.01488154735504672
2052 0.08775925059677595 0.509383434299689 0.015806813335454438 0.01653505261671846
241 0.08776834126354867 0.5086021842996891 0.006322725334181767 0.006614021046687313
1245 0.09030299526577583 0.49205942640718126 0.03933522000318166 0.02571263154179615
1560 0.09383598058564009 0.5910051606221657 0.014371582670272564 0.02738154735504672
1561 0.10480075258595827 0.5880243737904628 0.014371582670272564 0.02738154735504672
1562 0.11576552458627642 0.5850435869587599 0.014371582670272564 0.02738154735504672
2791 0.08684109325273098 0.5882896842996891 0.004742044000636336 0.004960515785015574
2791 0.09779677458627642 0.586090147467986 0.004742044000636314 0.004960515785015574
2791 0.10954279658659458 0.5830638580054472 0.004742044000636358 0.004960515785015574
31 0.724081295313501 0.10382180595342612 0.030051126670908878 0.03297909997176509
54 0.6958381166454555 0.11561615066351938 0.018968176002545255 0.019842063140062205
353 0.5428500239895004 0.04567391893819653 0.018968176002545255 0.019842063140062195
353 0.4982096859882278 0.05764256889584422 0.018968176002545432 0.019842063140062184
174 0.31864036465627316 0.05795192398810687 0.018859088001272718 0.010467063140062205
250 0.316986957988546 0.06585542924977872 0.014171588001272717 0.010194047355046632
174 0.172192078652137 0.09692966595442476 0.020457950668363534 0.013683068401734033
238 0.17130174065086434 0.10635016858526067 0.015770450668363533 0.013410052616718505
498 0.7570568799729558 0.15499019282748136 0.06815111067790855 0.0867257262518895
391 0.7037955199713649 0.16980312172432424 0.06655224801081765 0.08350972099021767
475 0.6513335913033196 0.18300804799033116 0.06340906667727211 0.08176521046687397
483 0.6653500906270018 0.2532372480044486 0.06337270401018139 0.07864021046687393
414 0.6793847712842295 0.32190394801856603 0.06340906667727211 0.08176521046687402
417 0.6933830892743663 0.3936956480326835 0.06337270401018139 0.07864021046687401
4440 0.7218102706476828 0.09770831384593388 0.039844297342454024 0.06946263154179624
1460 0.7572119686505462 0.07456694545831728 0.06522610534690845 0.1037312157285458
388 0.6943028886457737 0.11336340592519126 0.028779528007635946 0.05788809471009326
387 0.6653420946451373 0.11973450326612045 0.03037839067472703 0.061104099971765136
386 0.6371352786441828 0.12840384797621374 0.028779528007635946 0.05788809471009326
498 0.6073841439767739 0.13560169794797888 0.028779528007635946 0.05788809471009326
1228 0.6319397959898186 0.04680929763739532 0.13557496801399935 0.09361859527479063
1205 0.5434949139879096 0.0670836357703988 0.06424540802036276 0.1341672715407976
1206 0.4988636666534097 0.0730907120646406 0.06582608935390813 0.1461814241292812
1241 0.2531966306492735 0.1132911423474886 0.13274086935072643 0.1357694419804353
1795 0.17520799065086437 0.10612265543108106 0.041170440006363364 0.04924113680346807
470 0.208055758633047 0.23537053967430036 0.037790901336727065 0.02718412628012441
64 0.20727450863304703 0.2354160423051363 0.018968176002545346 0.019842063140062205
485 0.17717738128582036 0.3394433896460655 0.03626476400381802 0.030218121018452494
467 0.22061884595800194 0.29631574495008967 0.039389764003817974 0.03040013154179615
64 0.21828418662477467 0.2956710028425974 0.018968176002545346 0.019842063140062205
64 0.17717738128582036 0.3394433896460655 0.018968176002545346 0.019842063140062115
1409 0.19281201929504724 0.27061008966018296 0.05367044000636332 0.04996917889684287
1073 0.22553361262731997 0.2765114791650741 0.014207950668363622 0.013319047355046632
1075 0.22256315396245627 0.2634122396884178 0.014207950668363533 0.013319047355046632
1100 0.22116428596436527 0.24944074495008967 0.011064769334818082 0.011574536831702887
1247 0.06598534261618413 0.36777976322476674 0.037827264003818015 0.03030912628012441
1272 0.07261660327818435 0.4017452395472435 0.02676249466899989 0.018734589448421345
1380 0.11583189596595611 0.24386485011293946 0.13045221069381693 0.2074624314570917
1378 0.42359039930777387 0.16348231619442113 0.12574652936027153 0.2056269156720761
1379 0.4566285239497295 0.34346594780680456 0.12887152936027152 0.20580892619541977
1410 0.363524508633047 0.2263155161379514 0.05212612133990877 0.05144067363517104
1408 0.3804387412874112 0.31589395562872513 0.052089758672817864 0.048315673635170954
3208 0.3359620352880476 0.31380010558637284 0.006395450668363623 0.012864021046687402
3209 0.33814215328613856 0.32772609769386507 0.006395450668363623 0.012864021046687402
3212 0.3450370432845477 0.33903532401634173 0.006359088001272717 0.009739021046687401
1083 0.3477080572883657 0.3107738161238339 0.014207950668363622 0.013319047355046632
1084 0.3514506752864567 0.32460880296965433 0.015806813335454438 0.01653505261671846
1087 0.3520773839513204 0.33784455033881844 0.011064769334818082 0.011574536831702975
873 0.33514387527850253 0.38411260558637284 0.012736357336090798 0.021040542093374803
476 0.36439557061586597 0.3527415082454436 0.03937158267027261 0.02883763154179624
477 0.3695461472788207 0.37976673982959214 0.039353401336727066 0.02727513154179615
64 0.3644046612826387 0.35196025824544364 0.018968176002545346 0.019842063140062205
64 0.3703364879455934 0.3789399871987562 0.018968176002545346 0.019842063140062205
1089 0.36462228994272994 0.4003522556146077 0.014226132001908986 0.01488154735504672
1090 0.3668114986075936 0.4134969977220999 0.015806813335454438 0.01653505261671846
3223 0.3588262759389119 0.42879577403045915 0.004796588001272717 0.009648015785015573
1098 0.36821945727245736 0.4266872424604281 0.011028406667727175 0.008449536831702886
1412 0.39658081460854816 0.40473664775033474 0.052089758672817864 0.048315673635170954
478 0.3813188939370029 0.44153869773621734 0.03782726400381797 0.03030912628012423
64 0.38132798460377565 0.44075744773621733 0.018968176002545346 0.019842063140062295
377 0.35311207793604843 0.4502080424463106 0.023710220003181702 0.024802578925077867
798 0.40677287993318495 0.46816211091863186 0.006395450668363623 0.012864021046687314
800 0.3519581105983668 0.48228479507714656 0.007976132001908987 0.01451752630835923
801 0.3600700552594125 0.5231905161379513 0.007976132001908987 0.014517526308359407
2903 0.411196750596776 0.49054534513361625 0.012590906667727353 0.008540542093374803
799 0.4126410719287305 0.5006105898719444 0.009556813335454351 0.016171031570031146
1403 0.3830262972629123 0.49608968984370955 0.058776110677908555 0.08617969468185827
145 0.3782751625955033 0.5018314556287251 0.022456802673454224 0.05127407366340577
1243 0.30317571260345744 0.4476514608198098 0.10921355736790747 0.2608758577936857
481 0.43654219593413934 0.4594017609468667 0.039389764003817974 0.030400131541796327
482 0.4409933385980486 0.47944124516185116 0.040952264003817976 0.030491136803468065
64 0.4373325366009121 0.4585750083160308 0.018968176002545255 0.019842063140062295
64 0.44098424793127594 0.4802224951618511 0.018968176002545432 0.019842063140062295
1389 0.23823251261141162 0.39287993181002745 0.04616702267663593 0.07607665258848365
1392 0.2514859432686393 0.4615921344549808 0.04616702267663593 0.07607665258848365
874 0.24345636195100226 0.3465131660250119 0.012736357336090798 0.021040542093374803
4465 0.1947915952816842 0.36886557913683926 0.019022720003181705 0.024529563140062206
4297 0.19337454595004774 0.35645658439851113 0.007903406667727219 0.00826752630835923
553 0.1999876252785025 0.39198456072098775 0.01746022000318166 0.024438557878390377
555 0.20512911127468453 0.4197910423051363 0.017460220003181703 0.024438557878390377
557 0.21025241593732105 0.4491600238892849 0.015861357336090797 0.02122255261671846
558 0.21390412726768485 0.4708075107351052 0.01587953866963625 0.02278505261671846
211 0.19920637527850255 0.3920300633518237 0.004796588001272628 0.009648015785015573
211 0.20433877060791178 0.4206177949359722 0.004796588001272717 0.009648015785015573
245 0.21024332527054837 0.44994127388928484 0.004796588001272717 0.009648015785015573
245 0.2131228772676848 0.4708530133659411 0.004796588001272717 0.009648015785015573
2090 0.18070182328136603 0.37202837649188586 0.012736357336090798 0.021040542093374803
4145 0.16753875194941142 0.3626456712160966 0.01102840666772722 0.008449536831702886
2177 0.16894671061427516 0.3758359159544248 0.012736357336090798 0.021040542093374803
2170 0.1603347792807297 0.37789894489361997 0.012736357336090798 0.021040542093374803
241 0.1806927326145933 0.3728096264918859 0.0047602253341818114 0.0065230157850155734
245 0.16894671061427516 0.3758359159544248 0.006322725334181811 0.006614021046687402
263 0.1603347792807297 0.37789894489361997 0.0047602253341818114 0.0065230157850155734
2185 0.18578876527691168 0.4045223580760345 0.011173857336090798 0.020949536831702885
206 0.18577967461013895 0.4053036080760345 0.004796588001272672 0.009648015785015573
206 0.19093025127309368 0.43232883966018293 0.004796588001272672 0.009648015785015573
1933 0.19091206993954823 0.43389133966018295 0.009574994668999892 0.017733531570031148
2190 0.19532684993636656 0.45705582387516747 0.011137494668999891 0.017824536831702886
3889 0.18387172927277554 0.4350821133377063 0.007976132001908987 0.01451752630835923
245 0.19532684993636656 0.45705582387516747 0.006340906667727264 0.008176521046687313
4166 0.1796654872692757 0.4610908764918859 0.007976132001908987 0.01451752630835923
2198 0.18592457793604839 0.4599456054451984 0.011155676002545346 0.019387036831702887
245 0.18591548726927568 0.4607268554451984 0.006340906667727219 0.008176521046687313
780 0.20966261728200236 0.3656572791509567 0.012736357336090798 0.021040542093374803
778 0.2154762652769117 0.4027932581042693 0.011155676002545346 0.019387036831702887
781 0.2221075259389119 0.43675873442674595 0.012736357336090798 0.021040542093374803
779 0.23021947059995762 0.4776644554875508 0.012736357336090798 0.021040542093374626
2100 0.22902004992841238 0.5136474581183867 0.014207950668363533 0.01331904735504672
2111 0.23120925859327607 0.5267922002258789 0.014207950668363622 0.01331904735504672
206 0.22825698126195784 0.5121304607492226 0.007903406667727176 0.00826752630835923
206 0.23199050859327608 0.526746697595043 0.007903406667727176 0.00826752630835923
2364 0.1524126439370029 0.4548709685711433 0.04880222135581711 0.16835515785015537
2195 0.09746041991568569 0.6149963974679861 0.012736357336090775 0.021040542093374803
2194 0.10842519191600389 0.6120156106362832 0.012736357336090798 0.021040542093374803
2193 0.11938996391632202 0.6090348238045802 0.012736357336090798 0.021040542093374803
221 0.12017121391632204 0.6089893211737444 0.004796588001272672 0.009648015785015573
221 0.10841610124923114 0.6127968606362831 0.004796588001272672 0.009648015785015573
221 0.09825076058245841 0.6141696448371501 0.006359088001272673 0.009739021046687312
201 0.14340017592300353 0.5584509948795026 0.01259090666772722 0.008540542093374626
1780 0.14488085992204905 0.5653912396178307 0.03958975867281791 0.04758763154179633
1164 0.1295734859166402 0.6060995396037132 0.012736357336090798 0.021040542093374803
1164 0.12827461525304915 0.5835342948653851 0.011046588001272672 0.010012036831702886
1465 0.14206439524986747 0.6061527475103384 0.017532945337363427 0.030688557878390376
281 0.14127405458309475 0.6069795001411743 0.009574994668999892 0.017733531570031148
2016 0.1515666645846856 0.5946692159403073 0.011155676002545346 0.019387036831702887
1073 0.15684451058245844 0.6107569475244559 0.014207950668363533 0.01331904735504672
2041 0.16175018658500379 0.5917339317394403 0.012736357336090798 0.021040542093374803
245 0.16096893658500375 0.5917794343702762 0.006340906667727219 0.008176521046687313
263 0.15233882391791287 0.5954049633094713 0.004760225334181767 0.0065230157850155734
755 0.18115416725018565 0.6015338659685423 0.011064769334818082 0.011574536831702887
754 0.17580359591823105 0.5916961343843937 0.015806813335454438 0.01653505261671846
757 0.1864689232575035 0.5473546001835267 0.012736357336090798 0.021040542093374626
2862 0.19976835459104894 0.5450185554593159 0.0063954506683635785 0.012864021046687314
758 0.1942905139242762 0.5461183238751673 0.007976132001908987 0.01451752630835923
363 0.17157971992363988 0.5521254001694091 0.02371022000318166 0.02480257892507769
769 0.11422974924414046 0.6499328395895958 0.036319308004454334 0.034905621018452494
1393 0.2164104145846856 0.5908924975809255 0.07451019867918127 0.0964647472985769
196 0.21719166458468558 0.5908469949500896 0.044404528007636036 0.058798147326811726
4047 0.2596791565881854 0.5626086028849497 0.007976132001908987 0.014517526308359407
2081 0.25027688458786723 0.5654983844549808 0.014207950668363533 0.01331904735504672
208 0.25027688458786723 0.5654983844549808 0.007903406667727176 0.00826752630835923
753 0.2516666619191855 0.580251129193309 0.011064769334818082 0.011574536831702887
1164 0.25465530191759467 0.5917878686699654 0.014226132001908986 0.01488154735504672
2644 0.2917467692552763 0.5576179950206768 0.00474204400063627 0.004960515785015574
2645 0.355918357256549 0.544511779292131 0.006359088001272717 0.009739021046687312
1780 0.2950615785725953 0.6753137292356612 0.011064769334818082 0.011574536831702887
1397 0.3311632579169584 0.5920161108480447 0.058467028007636035 0.05961719468185844
1164 0.33856667791218586 0.6267173345396854 0.011173857336090798 0.020949536831702885
378 0.3690808812460495 0.6210364819370844 0.023710220003181702 0.024802578925077867
26 0.17001721992363988 0.552216405431081 0.011064769334818125 0.011574536831702887
26 0.3682996312460495 0.6210819845679203 0.011064769334818082 0.011574536831702887
1404 0.3705257499204582 0.5639597293062485 0.015861357336090797 0.02122255261671846
301 0.3697444999204582 0.5640052319370843 0.009574994668999892 0.017733531570031148
808 0.3727240492520947 0.5763232214137407 0.011028406667727175 0.008449536831702886
2912 0.37342348325114016 0.5833089687829048 0.011028406667727175 0.008449536831702886
2150 0.7580648492998197 0.2025554375658095 0.012736357336090798 0.021040542093374803
2145 0.7486625772995016 0.2054452191358406 0.012736357336090798 0.021040542093374803
2123 0.7392784866327288 0.2067725007058717 0.01273635733609062 0.021040542093374803
2080 0.7632336072963198 0.228018169149958 0.011173857336090798 0.020949536831702885
2234 0.7100813352960017 0.23345609804680087 0.020512494668999893 0.018370568401734032
214 0.7100904259627745 0.2326748480468009 0.007903406667727353 0.00826752630835923
245 0.7674671213001378 0.1996656559957784 0.006340906667727353 0.008176521046687401
208 0.7580739399665924 0.2017741875658095 0.006340906667727353 0.008176521046687401
208 0.7486716679662744 0.2046639691358406 0.0047602253341818114 0.0065230157850155734
1780 0.7452012226289109 0.2345334796591843 0.009593176002545434 0.01929603157003106
763 0.7304392886298654 0.22836677964506685 0.020494313335454352 0.016808068401734034
774 0.734972247294729 0.2413750138600513 0.014226132001909165 0.014881547355046631
2234 0.7538404259627745 0.23012670071998914 0.012754538669636162 0.022603042093374805
864 0.7755245219605473 0.24525887705658325 0.012736357336090798 0.021040542093374803
807 0.76615861262732 0.24502365862661435 0.007976132001908987 0.01451752630835923
2911 0.7668307746260473 0.2543531559957784 0.007903406667727176 0.00826752630835923
1376 0.711862011298547 0.21461509278512905 0.04881930800445424 0.03563366311182729
845 0.6859716732972744 0.22549167960271457 0.011173857336090798 0.020949536831702975
818 0.7153137279599109 0.25345007963094945 0.011173857336090798 0.020949536831702975
852 0.7039671479551384 0.28924336646265236 0.020494313335454352 0.016808068401734034
3036 0.6925029366247747 0.26805090592519126 0.011046588001272539 0.010012036831702886
929 0.7009966892902748 0.27614412698599605 0.020494313335454352 0.016808068401734034
3756 0.6926302059595928 0.2571134059251913 0.004796588001272539 0.009648015785015573
4444 0.7027864559595928 0.2565218717243242 0.019040901336727246 0.026092063140062117
2856 0.7105080492918655 0.263879345415965 0.00793976933481808 0.01139252630835923
752 0.7174665739576838 0.26971982173844167 0.011046588001272539 0.010012036831702886
1164 0.7204552139560929 0.281256561215098 0.011064769334818082 0.011574536831702887
1164 0.7226626039545021 0.2928388033225902 0.011064769334818082 0.011574536831702887
1014 0.7256239719525931 0.3067192927992465 0.012736357336090798 0.021040542093374803
1043 0.7292756832829569 0.32836677964506683 0.011173857336090798 0.020949536831702885
3757 0.703721699952275 0.3103371164626524 0.004796588001272539 0.009648015785015573
4445 0.713096699952275 0.30979108489262125 0.019022720003181705 0.024529563140062115
411 0.7190285266152296 0.3367708138459339 0.019095445337363515 0.030779563140062118
1385 0.7470631672899566 0.27580322176667654 0.04923747867599957 0.07157116311182729
125 0.7471177112905929 0.27111572176667653 0.025454533338636055 0.040518584186749605
4317 0.7682841866247747 0.26363715073410654 0.011082950668363623 0.013137036831702975
696 0.7720995299570474 0.27122213757992697 0.00793976933481808 0.01139252630835923
697 0.7743069199554566 0.28280437968741917 0.00793976933481808 0.01139252630835923
2989 0.7798393046228657 0.2770171112715677 0.006322725334181811 0.006614021046687402
3100 0.7813472606222293 0.2816136060098958 0.007903406667727353 0.00826752630835923
886 0.7783677112905929 0.2692956165332395 0.007976132001908987 0.01451752630835923
992 0.782791581954184 0.291678850748224 0.007976132001909164 0.01451752630835923
2211 0.7861893019573657 0.2680593402248803 0.009593176002545434 0.019296031570031145
1818 0.7898682852880474 0.2873630770707007 0.011155676002545434 0.019387036831702887
278 0.7877427112905929 0.26874958496320844 0.004778406667727353 0.008085515785015573
278 0.7906495352880476 0.2873175744398647 0.0047784066677271754 0.008085515785015573
1867 0.7992523759548202 0.28603579550066954 0.011173857336090975 0.020949536831702885
1866 0.7963728239576838 0.2651240560240133 0.01117385733609062 0.020949536831702885
1164 0.777222834619684 0.30059111916407544 0.006395450668363623 0.012864021046687402
1386 0.7718898972788206 0.356332884949091 0.04275112133990877 0.05089464206513998
166 0.7726711472788207 0.35628738231825513 0.01749658267027261 0.027563557878390377
1829 0.7895501119510022 0.3147068270707007 0.011192038669636162 0.022512036831702886
1851 0.7801569306174568 0.31681535864073174 0.012736357336090798 0.021040542093374803
1865 0.7699734086171387 0.31975064284159876 0.011173857336090798 0.020949536831702885
1840 0.7605893179503659 0.32107792441162986 0.012736357336090798 0.021040542093374803
1582 0.7527677272835932 0.3223142007199892 0.009574994668999892 0.017733531570031148
2878 0.7526586392823205 0.33168920071998914 0.007903406667727353 0.00826752630835923
2061 0.7994700046149115 0.33442779286983365 0.014207950668363622 0.013319047355046632
208 0.7994700046149115 0.3344277928698337 0.007903406667727353 0.00826752630835923
2036 0.8031580786123662 0.352950279715654 0.014189769334818081 0.011756547355046632
2033 0.806837061943048 0.3722540165614744 0.014189769334818081 0.011756547355046632
2025 0.81129729527373 0.3915122507764589 0.014207950668363622 0.01331904735504672
1994 0.8141859379376392 0.41164274025311515 0.014207950668363622 0.01331904735504672
208 0.8039393286123662 0.3529047770848181 0.007903406667727353 0.00826752630835923
208 0.8076183119430482 0.3722085139306385 0.007903406667727353 0.00826752630835923
245 0.8105251359405028 0.3907765034072948 0.007903406667727353 0.00826752630835923
245 0.814195028604412 0.41086149025311514 0.007903406667727353 0.00826752630835923
1345 0.8855705892743664 0.382502000847046 0.13366811736154388 0.21545694198043536
1110 0.7918478612746845 0.38561856654735693 0.01273635733609062 0.021040542093374803
1102 0.7588899106063209 0.4000296770424658 0.014226132001908986 0.01488154735504672
485 0.7408302539385938 0.408888737551692 0.02369203866963616 0.023240078925077866
25 0.741602413271821 0.4096244849208562 0.011064769334818082 0.011574536831702887
498 0.7761774079408209 0.3904348691640755 0.02369203866963616 0.02324007892507769
25 0.7777580892743663 0.3887813639024036 0.011064769334818082 0.011574536831702887
1114 0.7427018366088662 0.3822352322900202 0.011173857336090798 0.020949536831702885
3242 0.7312558066120479 0.3594802717525591 0.006395450668363623 0.012864021046687402
1117 0.7390410346117298 0.3613689954441998 0.012736357336090798 0.021040542093374803
3241 0.7446734166136387 0.3469879770283484 0.011028406667727354 0.008449536831702886
1116 0.7476529659452752 0.3593059665050047 0.011173857336090798 0.020949536831702975
1115 0.7513137679424118 0.380172203350825 0.011173857336090798 0.020949536831702885
3240 0.7622239959420936 0.38187891651912215 0.011064769334818082 0.011574536831702887
1840 0.7254416112746845 0.3894862901684106 0.020494313335454352 0.016808068401734034
3800 0.7232342212762755 0.3779040480609183 0.011046588001272539 0.010012036831702976
266 0.7262228612746846 0.3894407875375746 0.007903406667727353 0.00826752630835923
2234 0.7210086499443207 0.3678843059534261 0.01736931333545435 0.016626057878390377
266 0.7210177406110935 0.3671030559534261 0.007903406667727353 0.00826752630835923
1164 0.7931740039385937 0.4058400612856851 0.014207950668363622 0.01331904735504672
1104 0.7782938912715028 0.40982961127156764 0.014226132001908986 0.01488154735504672
3229 0.7697001412715029 0.4103301402107629 0.006395450668363623 0.012864021046687314
1413 0.7872507205999575 0.44522107970153657 0.04923747867599957 0.07157116311182729
167 0.7887950392664121 0.44669257443986476 0.027089758672817866 0.04685958944842135
1164 0.7394853825986849 0.457371740182528 0.009574994668999892 0.017733531570031148
1164 0.7591893552673666 0.4413904244116299 0.012736357336090798 0.021040542093374626
777 0.7021762866009121 0.44314961646265233 0.011064769334818082 0.011574536831702887
1415 0.7120325445974123 0.4683393322617853 0.058467028007635945 0.05961719468185826
3478 0.6838439099300032 0.4754461769718786 0.006377269334818081 0.011301521046687312
1332 0.15498147123650446 0.7037712001552918 0.13123291335136283 0.14036593671876343
116 0.16124056190327718 0.7026259291086043 0.05552384134309048 0.07506018415851479
1181 0.29861383991091317 0.6384129687123176 0.09015338001272673 0.09893729991529536
744 0.3034735152371408 0.6904382002964662 0.015806813335454438 0.01653505261671846
2199 0.2510757685789586 0.631032379193309 0.012736357336090798 0.021040542093374803
2207 0.25475475190964053 0.6503361160391293 0.011173857336090798 0.020949536831702885
242 0.25476384257641327 0.6495548660391293 0.0047784066677271754 0.008085515785015573
1829 0.20785247990932235 0.6554100238892848 0.004796588001272717 0.009648015785015573
759 0.23301611191123137 0.6398914397025353 0.00955681333545444 0.016171031570031146
760 0.2134939525780041 0.6402477554734334 0.014207950668363622 0.01331904735504672
2234 0.21411157057609512 0.6542647528425973 0.004796588001272717 0.009648015785015573
2869 0.22972747990932235 0.6541359502258789 0.004832950668363622 0.012773015785015574
765 0.22424054857577688 0.6560169686417303 0.006395450668363623 0.012864021046687314
766 0.22791953190645886 0.6753207054875509 0.007976132001908987 0.014517526308359407
770 0.21399339190804972 0.6644210028425974 0.011028406667727175 0.008449536831702886
771 0.214665553906777 0.6737505002117615 0.006322725334181811 0.006614021046687313
2871 0.21895306456877722 0.707852484426746 0.011028406667727175 0.008449536831702886
767 0.21593715257004992 0.6986594949500897 0.007976132001908987 0.01451752630835923
2234 0.22002521590550436 0.68280698179591 0.004796588001272717 0.009648015785015573
2234 0.2137570345719589 0.6847335028425974 0.004796588001272717 0.009648015785015573
768 0.22755590523554997 0.7065707054875509 0.014371582670272609 0.02738154735504672
745 0.25760703190645884 0.6735916055157857 0.014226132001908986 0.01488154735504672
2137 0.2598053312380953 0.6859550976232779 0.014226132001908986 0.01488154735504672
263 0.25900589990454986 0.6875631002541137 0.006322725334181811 0.006614021046687313
1470 0.2650831772358681 0.7020428292074264 0.0221113573360908 0.02158657366340595
281 0.26427465523555 0.7044320818382623 0.012590906667727175 0.008540542093374626
746 0.2648740919000955 0.7200115792074264 0.014226132001908986 0.01488154735504672
775 0.24214511656591373 0.7275811555016682 0.011173857336090798 0.020949536831702885
2204 0.23275193523236828 0.7296896870716993 0.012736357336090798 0.021040542093374803
255 0.2327428445655956 0.7304709370716994 0.006359088001272717 0.009739021046687312
770 0.22414000389882283 0.7317527160108945 0.012736357336090798 0.021040542093374803
2128 0.30486329256845907 0.7051909450347942 0.015806813335454438 0.01653505261671846
743 0.30860591056655007 0.7190259318806147 0.014226132001908986 0.01488154735504672
263 0.30485420190168633 0.7059721950347942 0.006322725334181811 0.006614021046687313
1469 0.2876485205681409 0.7085357529131846 0.028670440006363318 0.04851309471009326
343 0.28684908923459546 0.7101437555440204 0.011173857336090798 0.020949536831702885
360 0.3021104625636865 0.740483702927302 0.03780908267027261 0.02874662628012441
64 0.29975762189691385 0.7414014608198098 0.018968176002545346 0.019842063140062295
361 0.26539171256368654 0.7426223265765906 0.02369203866963625 0.023240078925077866
367 0.24033716856305026 0.7487659107633401 0.02369203866963616 0.02324007892507769
26 0.26461046256368653 0.7426678292074265 0.011064769334818082 0.011574536831702887
26 0.2403189872295048 0.7503284107633401 0.011064769334818082 0.011574536831702887
2161 0.2196974045592322 0.7780739791650741 0.014207950668363622 0.01331904735504672
2183 0.20481729189214132 0.7820635291509566 0.014207950668363533 0.01331904735504672
2182 0.2092957065563687 0.7997592633659412 0.014207950668363533 0.013319047355046543
2157 0.22261331922345962 0.7958607186417304 0.014207950668363622 0.01331904735504672
205 0.2189161545592322 0.7781194817959101 0.006322725334181811 0.006614021046687313
205 0.22260422855668685 0.7966419686417303 0.006322725334181811 0.006614021046687313
245 0.20851445655636872 0.7998047659967771 0.006322725334181811 0.006614021046687313
245 0.2048082012253686 0.7828447791509566 0.006322725334181811 0.006614021046687313
4221 0.24578718988705067 0.8171518897166526 0.020421588001272716 0.010558068401734034
554 0.24358889055541422 0.8047883976091604 0.017460220003181703 0.0244385578783902
245 0.2435979812221869 0.8040071476091605 0.004796588001272717 0.009648015785015573
761 0.22558377788832332 0.8089599581183867 0.014207950668363533 0.01331904735504672
4467 0.1925985552196416 0.8257148186134955 0.017460220003181703 0.0244385578783902
4467 0.21141218988705068 0.8191540054734332 0.017442038669636162 0.022876057878390553
1374 0.22371219521805075 0.8356134633800586 0.04567612667090888 0.03388915258848364
1164 0.19627753855032354 0.8450185554593158 0.014207950668363533 0.013319047355046364
364 0.23283265654841453 0.8569424318100275 0.025272720003181703 0.024893584186749605
1390 0.25622470321455093 0.8594836028849497 0.030269302673454224 0.05172909997176518
782 0.25665141721041473 0.8899068502541138 0.011046588001272718 0.010012036831702886
2192 0.22391164254459653 0.8855679607492227 0.014226132001908986 0.014881547355046366
2187 0.2387826645449147 0.8823596607633402 0.014207950668363622 0.013319047355046364
2186 0.2417076698759148 0.8993651502399963 0.014226132001908986 0.014881547355046366
2188 0.2276088072088239 0.903309197595043 0.014207950668363533 0.01331904735504672
4156 0.22537414521009658 0.8940707054875509 0.011028406667727263 0.008449536831702886
245 0.2246928925445965 0.8855224581183867 0.006322725334181811 0.006614021046687313
245 0.2276088072088239 0.903309197595043 0.007903406667727176 0.008267526308359408
205 0.2380014145449147 0.8824051633941761 0.0047602253341818114 0.0065230157850155734
205 0.2417076698759148 0.8993651502399963 0.006322725334181811 0.006614021046687668
4454 0.2304974498727331 0.9234396870716992 0.019022720003181705 0.024529563140062292
4455 0.2117019965388695 0.9284380002117615 0.019022720003181705 0.024529563140062292
2846 0.24614063120627855 0.9209671344549808 0.014153406667727176 0.008631547355046365
742 0.2446781285407785 0.9124643897166527 0.014207950668363622 0.01331904735504672
556 0.26344630987432394 0.9098098265765906 0.01587953866963625 0.02278505261671846
211 0.26343721920755125 0.9105910765765906 0.004796588001272717 0.009648015785015573
1375 0.24356052387018776 0.9414161423474887 0.04407726400381797 0.030673147326811544
1164 0.21615313920277873 0.948477484426746 0.014207950668363622 0.01331904735504672
498 0.25037359786764246 0.9597566186699652 0.02369203866963625 0.023240078925077512
1199 0.1695417685391877 0.9285513922769013 0.08417610001590833 0.12201077886860787
1198 0.15122866788673248 0.8250014580477995 0.0841942813494538 0.12357327886860787
1669 0.3142088311983244 0.9755566529414195 0.014189769334818081 0.01175654735504672
1351 0.2993287185312335 0.979546202927302 0.018804544000636268 0.005779563140062294
861 0.84056334054746 0.8285726350196783 0.014207950668363622 0.01331904735504672
856 0.9251383352164598 0.8064708508893983 0.014226132001908809 0.01488154735504672
2959 0.9236849232177325 0.7971868561510702 0.014153406667727353 0.008631547355046721
849 0.9865389118794144 0.8302198930533603 0.006413632001908809 0.014426521046687313
1230 0.9811888878899142 0.7532401641000477 0.02042268268618095 0.14484206314006212
1849 0.9742485445576413 0.7458371877775709 0.014207950668363622 0.01331904735504672
1841 0.9728587672263231 0.7310844430392429 0.014207950668363622 0.01331904735504672
276 0.9758019538908688 0.7465274325158993 0.006322725334181456 0.006614021046687313
276 0.9728496765595503 0.7318656930392429 0.006322725334181811 0.006614021046687313
1856 0.9527098992282322 0.7182050114409769 0.014226132001908809 0.01488154735504672
205 0.9519195585614593 0.7190317640718128 0.006322725334181456 0.006614021046687313
552 0.9684258058959593 0.7094824588242584 0.017442038669636162 0.0228760578783902
277 0.9684258058959593 0.7094824588242584 0.004796588001272539 0.009648015785015573
4456 0.9482860285646411 0.6958217772259925 0.01900453866963616 0.022967063140062294
1861 0.964792275899141 0.686272471978438 0.014207950668363622 0.01331904735504672
3494 0.9455610179026408 0.6616287877493361 0.009574994668999892 0.017733531570031148
1477 0.9348326032384134 0.644297074581039 0.02231135200509051 0.038774073663405774
1225 0.9376848832352318 0.6675525640576954 0.015824994668999892 0.01809755261671846
1834 0.9236042019016864 0.669934111412742 0.012754538669636162 0.022603042093374805
241 0.9236042019016864 0.6699341114127421 0.004778406667727353 0.008085515785015573
3765 0.9191621499045498 0.6491133771977576 0.006322725334181811 0.006614021046687313
1664 0.919153059237777 0.6498946271977576 0.012736357336090975 0.021040542093374803
2919 0.9099235099061407 0.6379406587677886 0.007994313335454705 0.016080026308359408
815 0.9154558945735498 0.6321533903519372 0.012736357336090975 0.021040542093374803
1226 0.950349062579595 0.5856200245951565 0.08559314934754489 0.1096017841302798
1833 0.8918638532384134 0.646799719277015 0.01736931333545435 0.016626057878390377
1835 0.8717149852403224 0.633920287678749 0.012736357336090975 0.021040542093374803
206 0.8717058945735499 0.634701537678749 0.004796588001272539 0.009648015785015573
3815 0.8743132739099586 0.6119087797862413 0.009611357336090975 0.020858531570031147
1855 0.8680360019096405 0.6146165508329287 0.011173857336090975 0.020949536831702885
210 0.8688172519096404 0.6145710482020926 0.0047602253341818114 0.0065230157850155734
1181 0.8914189579090042 0.617938971907851 0.036519302673454136 0.052093121018452496
2851 0.8729416779121859 0.595593535047913 0.007976132001908809 0.01451752630835923
747 0.8807632685789585 0.5943572587395538 0.011064769334818435 0.011574536831702887
1831 0.8817536039147313 0.5763430061087178 0.012736357336090975 0.021040542093374803
814 0.9044643979153676 0.570335929814476 0.012736357336090975 0.021040542093374803
1473 0.8934632632479584 0.576441716646179 0.017532945337363513 0.030688557878390376
281 0.8950166725811858 0.5771319613845072 0.009574994668999892 0.017733531570031148
819 0.849621809237777 0.6539443613421548 0.014226132001908809 0.01488154735504672
820 0.8468331639083679 0.6252201218654985 0.020512494668999893 0.018370568401734032
2925 0.8469695239099586 0.6135013718654985 0.004832950668363622 0.012773015785015574
821 0.8555814552435042 0.6114383429263034 0.011046588001272539 0.010012036831702886
1345 0.7475507792409588 0.636467705981661 0.10766923870145302 0.2623473525320138
1402 0.6838149959023226 0.6792159190793708 0.05879429201145392 0.08774219468185844
113 0.6877212459023226 0.6789884059251913 0.022511346674090583 0.055961573663405775
792 0.7098053312380953 0.6597455822617853 0.009574994668999892 0.017733531570031148
1164 0.7164365919000956 0.6937110585842621 0.009574994668999892 0.017733531570031148
2920 0.7277553525620958 0.7274035191217232 0.011137494668999891 0.017824536831702886
816 0.7200428498965957 0.7192647954300824 0.00961135733609062 0.020858531570031147
1164 0.6541911305697317 0.675476269051136 0.007976132001908987 0.014517526308359407
1164 0.6608496632320501 0.7070979953736127 0.009556813335454351 0.016171031570031146
2910 0.7004934185630501 0.7219648612009806 0.006395450668363623 0.012864021046687314
806 0.7083150092298229 0.7207285848926214 0.011064769334818082 0.011574536831702887
1401 0.7112763772279139 0.7346090743692776 0.015861357336090797 0.02122255261671846
296 0.7112672865611411 0.7353903243692776 0.007994313335454351 0.01608002630835923
376 0.734186618555096 0.7785564954441998 0.02369203866963616 0.02324007892507769
26 0.7357309372215506 0.780027990182528 0.011064769334818082 0.011574536831702887
869 0.7929894538908686 0.7571750481315055 0.014207950668363622 0.01331904735504672
2708 0.7741849098902323 0.7629546112715676 0.006395450668363623 0.012864021046687314
870 0.7648008192234595 0.7642818928415988 0.014207950668363622 0.01331904735504672
1387 0.7769553738860961 0.793241350748224 0.058467028007635945 0.059617194681858623
4457 0.6248030752307774 0.7185661163920652 0.019022720003181705 0.024529563140062292
4458 0.6291905832272776 0.7440743506070497 0.019022720003181705 0.024529563140062292
4459 0.6335780912237777 0.7695825848220341 0.019022720003181705 0.024529563140062292
4460 0.6387468492202779 0.7950453164061826 0.019022720003181705 0.024529563140062115
4461 0.6431434478835507 0.8197723006211671 0.019022720003181705 0.024529563140062292
4462 0.6483212965468237 0.8444537822053156 0.019022720003181705 0.024529563140062292
4463 0.6526997138765511 0.8707432664203001 0.019022720003181705 0.024529563140062292
4001 0.8156393499363667 0.4209267349914433 0.011028406667727354 0.008449536831702886
2036 0.8170836712683212 0.4309919797297715 0.014207950668363622 0.01331904735504672
2005 0.8207717452657757 0.4495144665755918 0.014207950668363622 0.01331904735504672
2066 0.8244416379296851 0.46959945342141224 0.014207950668363622 0.01331904735504672
208 0.8178831026018667 0.4293839770989356 0.006322725334181456 0.006614021046687313
208 0.8252319785964577 0.46877270079057637 0.006322725334181456 0.006614021046687313
245 0.8215529952657759 0.4494689639447559 0.006322725334181811 0.006614021046687313
2850 0.771189368594867 0.4836311323182551 0.011028406667727175 0.008449536831702886
746 0.7726609619271396 0.4913526270565832 0.011064769334818082 0.011574536831702887
1396 0.7983967585932761 0.4937572902389977 0.03948067067154515 0.03821263154179633
1350 0.8004314259230035 0.5201832823464899 0.01900453866963616 0.022967063140062294
3293 0.8198626785885036 0.5276394665755919 0.007903406667727353 0.00826752630835923
1363 0.8176734699236399 0.5144947244680995 0.019022720003181705 0.024529563140062292
541 0.8391126652610034 0.48357865343552964 0.017442038669636162 0.022876057878390376
211 0.8391035745942308 0.48435990343552965 0.004796588001272539 0.009648015785015573
330 0.8012490385900944 0.5170127797156541 0.006359088001272539 0.009739021046687312
248 0.8027206319223671 0.5247342744539821 0.006322725334181811 0.006614021046687313
248 0.8199444945894581 0.5206082165755918 0.006322725334181456 0.006614021046687313
2208 0.8333348325907309 0.5104596718513811 0.012736357336090975 0.021040542093374803
2215 0.8497865359245942 0.5055978666038268 0.009611357336090975 0.020858531570031147
2879 0.8389490332590942 0.49764115343552967 0.011028406667727354 0.008449536831702886
775 0.8411836952578217 0.5068796455430219 0.007976132001908809 0.01451752630835923
213 0.8341160825907308 0.5104141692205453 0.0047602253341818114 0.0065230157850155734
213 0.8497865359245944 0.5055978666038268 0.0047602253341818114 0.0065230157850155734
791 0.8584075579249125 0.5027535876646315 0.009556813335454351 0.016171031570031146
811 0.872615508593276 0.48943454030958494 0.014207950668363622 0.01331904735504672
902 0.8463524532543218 0.5323423771271705 0.011028406667727354 0.008449536831702886
2205 0.8143933812460495 0.5950999823606073 0.012736357336090975 0.021040542093374626
2225 0.805000199912504 0.5972085139306385 0.012754538669636162 0.022603042093374805
2220 0.7948257685789586 0.5993625481315055 0.011173857336090798 0.020949536831702885
2209 0.7854234965786404 0.6022523297015365 0.01273635733609062 0.021040542093374803
221 0.8143933812460495 0.5950999823606073 0.004796588001272539 0.009648015785015573
221 0.805781449912504 0.5971630112998025 0.004796588001272539 0.009648015785015573
221 0.7956070185789585 0.5993170455006696 0.004796588001272717 0.009648015785015573
221 0.7854234965786404 0.6022523297015365 0.004796588001272539 0.009648015785015573
817 0.7949524905713226 0.6555670455006697 0.014207950668363622 0.01331904735504672
901 0.7979320399029589 0.6678850349773258 0.014207950668363622 0.01331904735504672
1405 0.81397466323205 0.6981794797297715 0.04287839067472703 0.0618321420651398
812 0.9139490332590942 0.4932729008752809 0.012736357336090975 0.021040542093374803
1471 0.9022484645926397 0.4923929403378198 0.017532945337363513 0.030688557878390376
281 0.9038018739258671 0.49308318507614796 0.007994313335454705 0.01608002630835923
3006 0.8778297199236398 0.5109910218937335 0.014153406667727353 0.008631547355046721
903 0.8724427859245945 0.5042782903095848 0.020512494668999893 0.018370568401734032
1821 0.8912473299252308 0.49849872716952276 0.012736357336090975 0.021040542093374803
2848 0.858225744589458 0.5183785876646315 0.007976132001908809 0.014517526308359407
744 0.8668194945894581 0.5178780587254364 0.011064769334818435 0.011574536831702887
3765 0.8963979065881855 0.5255239587536712 0.00474204400063627 0.004960515785015574
1659 0.8963888159214127 0.5263052087536713 0.012754538669636162 0.022603042093374805
1476 0.912813247254958 0.5237871535061169 0.02231135200509087 0.038774073663405774
3492 0.9227967745862763 0.5380393693052499 0.009556813335454706 0.016171031570031146
1223 0.915647345918231 0.5486051429827732 0.015824994668999892 0.01809755261671846
1824 0.9000496179185493 0.5471714455994917 0.011173857336090975 0.020949536831702885
241 0.9008308679185492 0.5471259429686557 0.0047602253341818114 0.0065230157850155734
1181 0.8774842745862763 0.5406785218937334 0.03648294000636341 0.04896812101845249
98 0.8774751839195037 0.5414597718937334 0.019131808004454243 0.03390456314006211
1827 0.8579257525859582 0.5441598376646316 0.012736357336090975 0.021040542093374803
1828 0.84774223058564 0.5470951218654985 0.011173857336090975 0.020949536831702885
1830 0.8608234859166402 0.5635090771412878 0.011137494668999891 0.017824536831702886
1826 0.8522115545830948 0.5655721060804829 0.011155676002545434 0.019387036831702887
1825 0.8367501865850038 0.5524196586972016 0.014207950668363622 0.01331904735504672
1823 0.8389393952498676 0.5655644008046938 0.014207950668363622 0.01331904735504672
3790 0.8677820105824583 0.5693495534637645 0.01110113200190881 0.014699536831702886
3785 0.8273751865850038 0.5529656902672326 0.007994313335454351 0.01608002630835923
3783 0.8303092825827767 0.5691899297438889 0.008012494668999892 0.01764252630835923
260 0.8477513212524128 0.5463138718654985 0.0047602253341818114 0.0065230157850155734
260 0.8529928045830946 0.5655266034496471 0.004778406667727353 0.008085515785015573
251 0.8367320052514582 0.5539821586972016 0.006322725334181456 0.006614021046687313
251 0.8405018952498675 0.5654733955430219 0.006322725334181456 0.006614021046687313
2978 0.8637303099140947 0.5820770666179442 0.004796588001272539 0.009648015785015573
875 0.8699803099140949 0.5817130455712567 0.009556813335454351 0.016171031570031146
3089 0.8449803099140947 0.5831691297580063 0.004796588001272539 0.009648015785015573
981 0.8551729225811858 0.5794525955571392 0.011046588001272539 0.010012036831702886
1455 0.856562699912504 0.5942053402954675 0.019040901336727246 0.026092063140062117
245 0.8918547625716406 0.6475809692770149 0.006322725334181811 0.006614021046687313
205 0.7895501119510022 0.3147068270707007 0.0047602253341818114 0.0065230157850155734
222 0.7793756806174568 0.3168608612715677 0.004796588001272717 0.009648015785015573
207 0.7613523866168205 0.32259492178079396 0.0047602253341818114 0.0065230157850155734
26 0.3515586686028211 0.4495177977079825 0.011064769334818082 0.011574536831702887
1164 0.6490614719525931 0.3111785506211671 0.004832950668363622 0.012773015785015574
3221 0.6501518046228656 0.28457054799033116 0.011101132001908987 0.014699536831702886
1164 0.6648859192791388 0.3602229953736127 0.007903406667727353 0.00826752630835923
1164 0.6671023999443207 0.3710239874811049 0.011028406667727354 0.008449536831702974
1164 0.6391875799650016 0.22040933745287003 0.011028406667727175 0.008449536831702974
1164 0.6414222419637289 0.22964782956036228 0.011028406667727354 0.008449536831702886
1164 0.6225818826384558 0.17141039533126037 0.004832950668363622 0.012773015785015574
2234 0.6299307586330469 0.21079911902290113 0.004832950668363622 0.012773015785015574
512 0.18837467922505044 0.7861440843985111 0.020512494668999893 0.018370568401734032
511 0.1920718438892778 0.8038853212443314 0.020512494668999893 0.018370568401734032
507 0.816702957948775 0.3295204849914433 0.020494313335454706 0.016808068401734034
516 0.820381941279457 0.3488242218372637 0.018931813335454704 0.016717063140062206
517 0.823279674610139 0.36817346131392 0.018931813335454704 0.016717063140062206
518 0.8269677486075937 0.3866959481597404 0.01893181333545435 0.016717063140062206
519 0.8306285506047301 0.4075621850055608 0.01893181333545435 0.016717063140062292
520 0.8343257152689574 0.4253034218513811 0.020494313335454706 0.016808068401734034
521 0.8379956079328668 0.4453884086972015 0.020494313335454706 0.016808068401734034
522 0.8416745912635486 0.46469214554302185 0.020512494668999893 0.018370568401734032
513 0.20903152987750562 0.8895575107351054 0.023655676002545346 0.020115078925077513
524 0.21117528520850573 0.9066085028425974 0.02049431333545444 0.016808068401734034
2508 0.28916447254936906 0.846634992389841 0.0405170066836356 0.12727513154179632
123 0.25775993121423274 0.8617363476232779 0.0174238573360908 0.021313557878390555
514 0.23694908656909544 0.7044621739175196 0.014371582670272609 0.02738154735504672
510 0.7887063219685014 0.18593708496320843 0.020512494668999893 0.018370568401734032
509 0.7923853052991834 0.20524082180902883 0.020512494668999893 0.018370568401734032
508 0.7960551979630927 0.22532580865484922 0.020512494668999893 0.018370568401734032
523 0.8005245219605472 0.24380279286983364 0.020512494668999893 0.018370568401734032
515 0.8505666912396862 0.6398363587113189 0.020512494668999893 0.018370568401734032
1796 0.32164718598822784 0.06792616346476317 0.03958975867281787 0.04758763154179624