1345 0.07421875 0.184375 0.01171875 0.13515625
1793 0.07421875 0.28125 0.03671875 0.01875
1345 0.0734375 0.3203125 0.02734375 0.015625
1793 0.0734375 0.4171875 0.03828125 0.021875
1793 0.13046875 0.65078125 0.0234375 0.07109375
1793 0.10078125 0.65 0.03125 0.11640625
1793 0.08984375 0.76953125 0.021875 0.05859375
1793 0.14140625 0.85703125 0.03828125 0.12890625
1793 0.08984375 0.878125 0.0234375 0.05859375
1793 0.0671875 0.8234375 0.02734375 0.221875
3243 0.15625 0.09765625 0.00625 0.01875
1118 0.16640625 0.09765625 0.0140625 0.0359375
1793 0.2328125 0.05234375 0.0359375 0.03828125
1793 0.31015625 0.05625 0.08359375 0.028125
1793 0.309375 0.090625 0.053125 0.034375
1793 0.3859375 0.053125 0.0359375 0.034375
1164 0.21953125 0.5140625 0.01015625 0.00859375
1793 0.925 0.91875 0.0234375 0.13984375
1793 0.8828125 0.80078125 0.0109375 0.04921875
1345 0.9109375 0.73828125 0.06796875 0.09453125
2234 0.85859375 0.7375 0.01171875 0.0109375
2234 0.871875 0.73125 0.009375 0.01640625
2234 0.8828125 0.7375 0.01171875 0.01171875
1780 0.8953125 0.73125 0.009375 0.01953125
245 0.859375 0.7375 0.00546875 0.00625
288 0.871875 0.73203125 0.00390625 0.00859375
198 0.88359375 0.73828125 0.00546875 0.00703125
1793 0.8828125 0.67421875 0.01171875 0.046875
1793 0.85078125 0.5171875 0.0234375 0.08515625
1793 0.85 0.59140625 0.03359375 0.0453125
1793 0.8515625 0.41640625 0.034375 0.09609375
1793 0.8515625 0.315625 0.0265625 0.08515625
1793 0.85234375 0.2421875 0.03359375 0.046875
1793 0.79296875 0.07109375 0.06171875 0.06953125
1793 0.853125 0.09921875 0.04296875 0.06796875
1793 0.871875 0.17421875 0.04765625 0.078125
1345 0.91171875 0.31953125 0.03359375 0.18828125
1345 0.9125 0.51875 0.0328125 0.18984375
1793 0.5859375 0.1046875 0.06953125 0.1453125
739 0.67421875 0.25703125 0.01328125 0.03203125
2763 0.68359375 0.2578125 0.00625 0.015625
1162 0.70859375 0.27421875 0.01328125 0.03046875
4401 0.71796875 0.27578125 0.00546875 0.03125
1793 0.69140625 0.2578125 0.01171875 0.04921875
1793 0.771875 0.25859375 0.0671875 0.0515625
1793 0.746875 0.30078125 0.0375 0.01953125
1793 0.690625 0.32890625 0.01171875 0.046875
1793 0.69140625 0.4046875 0.01171875 0.046875
1793 0.690625 0.4765625 0.0125 0.0484375
738 0.6734375 0.40390625 0.01328125 0.0296875
2743 0.6828125 0.40546875 0.00546875 0.01796875
737 0.45 0.09921875 0.01328125 0.03203125
2697 0.46015625 0.1 0.00625 0.0171875