1345 0.8023204306009649 0.02141181601144234 0.06723413879807012 0.04282363202288468
2728 0.8101232479714051 0.03938894895717767 0.007948867694751626 0.008313147748246607
2240 0.856439140422923 0.06841631246769804 0.05944891233702023 0.09745479333702489
4266 0.8557084833609085 0.020860192017347363 0.014253414772652207 0.011838665946843897
3434 0.820279497971405 0.03873810688445709 0.008003414772652206 0.011438147748246608
1232 0.7469880482957166 0.015351583130305463 0.06539890340856669 0.030703166260610926
234 0.8498715405850789 0.04230439544111998 0.01428068831160303 0.013401165946843896
202 0.8536726505691927 0.09278525679217202 0.014253414772652207 0.011838665946843884
131 0.7843323153418453 0.08630352175156682 0.030232970779006864 0.033152461443337077
1377 0.8274510698060722 0.07495620913621048 0.03425799756436802 0.08491522054263574
1804 0.8109357256502708 0.08225756940752835 0.0112920560063543 0.021013406847545248
951 0.8075340361208522 0.05360164328165166 0.0112920560063543 0.021013406847545248
1036 0.815091391640739 0.1124259307585804 0.01126478246740419 0.019450906847545246
3561 0.7988993758124264 0.05649610580472293 0.007976141233702095 0.009875647748246586
3486 0.8130749241081432 0.09382612508305437 0.009538641233702095 0.009975777297895939
3153 0.8057709387186398 0.10990170805647632 0.0064136412337020944 0.009775518198597321
1063 0.7493766627440575 0.0323565013935012 0.014280688311602674 0.013401165946843884
846 0.7526965316566252 0.0656999275193779 0.014280688311602674 0.013401165946843907
1843 0.7475141538156038 0.04964413094315052 0.008139782467404188 0.019250647748246596
1164 0.7337243892051072 0.03492029688999441 0.014280688311602674 0.013401165946843884
2949 0.7606453993513769 0.05738677977113129 0.006550008928453721 0.017588018198597278
3188 0.7586834788966816 0.03566197409560527 0.007976141233702095 0.009875647748246608
3803 0.7522562008935043 0.04621874229420255 0.008139782467404188 0.019250647748246606
3562 0.7330425507313486 0.0739827968899944 0.011128414772652384 0.011638406847545246
2702 0.7197476639618735 0.07561514806201364 0.009511367694751627 0.008413277297895937
3269 0.7429397021113204 0.08817570481727381 0.006359094155801337 0.006650518198597277
2947 0.7263152637997177 0.10172706508859171 0.006550008928453721 0.017588018198597323
2249 0.5891755482957166 0.002710084440752289 0.007976141233702095 0.005420168881504578
3497 0.5983635876629796 0.05530025293466069 0.008085235389503431 0.016125647748246607
2839 0.5914005215103554 0.05184458590808263 0.009756829545304768 0.02247577729789594
2646 0.6649510698060721 0.08536968229973987 0.009511367694751627 0.008413277297895917
2644 0.6077619070620146 0.008655790411589422 0.004823867694751627 0.008112888648947963
2785 0.6547596379872912 0.0013886138981165446 0.007948867694751626 0.002777227796233089
2645 0.6148283388807956 0.09560507788851816 0.007948867694751626 0.008313147748246586
2840 0.5467601773545541 0.060948278073088294 0.009756829545304768 0.02247577729789594
3449 0.48549539488715004 0.08360333050941181 0.009865923701106283 0.028725777297895917
3217 0.4107096290588375 0.03142836366740388 0.006495461850553141 0.014463018198597277
3218 0.412698823052483 0.051590669342929905 0.006468188311602674 0.012900518198597277
3466 0.37284539042292314 0.09940640808416293 0.007948867694751716 0.008313147748246607
3182 0.36590959780924937 0.09438824105758488 0.008057961850553052 0.014563147748246585
3694 0.3529965405850789 0.07414559222960411 0.017378414772652385 0.012038925046142523
3289 0.3243533433450224 0.10563542412329188 0.011182961850553142 0.014763406847545246
3186 0.348916966721817 0.12903335132890276 0.006468188311602674 0.012900518198597277
3510 0.31782665381560377 0.07717975709671383 0.007976141233702095 0.009875647748246608
2265 0.3278289452114616 0.0406414797988179 0.014226141233702094 0.010276165946843885
3079 0.3328419533291364 0.15581589682539593 0.007976141233702095 0.009875647748246586
3921 0.31147151379971766 0.12831146052048645 0.011155688311602675 0.013200906847545246
3932 0.31206184902706535 0.1391988957456618 0.011182961850553053 0.014763406847545246
3943 0.3142146842544129 0.14998620142118782 0.011155688311602675 0.013200906847545246
3844 0.2528641270302425 0.132847568632336 0.008030688311602674 0.013000647748246585
3878 0.25418116517968947 0.14680993908268666 0.006468188311602762 0.012900518198597277
3189 0.21817548133231365 0.15301916872462107 0.006468188311602674 0.012900518198597277
2275 0.1798317759745823 0.06963497224067874 0.015788641233702005 0.010376295496493215
3693 0.20421812134819967 0.10318914944628961 0.014198867694751715 0.008713665946843908
3190 0.19521526826394459 0.12717736196936089 0.008030688311602719 0.013000647748246585
3202 0.1623442670461286 0.08792389728682129 0.009511367694751716 0.008413277297895937
2607 0.04587774147858335 0.18825216918604637 0.018940914772652383 0.012139054595791876
4304 0.05984478409225715 0.1928197532392025 0.01422614123370205 0.010276165946843907
2265 0.048620911933278596 0.20992691008674774 0.017351141233702037 0.010476425046142523
2275 0.051350445618498664 0.2323829009874491 0.01735114123370205 0.010476425046142523
2284 0.05329872930371873 0.2548889566629751 0.01735114123370205 0.010476425046142523
2293 0.05604189975841397 0.2765636975636765 0.017378414772652385 0.012038925046142523
4322 0.06177943100800206 0.21610705891472853 0.009511367694751693 0.008413277297895937
4321 0.06450896469322213 0.23856304981542986 0.009511367694751716 0.008413277297895937
4320 0.06647088514791737 0.2602878554909559 0.009511367694751716 0.008413277297895937
4316 0.06920041883313745 0.2827438463916573 0.009511367694751693 0.008413277297895937
4303 0.07114870251835752 0.3052499020671833 0.009511367694751716 0.008413277297895937
4401 0.05641404667415888 0.2999511327888518 0.02209318831160272 0.013901813695090493
3451 0.0897583806836905 0.26737966224621607 0.009865923701106106 0.028725777297895938
2644 0.09412255235620173 0.3303104588224434 0.00485114123370205 0.009675388648947968
3516 0.07320608035937895 0.3215059577427093 0.009565914772652385 0.011538277297895938
2728 0.054183344969875535 0.33833251233850115 0.00641364123370205 0.009775518198597233
3985 0.07109810958037215 0.3528560872923586 0.00641364123370205 0.009775518198597233
3558 0.079900365262415 0.3850678099944627 0.01578864123370205 0.01037629549649317
2367 0.08942932386655719 0.4203544679217421 0.015180715096963948 0.06496366594684382
3515 0.8050891002448812 0.1489642080564763 0.007976141233702095 0.009875647748246586
2249 0.7584186517870088 0.14024934454595595 0.006359094155801337 0.006650518198597277
4116 0.7480481676153214 0.19788137184385185 0.009511367694751627 0.008413277297895937
4111 0.7588356631510946 0.2057742149963066 0.009511367694751627 0.008413277297895937
4089 0.7494470263816193 0.20715624229420254 0.009511367694751627 0.008413277297895937
2946 0.7020010564133915 0.10874782310815619 0.006550008928453721 0.017588018198597323
2941 0.6972999196439164 0.10982946175710415 0.004960235389503432 0.01592538864894797
2942 0.7054027459428103 0.13740374923403287 0.004960235389503432 0.01592538864894797
2249 0.7059658076312075 0.14985368445920821 0.007976141233702095 0.009875647748246586
2955 0.6987709163975054 0.15967926743263014 0.011182961850553142 0.014763406847545246
2940 0.6722590093354908 0.11377528455149329 0.006550008928453721 0.017588018198597278
2935 0.6683527593354908 0.11402560842561657 0.004960235389503432 0.01592538864894797
2937 0.6756470620954345 0.14321246067736998 0.006522735389503253 0.016025518198597277
2931 0.6466726282480585 0.14897110734588243 0.006522735389503431 0.016025518198597277
2936 0.643284575488115 0.1195339312200057 0.004960235389503432 0.01592538864894797
2929 0.6401459387186398 0.12051544031930436 0.006522735389503253 0.01602551819859732
2930 0.6091277637997177 0.10923678131229078 0.004960235389503254 0.01592538864894797
3185 0.3726311562512358 0.15638759330933827 0.006468188311602674 0.012900518198597277
3193 0.3752788693196048 0.18353108421003964 0.006468188311602674 0.012900518198597277
3475 0.38218738839432825 0.19011175123661767 0.007948867694751716 0.008313147748246586
3194 0.33658851623534963 0.20942175817644798 0.006468188311602674 0.012900518198597232
3195 0.3379191911542718 0.2226028786267987 0.006468188311602674 0.012900518198597232
2956 0.3076101282480585 0.1706992196197851 0.009511367694751716 0.008413277297895937
3157 0.29430160470910816 0.17311282079180432 0.009511367694751716 0.008413277297895937
3204 0.28099308117015787 0.17552642196382356 0.009511367694751716 0.008413277297895937
3222 0.26845217086173234 0.1786712083610181 0.009511367694751716 0.008413277297895937
3889 0.24907092532595917 0.17132907773163464 0.009511367694751627 0.008413277297895937
3154 0.24273910470910823 0.17641709593023194 0.009593188311602673 0.013100777297895938
3198 0.25076406453106637 0.253160068632336 0.008030688311602674 0.013000647748246585
3200 0.2494333896121442 0.23997894818198534 0.006468188311602674 0.012900518198597232
3225 0.24655385146269732 0.22611670728128397 0.0048511412337020055 0.009675388648947968
3472 0.19501467086173233 0.18337729719453622 0.009511367694751716 0.008413277297895937
3186 0.2019231899364558 0.18995796422111427 0.008030688311602762 0.013000647748246585
3201 0.2045709030048249 0.2171014551218156 0.008030688311602674 0.013000647748246585
3197 0.21129246144681124 0.279100807373569 0.008030688311602674 0.013000647748246585
3474 0.20438394237208776 0.27252014034699096 0.009511367694751716 0.008413277297895937
4427 0.29292429099211603 0.2520190707918043 0.050627291395857824 0.03914164558877831
2533 0.2956947349857616 0.27213131169250565 0.058112508928453724 0.020892293337024803
1246 0.8648947483784422 0.20990290562015282 0.12226828652459396 0.2091723457733484
2117 0.7828907719173925 0.21359720697674217 0.009729556006354301 0.020913277297895938
2156 0.7863333717552368 0.23990938310261883 0.011292056006354478 0.021013406847545203
3416 0.7924430499205698 0.20284017967884624 0.0065772824674041885 0.019150518198597234
3415 0.7952134939142154 0.2229524205795476 0.008139782467404011 0.019250647748246585
3414 0.797216324677336 0.2423334762550736 0.008139782467404188 0.019250647748246585
3429 0.7992873392878327 0.2578082819305996 0.008030688311602674 0.013000647748246585
4083 0.7883731586868677 0.21246550355296953 0.008030688311602674 0.013000647748246585
4122 0.7910345085247119 0.23882774445367091 0.0064136412337020944 0.009775518198597233
2967 0.7930100657488823 0.2597713001291969 0.006468188311602674 0.012900518198597232
4179 0.7951765377457052 0.26977735580472295 0.006359094155801337 0.006650518198597233
2867 0.7420339468363146 0.2294818252676245 0.009511367694751627 0.008413277297895937
2878 0.7354293908299603 0.2501948434662218 0.009511367694751627 0.008413277297895937
2922 0.7329219995962581 0.25972003779069575 0.006468188311602674 0.012900518198597322
3437 0.703244182225818 0.21636006400885752 0.01905000892845372 0.018389054595791876
2948 0.7060146262194636 0.23647230490955887 0.006522735389503431 0.01602551819859723
2249 0.6843441777615912 0.22615536860464935 0.006359094155801337 0.006650518198597233
2249 0.6624282674531656 0.22990093229973985 0.007976141233702095 0.009875647748246586
3210 0.6470993222417041 0.16923354257105777 0.011182961850553142 0.014763406847545246
3196 0.38200042776159115 0.24553043646179304 0.006522735389503431 0.01602551819859723
3473 0.3923106363657334 0.28076702961424777 0.009511367694751716 0.008413277297895937
3207 0.3861833672910099 0.2741362978128451 0.006468188311602674 0.012900518198597232
3205 0.34316975284266904 0.23475242520302605 0.004851141233702094 0.009675388648947968
2730 0.32456402881725144 0.3171038502491686 0.006468188311602674 0.012900518198597322
3512 0.29120210389832935 0.30597538556662895 0.011101141233702094 0.01007590684754529
2725 0.26035152435302455 0.32980291178479076 0.008030688311602674 0.013000647748246585
2977 0.24478107143092523 0.32767920728128397 0.006522735389503431 0.01602551819859723
3458 0.2368322037361735 0.33599235502953056 0.009511367694751716 0.008413277297895937
2884 0.21428504789197483 0.3311942334994457 0.012636367694751627 0.008613536397194555
4056 0.18609186404459904 0.3369028153931335 0.009511367694751716 0.008413277297895937
4220 0.20635377110661363 0.38320731647286765 0.018886367694751716 0.009014054595791876
4153 0.18375206818451434 0.3815341949427828 0.008030688311602719 0.013000647748246585
4137 0.16573845373617352 0.34054824953857465 0.009511367694751716 0.008413277297895937
2885 0.22508045170757862 0.42804944710225107 0.012636367694751715 0.008613536397194466
2883 0.2263429427791249 0.4451368175526019 0.012636367694751627 0.008613536397194466
3225 0.16690153328147828 0.31862318476375 0.008030688311602762 0.013000647748246585
4318 0.7828577698887976 0.3049033274270928 0.009511367694751627 0.008413277297895937
3455 0.7591475344992943 0.32203027067183265 0.011101141233702094 0.01007590684754529
3778 0.8006219683466702 0.3154705876061256 0.009511367694751627 0.008413277297895937
3824 0.8075441241908689 0.3212700046327037 0.011073867694751983 0.00851340684754529
3823 0.8097787800350673 0.3273698103082297 0.012636367694751982 0.008613536397194643
3789 0.8019117329571668 0.33099545805647634 0.006468188311602674 0.012900518198597322
3413 0.8126992284929399 0.3388883012089311 0.009511367694751627 0.008413277297895937
4027 0.8025020681845143 0.34188289328165167 0.009511367694751627 0.008413277297895937
3811 0.786849794645564 0.3444466887781449 0.009511367694751627 0.008413277297895937
3822 0.7774611578760888 0.3458287160760408 0.009511367694751627 0.008413277297895937
3800 0.7680588843371385 0.3479919933739367 0.009511367694751627 0.008413277297895937
3127 0.7403702609603439 0.32479432526762453 0.006468188311602674 0.012900518198597322
3168 0.741700935879266 0.3379754457179752 0.006468188311602674 0.012900518198597232
3456 0.7485549078760888 0.34768111274455327 0.014362508928453721 0.018088665946843906
3047 0.7070532004897626 0.35580329581026027 0.014362508928453721 0.018088665946843906
3036 0.714193544645564 0.34910271283683836 0.006468188311602674 0.012900518198597232
2955 0.7102015198887976 0.3095593514857863 0.006359094155801515 0.006650518198597322
2249 0.6998037621781599 0.3687538787836822 0.007948867694751626 0.008313147748246586
2249 0.669753797891975 0.30200646977666856 0.007948867694751626 0.008313147748246586
2249 0.6778878518697343 0.3724994424787727 0.007948867694751626 0.008313147748246586
3450 0.4966554427791248 0.4278144054632692 0.023655688311602675 0.014001943244739934
3219 0.4557304338506711 0.4476052737541517 0.006468188311602674 0.01290051819859741
3220 0.4585008778443167 0.467717514654853 0.006468188311602674 0.012900518198597232
3211 0.3929049257329963 0.3361356500645985 0.006468188311602674 0.012900518198597232
3213 0.3955390020318902 0.3640603909652998 0.006468188311602674 0.012900518198597232
3476 0.40166627110661357 0.3706911227667026 0.007948867694751626 0.008313147748246586
2976 0.3462929784929399 0.3687769717792534 0.008085235389503431 0.016125647748246586
2702 0.33264353571711025 0.39072182295127267 0.006468188311602674 0.012900518198597232
3214 0.35527251217815986 0.39083244448135745 0.008030688311602674 0.013000647748246585
3215 0.3573980738665572 0.4031822501568835 0.008030688311602674 0.013000647748246585
2906 0.35077988109072755 0.42467651835548087 0.012636367694751627 0.008613536397194466
3216 0.4022469237044014 0.4268409932170532 0.006468188311602674 0.012900518198597232
2648 0.26843103125288337 0.40342088448689484 0.006440914772652384 0.011338018198597232
4224 0.20871906615591942 0.47123824259874436 0.018886367694751716 0.009014054595791876
4223 0.19184521185384834 0.45437091764488685 0.017323867694751714 0.008913925046142523
3514 0.06832589123699732 0.46696865206718324 0.00797614123370205 0.009875647748246586
3765 0.10015258969486977 0.47663474629937214 0.003234094155801381 0.006450259099298705
3993 0.1007838352306429 0.48517843152454754 0.009511367694751716 0.008413277297895937
4018 0.08591281169169256 0.48769216224621614 0.009511367694751716 0.00841327729789576
4280 0.10243210998740923 0.5248719872000736 0.011428423701106106 0.028825906847545112
3579 0.1052571010589555 0.5418592281007749 0.012636367694751715 0.008613536397194643
3578 0.09351107752000516 0.5441726997231449 0.012636367694751693 0.008613536397194466
3577 0.08176505398105482 0.5464861713455147 0.011073867694751716 0.00851340684754529
3585 0.0900412041432106 0.5194230235972681 0.014853432629559871 0.04621366594684382
2539 0.08062529383478509 0.522367550895164 0.011619338473758489 0.03976340684754511
4418 0.13599858644845889 0.5242817018826131 0.011073867694751716 0.00851340684754529
4163 0.08944514042621843 0.5982792088224435 0.009511367694751693 0.008413277297895937
4162 0.0996150271956936 0.5968471167497229 0.009511367694751716 0.008413277297895937
4161 0.11057980073464395 0.5945837099021777 0.009511367694751716 0.00841327729789576
3565 0.13314059334831777 0.5986005814322624 0.006359094155801337 0.0066505181985974104
2873 0.09865649919251639 0.6070534315245475 0.012636367694751693 0.008613536397194466
3976 0.14167584213050177 0.5566936836840158 0.009511367694751716 0.008413277297895937
4006 0.1596718656694521 0.5539796938630486 0.006468188311602718 0.01290051819859741
2858 0.16818379505260106 0.5581164813399774 0.012636367694751715 0.008613536397194466
2859 0.1645951448904453 0.5848792404392761 0.0049056883116027185 0.012800388648948058
3198 0.14725764042621842 0.5945744154854186 0.009511367694751716 0.008413277297895937
2862 0.1666173409126858 0.5137354256644514 0.012636367694751715 0.008613536397194466
2861 0.17840427476006163 0.5090782040420814 0.012636367694751715 0.008613536397194466
2755 0.18335482752000515 0.5384152506183089 0.00641364123370205 0.00977551819859741
2754 0.1777360730557783 0.5473594540420814 0.006413641233702005 0.00977551819859741
2734 0.18379911242304123 0.6023776210686596 0.006386367694751716 0.008213018198597233
2733 0.1899263814977647 0.6090083528700623 0.006386367694751716 0.00821301819859741
2864 0.21081557995563713 0.6193753539497964 0.01123750892845372 0.017888406847545113
3789 0.1903803490303606 0.6277082880952376 0.00797614123370205 0.009875647748246586
3460 0.2546082646137919 0.4800031708840894 0.011073867694751716 0.008513406847545113
4066 0.23411848661061468 0.49146110502953055 0.006468188311602674 0.012900518198597232
4077 0.23543552476006163 0.5054234754798813 0.006468188311602674 0.01290051819859741
2644 0.2301616436726293 0.5393176141288292 0.006304547077900668 0.0035255181985974103
2857 0.2580139082831259 0.5531402822351413 0.004905688311602674 0.012800388648948058
2785 0.2764696278443167 0.47938260718899894 0.007976141233702095 0.009875647748246586
3461 0.24257014042621844 0.5884665129568101 0.01129205600635439 0.021013406847545112
2690 0.23064683888409085 0.6009362345791798 0.0064136412337020944 0.00977551819859741
2685 0.23623831980936744 0.5935545311554072 0.0064136412337020944 0.009775518198597233
2646 0.3414770190780188 0.4658522308785521 0.008030688311602674 0.013000647748246764
2904 0.3498253072274657 0.47936401835548076 0.009511367694751716 0.008413277297895937
2905 0.3545576716758065 0.5212010649317083 0.009511367694751627 0.008413277297895937
3469 0.38334119075053 0.5263799182631957 0.011073867694751627 0.00851340684754529
3470 0.3524224273578494 0.5541136944813575 0.006495461850553053 0.01446301819859741
3465 0.34818889489044536 0.5731140183554808 0.006522735389503431 0.016025518198597412
2908 0.3540297918061902 0.5961510001568835 0.012636367694751715 0.008613536397194466
2902 0.40541678815274224 0.46877816934292993 0.009511367694751627 0.008413277297895937
3058 0.7144060044675221 0.42634633328718896 0.014362508928453721 0.01808866594684382
3240 0.7459560133959758 0.40715624229420255 0.009511367694751627 0.008413277297895937
3239 0.7367992017075786 0.39525701959209847 0.004905688311602674 0.012800388648947881
3227 0.7584832869349263 0.404792705897008 0.009511367694751627 0.008413277297895937
3225 0.74236736323382 0.43391900139350115 0.009511367694751627 0.008413277297895937
3226 0.7563616793864443 0.43692408544665734 0.009511367694751627 0.00841327729789576
3235 0.7991355604738766 0.4006268376061256 0.008030688311602674 0.013000647748246585
3422 0.8147020592560607 0.3582693568844571 0.009511367694751627 0.008413277297895937
3423 0.8174861400191814 0.37760034778515844 0.009511367694751627 0.008413277297895937
3424 0.8195026075517774 0.3962001534606845 0.009511367694751981 0.008413277297895937
3425 0.8207105515454227 0.4164125239110351 0.009511367694751981 0.008413277297895937
3426 0.8234946323085435 0.4357435148117365 0.009511367694751981 0.008413277297895937
3427 0.8262650763021891 0.4558557557124378 0.009511367694751627 0.008413277297895937
3428 0.82826790706531 0.47523681138796386 0.009511367694751627 0.008413277297895937
4001 0.8045185357171103 0.36048269895717766 0.009511367694751627 0.008413277297895937
3997 0.8065213664802311 0.3798637546327037 0.009511367694751981 0.008413277297895937
3986 0.8100730604738766 0.39992593075858035 0.009511367694751627 0.008413277297895937
3954 0.8120758912369974 0.4193069864341064 0.009511367694751627 0.008413277297895937
3965 0.8160815527632387 0.4580690977851584 0.009511367694751981 0.008413277297895937
4032 0.8180843835263595 0.4774501534606845 0.009511367694751981 0.008413277297895937
3477 0.7633832467568844 0.48173593769841067 0.008030688311602674 0.013000647748246585
2881 0.6961099720001181 0.4462478231081562 0.009511367694751627 0.008413277297895937
2645 0.6850031022767714 0.5460673504060521 0.0063863676947516265 0.00821301819859741
3353 0.6438423141273246 0.534658283471759 0.022938668019063257 0.06233931369509058
3632 0.6579593612052251 0.5306321175249152 0.02132162094116268 0.05911418414544123
4175 0.23399398133560895 0.6327171607050566 0.006468188311602674 0.01290051819859741
4167 0.23199115057248818 0.6133361050295305 0.006468188311602674 0.012900518198597232
2863 0.22565932995563714 0.6184241232281279 0.006495461850553053 0.01446301819859741
2875 0.20636385917663036 0.6508756778239198 0.004905688311602674 0.012800388648948058
2870 0.21723317532925446 0.6540810209763744 0.004905688311602674 0.012800388648948058
2872 0.21151896347870142 0.668493974400147 0.012636367694751627 0.008613536397194466
2874 0.19164284010190685 0.6447956585455883 0.004932961850553053 0.014362888648948057
2849 0.23044624148187864 0.6571361698043552 0.006522735389503431 0.01602551819859723
4103 0.23253089286185044 0.6718297254798813 0.006468188311602674 0.01290051819859741
3420 0.2253769119365739 0.6793115584533032 0.0065772824674041 0.019150518198597234
3568 0.2528433928618504 0.6705280413344401 0.007976141233702095 0.009875647748246586
4172 0.19932292654707048 0.6965886960225169 0.006468188311602674 0.012900518198597232
3357 0.10158881007013479 0.7520154781007748 0.016061376623205437 0.02600129549649317
4330 0.14093768222911335 0.7331059893595419 0.012636367694751715 0.008613536397194643
3418 0.15855187622275893 0.7522669995385747 0.014280688311602719 0.013401165946843818
4152 0.17963198945328376 0.7516965006183088 0.009511367694751716 0.008413277297895937
2874 0.19961325284596437 0.7246636312476923 0.012772735389503386 0.016426036397194466
2879 0.2311496250049429 0.7062547902547059 0.006522735389503431 0.016025518198597412
2850 0.23591894562179397 0.7012669016057579 0.006550008928453721 0.01758801819859741
2877 0.2203660836090851 0.7428431323274265 0.012636367694751627 0.008613536397194643
2851 0.24465301745646095 0.7373848743078619 0.012636367694751715 0.008613536397194466
3567 0.25865701623864495 0.6951275231358428 0.006413641233702005 0.00977551819859741
2846 0.2813172203785603 0.7381568298911029 0.012636367694751715 0.008613536397194466
4094 0.2954439500860208 0.6888682287190837 0.006468188311602674 0.012900518198597232
2847 0.2991047382354678 0.7026804048449604 0.008085235389503431 0.016125647748246586
2947 0.28333941640080074 0.6670130151162783 0.012636367694751715 0.008613536397194643
3468 0.6598064590144747 0.6483505436507919 0.009511367694751627 0.00841327729789576
2896 0.6924962280891981 0.6532790731081561 0.004905688311602674 0.012800388648948058
2646 0.6923968165629566 0.6142666378829809 0.006468188311602674 0.01290051819859741
2785 0.7566093210271834 0.6015675763473587 0.004851141233702094 0.009675388648948059
3496 0.7675235016281483 0.6469103547249888 0.008085235389503431 0.016125647748246586
4173 0.8045831708650276 0.6250260603082297 0.011155688311602675 0.013200906847545291
4177 0.7740326002481765 0.6316660865263914 0.011182961850553142 0.014763406847545114
4193 0.7951399870176518 0.6295330876061256 0.011182961850553142 0.01476340684754529
4188 0.7841615767092263 0.6325777444536709 0.009620461850553142 0.014663277297895938
3832 0.7742956530081202 0.6613035217515668 0.012636367694751627 0.008613536397194466
2694 0.765442804388092 0.676697984274638 0.008030688311602674 0.013000647748246764
3004 0.7864138234628154 0.6823774853543723 0.006522735389503431 0.016025518198597412
3464 0.7705548185915514 0.5179540399501641 0.008139782467404188 0.019250647748246585
2644 0.7499286728936225 0.5372244740956053 0.004742047077900579 0.0034253886489480577
3271 0.7981207110430695 0.5481829580564763 0.009511367694751627 0.008413277297895937
4176 0.8181565215136508 0.5180250886858598 0.011128414772652206 0.011638406847545291
4219 0.8230758465947285 0.5044434500369118 0.009811376623205349 0.02560077729789594
2895 0.8502423185915514 0.5128474329180487 0.009593188311602673 0.013100777297895938
4183 0.8416485685915515 0.51339814544112 0.009511367694751627 0.008413277297895937
2915 0.8800661862863031 0.5031324714747116 0.012636367694751982 0.008613536397194466
2916 0.9058065259778776 0.5038240839054978 0.012636367694751982 0.008613536397194466
3781 0.8772178758157217 0.5321889157991857 0.006522735389503253 0.016025518198597412
3788 0.8245877536567434 0.551949505712438 0.006522735389503253 0.016025518198597412
3005 0.8356479845820198 0.5442173488648926 0.009511367694751627 0.008413277297895937
3787 0.8434604845820198 0.543716701116646 0.009702282467404188 0.019350777297895937
2264 0.915185480117793 0.5477044918327773 0.011646612012708956 0.04132590684754529
3784 0.8937644476503888 0.5678062407530431 0.006550008928453721 0.017588018198597233
3782 0.8917752536567434 0.547643935077517 0.006522735389503253 0.016025518198597412
3569 0.8904718522767716 0.5329003146271664 0.006359094155801159 0.0066505181985974104
3495 0.9204399959461055 0.60433522363418 0.00805796185055314 0.014563147748246763
2918 0.8946314724071552 0.6075498612033938 0.011210235389503253 0.01632590684754511
3791 0.8653394387219351 0.5867960726467308 0.012636367694751982 0.008613536397194643
3786 0.8260996607187578 0.5994555613879639 0.006522735389503253 0.01602551819859723
2924 0.8167967987060489 0.6406312739110351 0.011210235389503253 0.016325906847545292
3421 0.8164831530081201 0.6586000239110351 0.012800008928453722 0.017988536397194464
3795 0.8545598514659926 0.6678655999446267 0.012636367694751982 0.008613536397194466
2923 0.8308768896154396 0.6834300431893666 0.012636367694751627 0.008613536397194466
3793 0.8723104131543898 0.6792141101236595 0.012636367694751627 0.008613536397194466
2262 0.9292462057680637 0.6810281315614594 0.011673885551659425 0.042888406847545114
3794 0.8946393806869859 0.6965122316537444 0.008112508928453721 0.017688147748246584
3792 0.8925956396154394 0.6794749259782185 0.006522735389503253 0.016025518198597412
2576 0.8868405174564609 0.696231629401991 0.009975017856907442 0.03497577729789594
2249 0.8774382439175106 0.6983949066998869 0.017378414772652208 0.012038925046142523
3471 0.7930944715963764 0.7467205876061256 0.009511367694751627 0.008413277297895937
2725 0.7735086745184756 0.7510972069767421 0.006468188311602674 0.01290051819859741
2730 0.7092961700542487 0.7637962685123643 0.006468188311602674 0.012900518198597232
2702 0.7012439366933402 0.6886157958102602 0.006468188311602674 0.012900518198597232
3467 0.6775785657521777 0.7478801742801754 0.008085235389503431 0.016125647748246586
4292 0.6061887609636392 0.8141047540143947 0.011155688311602675 0.013200906847545468
4289 0.5981638011416811 0.7373617813122908 0.011155688311602675 0.013200906847545291
4290 0.6008387877490005 0.7629427722129922 0.011128414772652384 0.011638406847545113
4291 0.6035001375868447 0.7893050131136935 0.011155688311602675 0.013200906847545291
4128 0.1945030129922341 0.7491827698966402 0.009511367694751716 0.008413277297895937
4123 0.19653311729430517 0.7670013255721664 0.009511367694751716 0.008413277297895937
4151 0.18244334375535484 0.7694649915190102 0.009511367694751716 0.00841327729789576
2865 0.2086512877490004 0.7880752891749717 0.006522735389503431 0.016025518198597412
3417 0.15711606128795075 0.7898170643133994 0.008085235389503431 0.016125647748246586
3435 0.1749387609636392 0.8417405097176076 0.02047614123370205 0.010676684145440873
2866 0.1881381903467882 0.8455769085455882 0.008085235389503388 0.016125647748246763
3419 0.1691972755741358 0.8577159631413801 0.014280688311602719 0.013401165946843818
4155 0.20516204911308616 0.8538504834994457 0.009511367694751716 0.00841327729789576
4154 0.20795976664568205 0.8724002244001472 0.009511367694751716 0.008413277297896116
4160 0.19185352557413582 0.8562640846714651 0.009511367694751716 0.008413277297896116
3459 0.23975523742468888 0.8391476334071605 0.0081397824674041 0.019250647748246762
2886 0.22814953572040553 0.8781297902547059 0.009511367694751716 0.008413277297896116
4286 0.19979271063932763 0.8932133721483936 0.009565914772652385 0.011538277297896115
4287 0.1848398664835263 0.9004146028700621 0.009565914772652385 0.011538277297896115
4222 0.23075633848034904 0.9076170311554073 0.017323867694751627 0.008913925046142523
3413 0.1700779371003773 0.8966783335917308 0.011182961850553053 0.014763406847545114
2506 0.113823982960462 0.8558018121539309 0.014362508928453721 0.018088665946844173
2507 0.12526426908131402 0.9604194609819118 0.0159522824674041 0.01975129549649317
3436 0.22962053247399467 0.9279795959302319 0.014526150162155815 0.027463665946843817
4293 0.6088637475709586 0.8396857449150961 0.011128414772652384 0.011638406847545468
4294 0.611538734178278 0.8652667358157977 0.011128414772652384 0.011638406847545468
4295 0.6142137207855974 0.890847726716499 0.009565914772652206 0.011538277297896115
3802 0.27441483523393817 0.9547633389904016 0.012636367694751627 0.008613536397194466
3272 0.25869437784761196 0.961233384486895 0.009511367694751627 0.008413277297896116
3765 0.2750324440002362 0.964088274215577 0.003234094155801337 0.006450259099298705
3765 0.2771307321496831 0.9780005798911031 0.003234094155801337 0.006450259099298705
2998 0.3263085718412576 0.9771902490771494 0.01252727353895029 0.0023635363971944655
2994 0.3403847086107327 0.9755078331303053 0.012554547077900758 0.003926036397194821
2993 0.3560233453802079 0.9737252876338122 0.012581820616851046 0.005488536397194821
2988 0.37009948214968313 0.9720428716869683 0.012609094155801337 0.007051036397194466
2987 0.38417561891915825 0.9703604557401245 0.012636367694751715 0.00861353639719482
2983 0.3982653924581086 0.9678967897932805 0.012636367694751715 0.008613536397194466
2982 0.4131364159970589 0.965383059071612 0.012636367694751627 0.008613536397194466
2901 0.7078058080415399 0.804471333287189 0.012636367694751627 0.008613536397194466
3457 0.7193336432688875 0.8146578616648192 0.006522735389503253 0.016025518198597412
2972 0.7754705949731708 0.7728220126522681 0.006550008928453721 0.017588018198597233
2964 0.8055069224898807 0.8403506716592817 0.012636367694751627 0.008613536397194466
2734 0.7869517914024484 0.8750959114802491 0.007948867694751626 0.008313147748246763
2728 0.7933517958666754 0.8661016432816517 0.004823867694751627 0.008112888648948057
2750 0.8379785032530014 0.8577792011166459 0.007948867694751626 0.008313147748246763
2644 0.8433381590972001 0.8636787476928734 0.0032340941558015148 0.006450259099298705
2957 0.8633779237076966 0.8780020635474323 0.014280688311602674 0.013401165946843818
2736 0.8779313474088027 0.8489758976005884 0.009538641233702095 0.009975777297896116
2734 0.8738750929445761 0.8578199714747117 0.006359094155801159 0.0066505181985974104
2750 0.924120554795129 0.8405533258859332 0.009538641233702095 0.009975777297896116
2644 0.9302478238698525 0.8471840576873362 0.004823867694751627 0.008112888648948057
2432 0.9813251286583909 0.7822611620985578 0.008985262174864773 0.06768814774824676
2690 0.9807972487887746 0.8572110973237331 0.006440914772652207 0.011338018198597411
2692 0.971381338480349 0.8601556246216291 0.008003414772652206 0.011438147748246762
2952 0.9559608900224766 0.8494381701181222 0.012636367694751627 0.00861353639719482
4288 0.9240677820669575 0.7094535202104073 0.009511367694751981 0.008413277297895937
3819 0.9417774334469293 0.7231457803894401 0.012636367694751627 0.008613536397194466
2644 0.9661598246806313 0.7122187723698756 0.006331820616851047 0.005088018198597411
2700 0.9559899379111563 0.7136508644425963 0.007948867694751982 0.008313147748246586
3809 0.9477586521973412 0.7828514474160182 0.012636367694751627 0.008613536397194466
4225 0.9247438920510715 0.7601346406607581 0.022038641233702094 0.010776813695090582
3816 0.9171632171321494 0.7473540384090046 0.008112508928453721 0.017688147748246584
3801 0.933996161125795 0.7665651133628621 0.014280688311602674 0.013401165946843818
2399 0.850460912343611 0.8132782294942761 0.10526024431795733 0.03952117982650449
4415 0.5688427195677814 0.8523952984311538 0.0709397913958579 0.04044332973421945
2613 0.478167126629796 0.9058089975359899 0.26367276217486457 0.08400926434108591
2532 0.518314839698165 0.9305493792451074 0.18837275324641087 0.06201554595791876
1461 0.7356863096598024 0.056645102565520425 0.017705697240056394 0.030788925046142522
281 0.7372897199682279 0.0542012230158711 0.008085235389503431 0.016125647748246607
824 0.6220425953736173 0.0009776037190837388 0.014280688311602674 0.0019552074381674776
823 0.6071715718346671 0.0026250940799180137 0.014307961850553141 0.0052501881598360275
844 0.7195431124197459 0.08733389806201364 0.014280688311602674 0.013401165946843907
843 0.7054533388807955 0.08979756400885754 0.014280688311602674 0.013401165946843884
838 0.69056867857237 0.09309254473052607 0.014307961850553141 0.014963665946843886
837 0.6764652682639445 0.09633746067736997 0.014307961850553141 0.014963665946843906
832 0.6623754947249942 0.09880112662421386 0.014307961850553141 0.014963665946843886
833 0.648285721186044 0.10126479257105774 0.014307961850553141 0.014963665946843906
825 0.6334283344165688 0.1029972732927263 0.014280688311602674 0.013401165946843907
826 0.6193112873386679 0.10702343923957018 0.014307961850553141 0.014963665946843906
479 0.39034258198093674 0.035855047812845056 0.03952615016215581 0.029065738741233027
480 0.3930993892051072 0.05674853871354642 0.039498876623205434 0.027503238741233015
457 0.344788574270299 0.09730248997785071 0.03952615016215581 0.029065738741233017
64 0.3927272422893623 0.03336110348837108 0.017487508928453722 0.018288925046142525
64 0.3946891627440575 0.05508590916389709 0.017487508928453722 0.018288925046142525
64 0.3471595978092493 0.09558979565337673 0.017487508928453722 0.018288925046142525
1058 0.3389652682639446 0.11796544340162333 0.014307961850553053 0.014963665946843906
1061 0.34029594318286666 0.13114656385197404 0.014307961850553053 0.014963665946843906
972 0.3408453681017888 0.14437774907714934 0.009511367694751716 0.008413277297895937
459 0.35227774594281025 0.16003302745477943 0.03952615016215581 0.029065738741233017
464 0.3549254590111793 0.18717651835548083 0.03637387662320544 0.0273029796419344
1069 0.3483345397743 0.2071082865540781 0.014280688311602762 0.013401165946843907
1070 0.3504464646932221 0.22023934222960412 0.014280688311602674 0.013401165946843907
1080 0.35098225284266904 0.23425177745477943 0.009511367694751716 0.008413277297895937
64 0.3530726327122854 0.1592017126799548 0.017487508928453722 0.018288925046142525
64 0.3557203457806544 0.18634520358065615 0.017487508928453722 0.018288925046142525
64 0.3624146306836905 0.24990705583240952 0.017487508928453722 0.018288925046142525
466 0.3616333806836905 0.24995712060723418 0.03637387662320544 0.0273029796419344
473 0.3650350702131092 0.2786130467331109 0.03793637662320552 0.02740310919158375
64 0.3658163202131092 0.2785629819582862 0.017487508928453722 0.018288925046142525
1399 0.3708601505691929 0.12372528763381226 0.04917388555165925 0.045291516039128954
1962 0.32251810795551905 0.12136055367294118 0.014307961850553053 0.014963665946843906
1972 0.3238487828744412 0.13454167412329188 0.014280688311602674 0.013401165946843907
1983 0.32517945779336327 0.14772279457364257 0.014280688311602674 0.013401165946843907
853 0.3055527504070371 0.15444316394425908 0.0097022824674041 0.019350777297895937
1040 0.2930118400986116 0.15758795034145362 0.009729556006354478 0.020913277297895938
1079 0.28048456655966125 0.15995148673864823 0.009702282467404011 0.019350777297895937
1097 0.2671760430207109 0.16236508791066745 0.0097022824674041 0.019350777297895937
471 0.16525107873452588 0.10022363818752264 0.041088650162155814 0.029165868290882368
64 0.16290732873452587 0.10037383251199664 0.017487508928453722 0.018288925046142525
462 0.21636356534184525 0.12270061304909505 0.03796365016215582 0.028965609191583707
64 0.21403345211132044 0.12206955737356902 0.017487508928453722 0.018288925046142525
1888 0.24343457995234186 0.13657334593023193 0.014280688311602674 0.013401165946843907
1922 0.24476525487126394 0.1497544663805826 0.014280688311602674 0.013401165946843907
1933 0.24687717979018603 0.1628855220561086 0.014280688311602674 0.013401165946843907
218 0.24477889164073913 0.1489732163805826 0.006359094155801337 0.006650518198597277
1406 0.19698627394598742 0.1598396676448869 0.05229888555165916 0.04549177513842757
460 0.22229023701435652 0.1855312800756731 0.03634660308425506 0.025740479641934398
64 0.2215089870143565 0.18558134485049776 0.017487508928453722 0.018288925046142525
1064 0.22909934456283843 0.1530995118770758 0.014280688311602674 0.013401165946843907
1037 0.22964876948176055 0.16633069710225118 0.014253414772652384 0.011838665946843907
1164 0.22778230641339153 0.13913714142672512 0.011128414772652384 0.011638406847545246
683 0.05919990178700887 0.18505731801402714 0.00797614123370205 0.009875647748246586
701 0.06114818547222893 0.2075633736895532 0.00797614123370205 0.009875647748246586
700 0.06386408238797384 0.23080061459025453 0.00797614123370205 0.009875647748246586
699 0.06660725284266908 0.2524753554909559 0.00797614123370205 0.009875647748246586
695 0.06856917329736431 0.27420016116648194 0.00797614123370205 0.009875647748246586
682 0.07050382021310922 0.2974874668420079 0.00797614123370205 0.009875647748246586
2024 0.08052765665827283 0.3491303099944627 0.014253414772652384 0.011838665946843819
241 0.08054129342774799 0.3483490599944627 0.003206820616851025 0.004887759099298705
1716 0.10013895292539461 0.47741599629937215 0.014307961850553053 0.014963665946843818
2052 0.08526792938644427 0.4799297270210408 0.015870461850553054 0.01506379549649317
241 0.08528156615591945 0.4791484770210408 0.004769320616851003 0.004987888648948058
1245 0.08867930154542283 0.4633232179217421 0.03631932954530477 0.0241779796419344
1560 0.08538493182207625 0.5626420974713915 0.012963650162155772 0.027363536397194466
1561 0.09634970536102658 0.5603786906238462 0.012963650162155772 0.027363536397194466
1562 0.10731447889997692 0.5581152837763008 0.012963650162155815 0.027363536397194466
2791 0.07840822889997692 0.5599676804448134 0.003206820616851025 0.004887759099298705
2791 0.08937300243892728 0.557704273597268 0.0032068206168510026 0.004887759099298705
2791 0.10111902597787761 0.5553908019748983 0.0032068206168510026 0.004887759099298705
31 0.7471635519491647 0.11443781616832586 0.028643197240056394 0.03148983189368777
54 0.7181209342544129 0.1241027128368383 0.017487508928453722 0.018288925046142525
353 0.5712243892051071 0.045333770053523806 0.017487508928453722 0.018288925046142535
353 0.5265840450493058 0.05443746221852945 0.017487508928453722 0.018288925046142525
174 0.3488681481335609 0.04241473087855206 0.018886367694751716 0.009014054595791854
250 0.3463880304388092 0.05037742520302605 0.014226141233702094 0.010276165946843885
174 0.2008437053577313 0.07297072332041292 0.020503414772652384 0.012239184145441184
238 0.19834995089350443 0.0817146676448869 0.015815914772652383 0.011938795496493215
498 0.7758828413164276 0.16800410472498878 0.06389095048646745 0.08369268198597286
391 0.7218402236216759 0.17927107418789034 0.06227390340856651 0.08046755243632356
475 0.6693873794658745 0.18887541410114259 0.05914890340856669 0.08026729333702484
483 0.6774941599046838 0.26093088680324666 0.05909435633066593 0.0771422933370249
414 0.6856418506519184 0.33064260950535074 0.05914890340856651 0.0802672933370249
417 0.6945162443212525 0.4034292674326302 0.06062958279171564 0.07567992288667433
4440 0.745710146104966 0.10828794571797518 0.037082988635914305 0.0679279796419344
1460 0.78197492857237 0.0872349660760408 0.05950345941492117 0.1005797933370249
388 0.7165857077933633 0.12264034238648762 0.025954573863261922 0.056289572794389155
387 0.6876385474849378 0.12683648905500006 0.02600912094116268 0.05941457279438915
386 0.6586368400986116 0.1341576357235125 0.025954573863261922 0.056289572794389106
498 0.628908429790186 0.13840384716684961 0.025954573863261922 0.056289572794389106
1228 0.6609999553577313 0.047622066242155 0.1297886858759707 0.09524413248431
1205 0.5710334744324548 0.0660710788113688 0.05415348620028233 0.1321421576227376
1206 0.5264067670461285 0.07067298966869628 0.0573057597392328 0.14134597933739257
1241 0.2792999419650507 0.0936954310631222 0.1271273360381265 0.12988536397194567
1795 0.20225620089350443 0.08146434377076359 0.03826365909060954 0.046153109191583705
470 0.2257055633132504 0.21340595620154978 0.03634660308425506 0.025740479641934398
64 0.22414306331325035 0.21350608575119914 0.017487508928453722 0.018288925046142525
485 0.1864600568204286 0.31580906539313347 0.03637387662320544 0.0273029796419344
467 0.23320837175523676 0.2753552436784785 0.03952615016215581 0.029065738741233017
64 0.23087825852471192 0.2747241880029525 0.017487508928453722 0.018288925046142525
64 0.1864600568204286 0.31580906539313347 0.017487508928453722 0.018288925046142525
1409 0.20715043222581805 0.24815119602251698 0.05232615909060954 0.04705427513842757
1073 0.23978565422264086 0.25620472547988127 0.014280688311602674 0.013401165946843907
1075 0.2376873660731939 0.24229241980435523 0.014280688311602674 0.013401165946843907
1100 0.23793282792374698 0.22822991980435522 0.011128414772652384 0.011638406847545291
1247 0.07371459496987554 0.3370808929678846 0.03796365016215577 0.028965609191583752
1272 0.0785696903434929 0.371886689544112 0.026835235389503387 0.01732720234403846
1380 0.13357261039115104 0.21618859963085973 0.1190341923687925 0.20272208667404978
1378 0.4444516091733351 0.1549066340254695 0.11588191882984215 0.20095932757475116
1379 0.46388958157719495 0.3378297555555544 0.11900691882984216 0.2011595866740498
1410 0.38020214854059803 0.21443063078626698 0.050790932629559825 0.04851664558877822
1408 0.3903117597425279 0.3058671591638971 0.04917388555165925 0.045291516039128954
3208 0.34593051420675475 0.30012710132890275 0.006468188311602674 0.012900518198597232
3209 0.3472475523562017 0.3140894717792534 0.006468188311602674 0.012900518198597232
3212 0.35327936404459903 0.32618895358065614 0.0064136412337020944 0.009775518198597321
1083 0.35844415097623 0.29854481493170815 0.014280688311602674 0.013401165946843907
1084 0.3605560758951521 0.3116758706072342 0.014307961850553053 0.014963665946843906
1087 0.36032425081407415 0.3249571206072342 0.011128414772652384 0.011638406847545291
873 0.3400157049539895 0.37073998997785074 0.01129205600635439 0.02101340684754529
476 0.37174299188562043 0.3413936489848643 0.03793637662320544 0.02740310919158375
477 0.3743907049539895 0.36853713988556563 0.03790910308425506 0.025840609191583663
64 0.3717566286550956 0.3406123989848643 0.017487508928453722 0.018288925046142525
64 0.37518559172346466 0.36770582511074096 0.017487508928453722 0.018288925046142525
1089 0.36778614894763506 0.3892501580841629 0.014307961850553053 0.014963665946843906
1090 0.3691168238665572 0.40243127853451366 0.015870461850553054 0.01506379549649317
3223 0.35949636201600416 0.4170945558324096 0.004851141233702094 0.009675388648948059
1098 0.36966624878547927 0.41566246375968896 0.009511367694751716 0.008413277297895937
1412 0.3996673944834082 0.39579125231635187 0.05073638555165916 0.045391645588778305
478 0.38109862662650074 0.431317742137319 0.03796365016215582 0.028965609191583752
64 0.3818935133959759 0.4304864273624943 0.017487508928453722 0.018288925046142525
377 0.3528918060096497 0.43780757403100684 0.02225682954530477 0.023276813695090583
798 0.4047991793864442 0.45945323411775457 0.006468188311602674 0.01290051819859741
800 0.34998894846116774 0.4699890183554808 0.008030688311602674 0.013000647748246585
801 0.3539400629095086 0.5118761297065328 0.008030688311602674 0.013000647748246764
2903 0.4075287130716644 0.4819092250184559 0.011073867694751627 0.008513406847545113
799 0.408119048299012 0.4927966602436313 0.00805796185055314 0.014563147748246585
1403 0.3793628027632388 0.4860553069121437 0.05454322402541774 0.08465440468807692
145 0.3738122321463878 0.4910932603359163 0.019622753246410874 0.05120155459579188
1243 0.30382306047387664 0.43236790484496046 0.09348081330995513 0.2588323843300113
481 0.4345685000032953 0.4528632726744174 0.03952615016215581 0.029065738741233103
482 0.4381201939969409 0.4729254488002942 0.041088650162155814 0.029165868290882458
64 0.4353633867727704 0.45203195789959283 0.017487508928453722 0.018288925046142525
64 0.4381065572274657 0.47370669880029415 0.017487508928453722 0.018288925046142525
1389 0.24320888880136535 0.37304177205610867 0.04187958279171564 0.07447836829088228
1392 0.25057532954860007 0.4428035595330373 0.04187958279171564 0.07447836829088246
874 0.25181232143092525 0.327228624307862 0.011292056006354478 0.02101340684754529
4465 0.2015395860414218 0.3460577698966403 0.01913182954530477 0.023076554595791877
4297 0.20097652435302454 0.33360783467146493 0.006359094155801337 0.006650518198597233
553 0.20502309618769154 0.37002619602251696 0.01603410308425506 0.024438795496493172
555 0.20842478571711026 0.3986821221483937 0.01603410308425506 0.024438795496493172
557 0.21104522524652897 0.4273881130490951 0.01441705600635439 0.021213665946843818
558 0.21377475893174905 0.44984410394979635 0.016006829545304767 0.02287629549649317
211 0.2042418461876915 0.3700762607973417 0.004851141233702094 0.009675388648947968
211 0.20762989894763512 0.3995134369232184 0.004851141233702094 0.00967538864894788
245 0.21103158847705378 0.4281693630490951 0.004851141233702094 0.009675388648948059
245 0.212993508931749 0.44989416872462107 0.004851141233702094 0.009675388648948059
2090 0.18744981250247145 0.34852143584348416 0.01129205600635439 0.02101340684754529
4145 0.17592197727512385 0.33833490746585404 0.009511367694751716 0.008413277297895937
2177 0.17647140219404595 0.3515660926910294 0.011292056006354434 0.02101340684754529
2170 0.1670691286550956 0.35372936998892535 0.01129205600635439 0.02101340684754529
241 0.18821742573299632 0.3492526210686595 0.003234094155801337 0.006450259099298705
245 0.17647140219404595 0.35156609269102945 0.004796594155801337 0.006550388648947969
263 0.1670691286550956 0.35372936998892535 0.003234094155801337 0.006450259099298705
2185 0.19078331818451433 0.3810836119693609 0.009729556006354435 0.020913277297895938
206 0.19076968141503917 0.38186486196936087 0.00485114123370205 0.009675388648947968
206 0.19340375771393303 0.4097896028700623 0.00485114123370205 0.009675388648948059
1933 0.1933764841749827 0.4113521028700623 0.008085235389503388 0.016125647748246763
2190 0.19607874432125244 0.4353705937707636 0.00967500892845372 0.01778827729789594
3889 0.1863452341749827 0.4118026858434842 0.008030688311602719 0.013000647748246585
245 0.19607874432125244 0.4353705937707636 0.006386367694751716 0.00821301819859741
4166 0.1796452207823021 0.4379844540420814 0.008030688311602719 0.013000647748246764
2198 0.18590885755177725 0.4368026858434842 0.0097022824674041 0.019350777297895937
245 0.18589522078230208 0.4375839358434842 0.006386367694751716 0.008213018198597233
780 0.21639697281089698 0.3443252891749718 0.01129205600635439 0.02101340684754529
778 0.21963502110661365 0.38235621530084846 0.0097022824674041 0.019350777297895937
781 0.22450375324970614 0.41638076187707573 0.011292056006354478 0.021013406847545112
779 0.228454867698047 0.4582678732281279 0.01129205600635439 0.021013406847545112
2100 0.22470257630218918 0.4944056323274265 0.014280688311602674 0.013401165946843818
2111 0.22603325122111126 0.5075867527777772 0.014280688311602674 0.013401165946843818
206 0.2247298498411395 0.4928431323274265 0.006359094155801337 0.006650518198597233
206 0.22682813799058646 0.5067554380029525 0.006359094155801337 0.0066505181985974104
2364 0.1532599987854793 0.4295304063861199 0.038828495128736054 0.1679279796419344
2195 0.08729230519887081 0.5874919031469175 0.011292056006354434 0.02101340684754529
2194 0.09827071550729631 0.5844472462993722 0.011292056006354434 0.021013406847545112
2193 0.10845423904624667 0.5822339042266516 0.01129205600635439 0.02101340684754529
221 0.10923548904624666 0.5821838394518271 0.0048511412337020055 0.009675388648948059
221 0.09825707873782115 0.5852284962993721 0.00485114123370205 0.009675388648948059
221 0.08808719196834598 0.5866605883720928 0.00485114123370205 0.009675388648948059
201 0.13661619521475687 0.5336066371077884 0.011073867694751716 0.00851340684754529
1780 0.13727471428948032 0.5405878223329638 0.03670115909060954 0.0460529796419344
1164 0.11940537581572182 0.5807517473791064 0.01129205600635439 0.021013406847545112
1164 0.11981447889997691 0.5573142473791064 0.011101141233702006 0.010075906847545113
1465 0.1318781022767715 0.5815132109819118 0.016143197240056483 0.03068879549649317
281 0.13109685227677148 0.5815632757567364 0.008085235389503431 0.016125647748246586
2016 0.14222526704942387 0.5699248689091913 0.0097022824674041 0.019350777297895937
1073 0.1466263948904453 0.5860307302602432 0.014280688311602719 0.013401165946843818
2041 0.1524087905883742 0.5677115268364706 0.01129205600635439 0.02101340684754529
245 0.15161390381889905 0.5685428416112952 0.006386367694751716 0.00821301819859741
263 0.14299288027994872 0.5706560541343665 0.003234094155801337 0.006450259099298705
755 0.1709406022767715 0.5790099722406787 0.011128414772652384 0.011638406847545291
754 0.16566276704942387 0.5684229256644514 0.015870461850553054 0.01506379549649317
757 0.18046165260108304 0.5253342597176075 0.011292056006354434 0.02101340684754529
2862 0.1937565393705582 0.5237019085455883 0.006468188311602718 0.012900518198597232
758 0.18827415260108304 0.5248336119693608 0.008030688311602719 0.013000647748246585
363 0.16479574229265753 0.5286793052141008 0.02225682954530477 0.023276813695090583
769 0.1014951270335378 0.6232594224252489 0.03492047077900677 0.03345285009228505
1393 0.20620594643257287 0.570507057373569 0.07030459172016937 0.0934682001845701
196 0.20698719643257285 0.5704569925987444 0.04155230032431154 0.05572836829088246
4047 0.2511326627473528 0.5449971152085633 0.008030688311602674 0.013000647748246585
2081 0.2425116392084024 0.5471103277316347 0.014280688311602674 0.013401165946843818
208 0.24251163920840244 0.5471103277316347 0.006359094155801337 0.0066505181985974104
753 0.2422525405883742 0.5619540777316346 0.011128414772652384 0.011638406847545291
1164 0.24517298904624668 0.573472568632336 0.014307961850553053 0.014963665946843818
2644 0.28395879951682795 0.5421131446659275 0.004742047077900669 0.0034253886489480577
2645 0.34810312013367894 0.5333203331303055 0.006413641233702005 0.009775518198597233
1780 0.27878828409555245 0.6595009037652263 0.011128414772652384 0.011638406847545291
1397 0.31999571104306945 0.5788226002491685 0.05561480032431163 0.05662953423772628
1164 0.3256184196472116 0.6143595820505713 0.009729556006354478 0.020913277297895938
378 0.3561280799556371 0.6100633058324096 0.02225682954530477 0.023276813695090583
26 0.1632468790621327 0.52799818476375 0.011128414772652384 0.011638406847545291
26 0.35534682995563716 0.6101133706072341 0.011128414772652384 0.011638406847545291
1404 0.36179742735784937 0.5535129171834615 0.014417056006354479 0.021213665946843818
301 0.36101617735784935 0.5535629819582862 0.008085235389503431 0.016125647748246586
808 0.3631417390462467 0.5659127876338123 0.009511367694751716 0.008413277297895937
2912 0.3630190081209701 0.5729440376338123 0.009511367694751627 0.008413277297895937
2150 0.7734884983784422 0.21576048427463812 0.011292056006354478 0.02101340684754529
2145 0.7633049748394919 0.21797382634735865 0.0112920560063543 0.02101340684754529
2123 0.7539299748394919 0.21857460364525458 0.0112920560063543 0.02101340684754529
2080 0.7761634849857616 0.2413414751753394 0.009729556006354301 0.020913277297895938
2234 0.7230657585247119 0.24318337986341634 0.02058523538950343 0.01692668414544123
214 0.7230793952941872 0.24240212986341633 0.006359094155801515 0.006650518198597233
245 0.7828907719173925 0.21359720697674217 0.0063863676947516265 0.008213018198597233
208 0.7735021351479174 0.21497923427463808 0.0063863676947516265 0.008213018198597322
208 0.764099861608967 0.217142511572534 0.003234094155801337 0.006450259099298616
1780 0.7581129143689106 0.2471804649963066 0.008112508928453721 0.017688147748246584
763 0.7434191688331374 0.2395379457179752 0.02055796185055314 0.015364184145441228
774 0.7470799569825843 0.2533501218438519 0.014307961850553141 0.014963665946843818
2234 0.7667612114468112 0.24350475247323536 0.012881829545304768 0.022676036397194555
864 0.7875549525183575 0.25934050355296956 0.011292056006354478 0.02101340684754529
807 0.7781935892878327 0.2591600308508655 0.008030688311602674 0.013000647748246585
2911 0.7780299480541306 0.2685350308508655 0.006359094155801337 0.006650518198597233
1376 0.7272856542226409 0.22496430598929304 0.047393197240056396 0.03269138648947969
845 0.7005867865278892 0.23447900833333152 0.009729556006354478 0.020913277297895938
818 0.7273850657488824 0.26397674121446835 0.009729556006354301 0.020913277297895938
852 0.712722547891975 0.29925290716131225 0.02055796185055314 0.015364184145441228
3036 0.7029617642067547 0.2772474992340329 0.011101141233702094 0.01007590684754529
929 0.7113918729730527 0.2860717867109616 0.02055796185055314 0.015364184145441228
3756 0.7047151789794072 0.26620986968438354 0.004851141233702094 0.009675388648947968
4444 0.714857792209932 0.26634027761166296 0.019159103084255058 0.024639054595791875
2856 0.7209577877457052 0.2745335094130657 0.007976141233702095 0.009875647748246586
752 0.7278799435899037 0.2803329264396437 0.011101141233702094 0.01007590684754529
1164 0.730005505278301 0.29268273211516976 0.011128414772652384 0.011638406847545291
1164 0.7313634537361735 0.3043013525655204 0.011128414772652384 0.011638406847545291
1014 0.7326804918856205 0.31826372301587114 0.011292056006354478 0.02101340684754529
1043 0.7354236623403156 0.33993846391657245 0.009729556006354478 0.020913277297895938
3757 0.7107918551161452 0.3204467867109616 0.004851141233702094 0.009675388648947968
4445 0.7201532183466701 0.3206272594130657 0.017596603084255237 0.024538925046142523
411 0.7243634314150391 0.3476706207641177 0.017705697240056394 0.030788925046142522
1385 0.7566225523562017 0.28785552977113127 0.046485262174864594 0.07009125693983034
125 0.7566907362035776 0.28394927977113127 0.0240920649348082 0.039001943244739844
4317 0.7786475568204286 0.2778599660760408 0.011155688311602675 0.013200906847545291
696 0.7816225523562018 0.2862534569767422 0.007976141233702095 0.009875647748246586
697 0.7829941375835494 0.2970908274270928 0.007976141233702095 0.009875647748246586
2989 0.7893259582004004 0.29200280922849553 0.006331820616851047 0.0050880181985973215
3100 0.7900253875835495 0.29664024445367093 0.006359094155801515 0.006650518198597233
886 0.7886947126646272 0.2834591240033202 0.008030688311602674 0.013000647748246585
992 0.7914106095803721 0.3066963649040216 0.008030688311602674 0.013000647748246585
2211 0.7965072126646273 0.2829584762550736 0.008112508928453721 0.017688147748246584
1818 0.7984964066582728 0.3031207819305996 0.009702282467404188 0.019350777297895937
278 0.7972748258951521 0.28368966148024893 0.004823867694751627 0.00811288864894788
278 0.7992776566582729 0.30307071715577494 0.004823867694751627 0.008112888648947969
1867 0.8078714066582728 0.30252000463270373 0.009729556006354301 0.020913277297895938
1866 0.8066770994341024 0.281526384182353 0.009729556006354301 0.020913277297895938
1164 0.7850242418856205 0.31490938310261885 0.006468188311602674 0.012900518198597322
1386 0.7754622812528834 0.3709288456256901 0.03985343262955983 0.047815738741233016
166 0.7762435312528834 0.37087878085086545 0.016088650162155816 0.02756379549649317
1829 0.7956753697266418 0.3306147262550736 0.011319329545304768 0.02257590684754529
1851 0.7870679829571667 0.33194668877814487 0.0112920560063543 0.02101340684754529
1865 0.7768844594182164 0.3341600308508655 0.009729556006354478 0.020913277297895938
1840 0.7675094594182164 0.3347608081487614 0.011292056006354478 0.02101340684754529
1582 0.7596969594182164 0.335261455897008 0.008085235389503431 0.016125647748246586
2878 0.7579571814150391 0.3455178354466573 0.006359094155801515 0.006650518198597322
2061 0.8046958137202875 0.3503264489571777 0.014280688311602674 0.013401165946843818
208 0.8046958137202875 0.3503264489571777 0.006359094155801159 0.006650518198597233
2036 0.8066986444834082 0.3697075046327037 0.014253414772652207 0.011838665946843907
2033 0.808701475246529 0.3890885603082297 0.014253414772652207 0.011838665946843819
2025 0.8114719192401745 0.4092008012089311 0.014280688311602674 0.013401165946843818
1994 0.81267986323382 0.4294131716592817 0.01428068831160303 0.013401165946843818
208 0.8074798944834083 0.369657439857879 0.006359094155801159 0.006650518198597233
208 0.809482725246529 0.3890384955334051 0.006359094155801159 0.006650518198597322
245 0.8114855560096498 0.4084195512089311 0.006359094155801159 0.006650518198597233
245 0.8134747500032953 0.42858185688445705 0.006359094155801515 0.0066505181985974104
1345 0.8864719192401745 0.4043945828257637 0.12226828652459396 0.20917234577334848
1110 0.7936531737044014 0.4017585410298983 0.0112920560063543 0.02101340684754529
1102 0.7591008957012242 0.4141176411221833 0.014307961850553141 0.014963665946843818
485 0.7410230515454229 0.4215191309431505 0.0222295560063543 0.02171431369509058
25 0.7417906647759477 0.42225031616832587 0.011128414772652384 0.011638406847545291
498 0.7772060133959758 0.4051536513012161 0.0222295560063543 0.02171431369509058
25 0.778782150165451 0.40427227175156677 0.011128414772652384 0.011638406847545113
1114 0.7446117017075786 0.3947563718438519 0.009729556006354478 0.020913277297895938
3242 0.7348781915613088 0.37118846391657245 0.006468188311602674 0.012900518198597232
1117 0.7418548944834082 0.3738628809431505 0.0112920560063543 0.02101340684754529
3241 0.7491316063339613 0.35934979796972855 0.009511367694751627 0.008413277297895937
1116 0.7512435312528833 0.3724808536452546 0.009729556006354478 0.020913277297895938
1115 0.7532190884770538 0.39342440932078065 0.009729556006354301 0.020913277297895938
3240 0.764102041399153 0.39584850247323533 0.011128414772652384 0.011638406847545291
1840 0.7265474943212524 0.401376611664819 0.02055796185055314 0.015364184145441228
3800 0.72518954586338 0.38975799121446836 0.011101141233702094 0.01007590684754529
266 0.7273287443212524 0.4013265468899944 0.006359094155801337 0.006650518198597233
2234 0.7245992106360324 0.37887055598929303 0.017432961850553142 0.015163925046142524
266 0.7246128474055075 0.378089305989293 0.006359094155801515 0.006650518198597233
1164 0.7932986176980471 0.4220710410298983 0.014280688311602674 0.013401165946843818
1104 0.7776463441590966 0.42463483652639145 0.014307961850553141 0.014963665946843818
3229 0.7690525941590967 0.4251855490494627 0.006468188311602674 0.01290051819859741
1413 0.7840366659937636 0.46090300355296954 0.046485262174864775 0.07009125693983034
167 0.7855718924548134 0.4623653740033202 0.024201159090609537 0.04525194324473993
1164 0.7354900718379623 0.4702570195920985 0.008085235389503431 0.016125647748246586
1164 0.7560343969190402 0.45567408544665733 0.0112920560063543 0.021013406847545112
777 0.6998934910748416 0.4530287492340329 0.011128414772652384 0.011638406847545291
1415 0.7072423409126858 0.4790906014857862 0.05561480032431163 0.05662953423772628
3478 0.6790491570653099 0.48479918337947403 0.006440914772652384 0.011338018198597232
1332 0.1371774825534249 0.6802813780084899 0.12405688311602718 0.13281010487264702
116 0.14344111932290007 0.6790996098098926 0.05122730925276531 0.07351664558877821
1181 0.2841030754914103 0.6232630151162784 0.08592959172016937 0.09446949568106326
744 0.2847519119365739 0.675506635566629 0.015870461850553054 0.01506379549649317
2199 0.23824115057248818 0.6129355868309332 0.011292056006354478 0.021013406847545112
2207 0.24024398133560892 0.6323166425064592 0.009729556006354478 0.020913277297895938
242 0.2402576181050841 0.6315353925064594 0.004823867694751715 0.008112888648948057
1829 0.1933826181050841 0.6345392789959389 0.00485114123370205 0.009675388648948059
759 0.2201633064166868 0.6203370766519004 0.008057961850553052 0.014563147748246763
760 0.1998917167251123 0.6192950107973416 0.014280688311602719 0.013401165946843818
2234 0.19964625487455925 0.6333575107973417 0.00485114123370205 0.009675388648948059
2869 0.2152303445661337 0.6346999653008485 0.004905688311602674 0.012800388648948058
765 0.20973432102718342 0.636612918724621 0.006468188311602674 0.012900518198597232
766 0.21173715179030417 0.6559939744001471 0.008030688311602674 0.013000647748246585
770 0.19867409010190687 0.6443450755721664 0.00951136769475167 0.008413277297895937
771 0.19851044886820485 0.6537200755721664 0.006331820616851047 0.005088018198597411
2871 0.20025418101129736 0.6879448812476923 0.009511367694751716 0.008413277297895937
767 0.1980740722449994 0.6787200755721663 0.008030688311602674 0.013000647748246585
2234 0.20303430763450278 0.6627946869232183 0.0048511412337020055 0.009675388648948059
2234 0.1967706708650276 0.6639764551218157 0.00485114123370205 0.009675388648948059
768 0.20886156778077253 0.686612918724621 0.012963650162155815 0.027363536397194466
745 0.24061612825135378 0.6557040777316347 0.014307961850553141 0.014963665946843818
2137 0.24272805317027593 0.6688351334071607 0.014307961850553053 0.014963665946843818
263 0.24193316640080073 0.6696664481819854 0.004796594155801337 0.0065503886489480575
1470 0.24633429424182215 0.6857723095330372 0.02063978246740401 0.02005168414544123
281 0.24552577070287182 0.687384874307862 0.011073867694751716 0.008513406847545113
746 0.24525303531336845 0.703009874307862 0.014307961850553053 0.014963665946843818
775 0.2217337146965174 0.7091993175526018 0.009729556006354478 0.020913277297895938
2204 0.21234507792704224 0.7105813448504977 0.01129205600635439 0.02101340684754529
255 0.2123314411575671 0.7113625948504978 0.004851141233702094 0.00967538864894788
770 0.2037376911575671 0.7119133073735691 0.011292056006354478 0.02101340684754529
2128 0.28605531331654566 0.6902502560169796 0.015870461850553054 0.01506379549649317
743 0.2881399646965174 0.7049438116925056 0.014307961850553053 0.014963665946843818
263 0.28604167654707047 0.6910315060169797 0.004796594155801337 0.0065503886489480575
1469 0.2688405397775953 0.6929141810631222 0.024228432629559826 0.046814443244739934
343 0.26725076623864497 0.6945768106127715 0.0081397824674041 0.019250647748246762
360 0.2799592719206878 0.7265382094407522 0.03637387662320544 0.0273029796419344
64 0.27761552192068784 0.7266884037652263 0.017487508928453722 0.018288925046142525
361 0.24329506899858852 0.7257662538575114 0.022229556006354477 0.02171431369509058
367 0.21902177192068786 0.7304432618770758 0.022229556006354477 0.02171431369509058
26 0.24251381899858854 0.725816318632336 0.011128414772652384 0.011638406847545291
26 0.21822688515121266 0.7312745766519004 0.011128414772652384 0.011638406847545113
2161 0.19590187175853205 0.758457640346991 0.014280688311602762 0.013401165946843818
2183 0.1810308482195817 0.7609713710686595 0.014280688311602719 0.013401165946843818
2182 0.18382856575217763 0.7795211119693608 0.014280688311602719 0.013401165946843818
2157 0.19715072606060313 0.7763262607973417 0.014280688311602762 0.013401165946843818
205 0.19512062175853204 0.7585077051218156 0.004796594155801337 0.0065503886489480575
205 0.19791833929112798 0.777057446022517 0.004796594155801337 0.0065503886489480575
245 0.18304731575217764 0.7795711767441855 0.004796594155801337 0.0065503886489480575
245 0.18101721145010655 0.7617526210686595 0.004796594155801382 0.0065503886489480575
4221 0.2193705994373977 0.7998743823274264 0.018886367694751716 0.009014054595791876
554 0.21725867451847555 0.7867433266519004 0.01603410308425506 0.024438795496493172
245 0.2172723112879508 0.7859620766519004 0.004851141233702094 0.009675388648948059
761 0.1992490142100501 0.7902385664728676 0.014280688311602762 0.013401165946843818
4467 0.16545071266792252 0.8041101017903282 0.016034103084255104 0.024438795496493172
4467 0.18426889651529837 0.7990022971945363 0.016006829545304767 0.02287629549649317
1374 0.1956740008173695 0.8162200755721664 0.04580342370110611 0.031028756939830517
1164 0.1674399066615681 0.824272407465854 0.014280688311602719 0.013401165946844174
364 0.20232342127206468 0.8376444925987443 0.02384660308425506 0.024939443244739578
1390 0.22565182711626336 0.8423925493540046 0.028970479707460584 0.050239831893687636
782 0.22355749310673173 0.8729614289036538 0.011101141233702006 0.010075906847545113
2192 0.19167624757095858 0.8664203346714651 0.014307961850553053 0.014963665946844174
2187 0.20654727110990895 0.8639066039497963 0.014280688311602674 0.013401165946843818
2186 0.20857737541198001 0.8817251596253225 0.014307961850553141 0.014963665946844174
2188 0.1937063518730297 0.884238890346991 0.014280688311602719 0.013401165946843818
4156 0.19308874310673171 0.8749139551218157 0.009511367694751716 0.008413277297896116
245 0.1924574975709586 0.8663702698966403 0.004796594155801337 0.0065503886489480575
245 0.19370635187302968 0.884238890346991 0.006359094155801337 0.0066505181985974104
205 0.20576602110990896 0.8639566687246211 0.003234094155801337 0.006450259099298705
205 0.20857737541198001 0.8817251596253225 0.004796594155801337 0.0065503886489480575
4454 0.1956819090972001 0.905182446022517 0.017596603084255147 0.024538925046142523
4455 0.1768909987887746 0.9087277506183089 0.017596603084255102 0.024538925046142523
2846 0.21132054586667523 0.9033999005260238 0.012636367694751627 0.00861353639719482
742 0.2099080503309021 0.8949062800756732 0.014280688311602674 0.013401165946844174
556 0.22865805033090214 0.8937047254798813 0.016006829545304767 0.02287629549649317
211 0.22942566356142696 0.8944359107050566 0.004851141233702094 0.009675388648948059
1375 0.20707337662979602 0.9231814744001472 0.04262387662320544 0.02770349784053181
1164 0.179647806012945 0.9296212415190102 0.014280688311602719 0.013401165946843818
498 0.2129688206234416 0.9430934562015498 0.022229556006354477 0.02171431369509058
1199 0.1347989561751008 0.9059624984588405 0.07852619480442447 0.11740634793281686
1198 0.12415355682372389 0.8005135348560352 0.0785534683433748 0.11896884793281685
1669 0.275018807230761 0.9648695242155769 0.014307961850553053 0.014963665946843818
1668 0.2771716424581086 0.975656829891103 0.014253414772652384 0.011838665946844174
1351 0.25927107630548446 0.97290206971207 0.0190772824674041 0.019951554595791877
879 0.41461709538020786 0.9699704295219627 0.014144320616851048 0.005588665946843818
861 0.8077006680256538 0.8487942273348079 0.014280688311602674 0.013401165946844174
856 0.8938290827983062 0.832349602104095 0.014307961850553141 0.014963665946843818
2959 0.8924302240320083 0.8230747316537445 0.012636367694751627 0.008613536397194466
849 0.9565648620192995 0.8595443553432975 0.014307961850553141 0.014963665946844174
1230 0.9664677418889157 0.7839936428202263 0.04000916558343128 0.14615310919158375
1849 0.9471274066615681 0.7743077621908429 0.014280688311602674 0.013401165946843818
1841 0.9466052552815963 0.7595140769656675 0.014280688311602674 0.013401165946843818
276 0.947895019892093 0.7750389474160182 0.00479659415580116 0.0065503886489480575
276 0.9465916185121213 0.7602953269656675 0.00479659415580116 0.0065503886489480575
1856 0.9273467406710998 0.7451406963362841 0.014307961850553141 0.014963665946843818
205 0.9265518539016245 0.7459720111111088 0.00479659415580116 0.0065503886489480575
552 0.9438757215963763 0.7370580860649661 0.017569329545304768 0.022976425046142522
277 0.9438757215963763 0.7370580860649663 0.004851141233702094 0.009675388648948059
4456 0.9246172069858798 0.7226847054355827 0.0175420560063543 0.021413925046142524
1861 0.9411461879111561 0.7146020951642648 0.014280688311602674 0.013401165946843818
3494 0.9244359748427872 0.6883597702104074 0.008085235389503254 0.016125647748246586
1477 0.9153882573101912 0.6702105475083032 0.020939791395857908 0.03723918414544123
1225 0.9165416542259361 0.6935479179586539 0.014362508928453721 0.01808866594684382
1834 0.9024655174564609 0.6952303339054978 0.012881829545304768 0.022676036397194465
241 0.9024655174564611 0.6952303339054978 0.003234094155801159 0.006450259099298705
3765 0.8989274602322906 0.6743869077796211 0.004769320616851047 0.004987888648948058
1664 0.8989138234628153 0.6751681577796211 0.0112920560063543 0.02101340684754529
2919 0.8905518985438932 0.6624376203026924 0.006522735389503253 0.01602551819859723
815 0.8968973559302196 0.656568352104095 0.0112920560063543 0.021013406847545112
1226 0.9359013547124035 0.6127089281376867 0.08146028003177222 0.10666910703211538
1833 0.872474054388092 0.6698391101236596 0.017432961850553142 0.015163925046142524
1835 0.8532155397775952 0.6554657294942761 0.0112920560063543 0.021013406847545112
206 0.8539831530081201 0.6561969147194514 0.004851141233702094 0.009675388648948059
3815 0.8575036193229 0.6333404056201528 0.008139782467404188 0.019250647748246585
1855 0.8512127090144744 0.6360846738187501 0.009729556006354301 0.020913277297895938
210 0.8519939590144745 0.6360346090439254 0.003234094155801159 0.006450259099298705
1181 0.8745274780891981 0.6416139805740103 0.03363070616851012 0.048977720542635696
2851 0.8570087414818787 0.6169842203949775 0.006495461850553141 0.014463018198597234
747 0.8656024914818786 0.6164335078719062 0.011128414772652206 0.011638406847545291
1831 0.8682598871798074 0.5983145635474323 0.0112920560063543 0.021013406847545112
814 0.8909570474882329 0.5945189350775171 0.0112920560063543 0.02101340684754529
1473 0.8791564768713821 0.599957406699887 0.016143197240056396 0.03068879549649317
281 0.8807189768713819 0.5998572771502376 0.008085235389503254 0.016125647748246763
819 0.8302456440796664 0.6748863579641913 0.014307961850553141 0.014963665946843818
820 0.8291877045502478 0.6460802375138406 0.020585235389503253 0.01692668414544123
2925 0.8309683928618504 0.6334801079641913 0.004905688311602674 0.012800388648948058
821 0.8387945296313255 0.6321982102159447 0.011101141233702094 0.01007590684754529
1345 0.7300098648586733 0.6500947139165725 0.09194558684890541 0.26029475478036196
1402 0.6637712102322906 0.689456405001844 0.05457049756436803 0.08621690468807693
113 0.6676774602322906 0.6892060811277206 0.01970457386326192 0.055889054595791875
792 0.6914013323912691 0.6712978878829808 0.008085235389503431 0.016125647748246586
1164 0.6947075645343617 0.7054225640088576 0.008085235389503431 0.016125647748246586
2920 0.703468909907979 0.7399780367109616 0.00967500892845372 0.01778827729789594
816 0.6965876643722059 0.7318348696843835 0.008139782467404188 0.019250647748246585
1164 0.6350013279270422 0.6834963016703564 0.008030688311602674 0.013000647748246585
1164 0.6391160836090851 0.7160084130214084 0.00805796185055314 0.014563147748246585
2910 0.6770564143722059 0.733086489055 0.006468188311602674 0.01290051819859741
806 0.6848689143722059 0.7325858413067534 0.011128414772652384 0.011638406847545113
1401 0.6861859525216528 0.7465482117571041 0.014417056006354479 0.021213665946843818
296 0.6861723157521776 0.7473294617571041 0.006522735389503431 0.01602551819859723
376 0.7064614963531426 0.7920714628368384 0.022229556006354477 0.02171431369509058
26 0.7072154728141923 0.7935838980620137 0.011128414772652384 0.011638406847545291
869 0.7660819582036956 0.7742040399501642 0.014280688311602674 0.013401165946843818
2708 0.7472774111257949 0.778530594545956 0.006468188311602674 0.012900518198597232
870 0.7378887743563198 0.7799126218438518 0.014280688311602674 0.013401165946843818
1387 0.7467319403467881 0.8097805945459559 0.05561480032431163 0.05662953423772628
4457 0.6014933526838087 0.7254427722129921 0.01913182954530477 0.023076554595791877
4458 0.6041819760606032 0.7502425131136935 0.01913182954530477 0.023076554595791877
4459 0.6076245758984473 0.7765546892395702 0.01913182954530477 0.023076554595791877
4460 0.6102995625057668 0.8021356801402716 0.01913182954530477 0.023076554595791877
4461 0.6129745491130861 0.8277166710409729 0.01913182954530477 0.023076554595791877
4462 0.6164444224898806 0.8524663471668497 0.01913182954530477 0.023076554595791877
4463 0.618324522327725 0.8788786528423757 0.01913182954530477 0.023076554595791877
4001 0.8140787220001181 0.43868804210963247 0.009511367694751627 0.008413277297895937
2036 0.8146826939969408 0.44879422733480767 0.01428068831160303 0.013401165946843818
2005 0.8166991615295368 0.46739403301033383 0.014280688311602674 0.013401165946843818
2066 0.8186883555231823 0.4875563386858598 0.014280688311602674 0.013401165946843818
208 0.8154912175358913 0.4471816625599831 0.00479659415580116 0.0065503886489478805
208 0.8194696055231823 0.4875062739110351 0.00479659415580116 0.0065503886489480575
245 0.8174804115295368 0.46734396823550917 0.004796594155801514 0.0065503886489480575
2850 0.7646457378284307 0.4988233081487614 0.009511367694751627 0.008413277297895937
746 0.7660855069031541 0.505754428599112 0.011128414772652384 0.011638406847545291
1396 0.7909764127473528 0.5104023558047229 0.03810001785690744 0.03677810919158375
1350 0.791294012585197 0.5369147910298983 0.01754205600635448 0.021413925046142524
3293 0.8098667345820196 0.5458694864341064 0.006359094155801159 0.006650518198597233
1363 0.8085360596630977 0.5326883659837558 0.01913182954530477 0.023076554595791877
541 0.8324644833642039 0.5030614227390159 0.017569329545304768 0.022976425046142522
211 0.8324508465947286 0.503842672739016 0.004851141233702094 0.00967538864894788
330 0.7921161728936225 0.5345209762550736 0.0064136412337020944 0.009775518198597233
248 0.7927610551988709 0.542283411480249 0.004769320616851047 0.004987888648948058
248 0.8107707155072964 0.5387881716592817 0.004769320616851047 0.004987888648948058
2208 0.824188333202048 0.5301245704872625 0.0112920560063543 0.02101340684754529
2215 0.8414303802799488 0.52589814544112 0.008139782467404188 0.019250647748246585
2879 0.8306565215136509 0.5172240522886653 0.009511367694751981 0.008413277297895937
775 0.8328366302799488 0.5264488579641913 0.008030688311602674 0.013000647748246585
213 0.8249832199715232 0.5292932557124379 0.003234094155801159 0.006450259099298705
213 0.8414303802799488 0.52589814544112 0.003234094155801159 0.006450259099298705
791 0.8500514038188991 0.5237849329180487 0.00805796185055314 0.014563147748246585
811 0.8650997053610265 0.5111149521963801 0.01428068831160303 0.013401165946843818
902 0.836292866887268 0.551979784090068 0.009511367694751981 0.008413277297895937
2205 0.8001138591766302 0.6128264489571776 0.0112920560063543 0.02101340684754529
2225 0.78993033563768 0.6150397910298983 0.012881829545304768 0.022676036397194465
2220 0.77977408563768 0.6156906331026188 0.009729556006354301 0.02091327729789576
2209 0.7703581753292544 0.6186351604005148 0.0112920560063543 0.021013406847545112
221 0.8001138591766302 0.6128264489571776 0.004851141233702094 0.009675388648948059
221 0.7907252224071553 0.6142084762550736 0.004851141233702094 0.009675388648948059
221 0.7805416988682048 0.6164218183277942 0.004851141233702094 0.009675388648948059
221 0.7703581753292544 0.6186351604005148 0.004851141233702094 0.009675388648948059
817 0.7756672382354678 0.6721408922019174 0.014280688311602674 0.013401165946843818
901 0.7777791631543899 0.6852719478774436 0.014280688311602674 0.013401165946843818
1405 0.7912825556059079 0.7164020319305996 0.0400716209411625 0.0603157387412331
812 0.9063423141273246 0.5178365191306732 0.0112920560063543 0.02101340684754529
1471 0.8938832244357501 0.5162938055278677 0.016143197240056396 0.03068879549649317
281 0.8954457244357499 0.5161936759782184 0.006522735389503253 0.016025518198597412
3006 0.8686241258157217 0.532739628322257 0.012636367694751982 0.008613536397194466
903 0.8640729935104735 0.5252275169712048 0.02055796185055314 0.015364184145441228
1821 0.8828775405883743 0.520900962375413 0.0112920560063543 0.021013406847545112
2848 0.8489974184293956 0.5394599976928733 0.006495461850553141 0.014463018198597234
744 0.8567962816599206 0.5397405999446268 0.011128414772652206 0.011638406847545291
3765 0.885511616887268 0.5488257032761144 0.0032068206168510472 0.004887759099298705
1659 0.886279230117793 0.5495568885012897 0.012881829545304768 0.022676036397194465
1476 0.9026854801177929 0.5485055282299719 0.020939791395857908 0.03723918414544123
3492 0.9110201314977647 0.5627985657069006 0.00805796185055314 0.014563147748246585
1223 0.9038116034945874 0.5734053986803225 0.014362508928453721 0.01808866594684382
1824 0.8882547873419633 0.5705004441768157 0.009729556006354301 0.020913277297895938
241 0.8890360373419632 0.5704503794019911 0.003234094155801159 0.006450259099298705
1181 0.8657621785756653 0.5625773226467309 0.033576159090609535 0.04585272054263569
98 0.8657485418061903 0.5633585726467308 0.01619774431795733 0.033813795496493174
1827 0.8462172918061903 0.5646101920173473 0.0112920560063543 0.021013406847545112
1828 0.8360337682672399 0.5668235340900679 0.009729556006354301 0.020913277297895938
1830 0.848220122569311 0.5839912476928734 0.009675008928454076 0.01778827729789594
1826 0.8388178490303606 0.5861545249907694 0.009702282467404188 0.019350777297895937
1825 0.8250144476503888 0.5722119409376132 0.01428068831160303 0.013401165946843818
1823 0.826345122569311 0.5853930613879639 0.01428068831160303 0.013401165946843818
3790 0.8543473916440345 0.5906219794942761 0.011182961850553142 0.014763406847545114
3785 0.8156667211893392 0.5712502182355091 0.006522735389503253 0.016025518198597412
3783 0.8169292122608856 0.5883375886858598 0.006550008928453721 0.017588018198597233
260 0.8360474050367148 0.566042284090068 0.003234094155801159 0.006450259099298705
260 0.8395990990303606 0.5861044602159446 0.004823867694751627 0.00811288864894788
251 0.8249871741114385 0.5737744409376132 0.006331820616851047 0.005088018198597411
251 0.8279212593387861 0.5845116818383145 0.006331820616851047 0.005088018198597411
2978 0.8494417033324317 0.6034223681432241 0.004851141233702094 0.009675388648948059
875 0.8556917033324318 0.6030218499446268 0.00805796185055314 0.014563147748246585
3089 0.8307189768713821 0.6030614227390159 0.004851141233702094 0.00967538864894788
981 0.8416973871798076 0.6000167658914707 0.011101141233702094 0.010075906847545113
1455 0.8414246517903041 0.6156417658914707 0.019159103084255235 0.024639054595791875
245 0.8724604176186169 0.6706203601236596 0.00479659415580116 0.0065503886489480575
205 0.7956753697266419 0.3306147262550736 0.003234094155801337 0.006450259099298616
222 0.7862867329571668 0.33199675355296954 0.004851141233702094 0.009675388648947968
207 0.767482185879266 0.33632330814876144 0.0032340941558015148 0.006450259099298705
26 0.3521241927791249 0.4370763888058315 0.011128414772652384 0.011638406847545113
1164 0.6569946992719466 0.3176512561738632 0.004905688311602674 0.01280038864894797
3221 0.6605833494341024 0.29088849707456454 0.011182961850553142 0.01476340684754529
1164 0.6693759224865854 0.36836265500184395 0.006359094155801337 0.006650518198597322
1164 0.670747507713933 0.37920002545219467 0.009511367694751627 0.008413277297895937
1164 0.6539163380700167 0.22576414482281115 0.009511367694751627 0.008413277297895937
1164 0.6553015600668395 0.23582026527316186 0.009511367694751627 0.008413277297895937
1164 0.6407402280859028 0.17588406076965504 0.004905688311602674 0.01280038864894797
2234 0.646294752842669 0.21532729257105773 0.004905688311602674 0.01280038864894797
512 0.1638024379111562 0.764416546114802 0.02055796185055305 0.015364184145441228
511 0.16660015544375212 0.7829662870155034 0.02058523538950343 0.01692668414544123
507 0.821924224028713 0.3468812739110351 0.02055796185055314 0.015364184145441228
516 0.8239134180223585 0.3670435795865612 0.01899546185055314 0.015264054595791877
517 0.8259298855549545 0.3856433852620872 0.01899546185055314 0.015264054595791877
518 0.8279327163180753 0.40502444093761325 0.01899546185055314 0.015264054595791877
519 0.8299082735422456 0.4259679966131392 0.01899546185055314 0.015264054595791877
520 0.8319247410748416 0.44456780228866516 0.02055796185055314 0.015364184145441228
521 0.8339139350684871 0.46473010796419134 0.02055796185055314 0.015364184145441228
522 0.8359304026010829 0.4833299136397173 0.020585235389503253 0.01692668414544123
513 0.1767915872625331 0.8697153153931335 0.0222022824674041 0.02015181369509058
524 0.17727282833407934 0.8868527506183088 0.02055796185055305 0.015364184145441228
2508 0.2593955815804902 0.8316460140365441 0.03345915665497756 0.12856509099298635
123 0.2271734168078378 0.8446361698043553 0.01597955600635448 0.021313795496493527
2644 0.9813875840161221 0.8680985325489085 0.004769320616851047 0.004987888648948058
2700 0.9719853104771718 0.8702618098468043 0.007948867694751626 0.008313147748246763
514 0.21901781778077253 0.6859620766519005 0.012963650162155815 0.027363536397194466
510 0.8049566866900448 0.2012578932816517 0.020585235389503253 0.01692668414544123
509 0.8077407674531656 0.22058888418235298 0.020585235389503253 0.01692668414544123
508 0.8097299614468113 0.24075118985787905 0.020585235389503253 0.01692668414544123
523 0.8125140422099321 0.26008218075858036 0.020585235389503253 0.01692668414544114
515 0.8320672426996947 0.659942478414542 0.020585235389503253 0.01692668414544123
1796 0.3502533701303837 0.052470851328902744 0.03670115909060954 0.0460529796419344